CMS_EXO26004_Background_rpf_2x0_par0: 0.05772837264894633 +/- 0.010674689461329977
CMS_EXO26004_Background_rpf_2x0_par1: 0.9995293011465186 +/- 0.17760436779180594
CMS_EXO26004_Background_rpf_2x0_par2: -0.9069561214491516 +/- 0.16740563455128138
CMS_EXO26004_Background_rpf_2x0_par3: 1.4751028310103906 +/- 0.2676807858156327
