CMS_EXO26004_Background_rpf_2x0_par0: 0.0007134443385884231 +/- 0.0002122363391538867
CMS_EXO26004_Background_rpf_2x0_par1: 0.015062271248852942 +/- 0.010758431144596844
CMS_EXO26004_Background_rpf_2x0_par2: -2.0596267251729214e-05 +/- 4.40740134261329
