CMS_EXO26004_Background_rpf_2x0_par0: 0.08660999201414996 +/- 0.4422731135377503
CMS_EXO26004_Background_rpf_2x0_par1: 0.5155730284727466 +/- 2.7177972396075463
CMS_EXO26004_Background_rpf_2x0_par2: -0.1820501539554998 +/- 1.0453064293816992
CMS_EXO26004_Background_rpf_2x0_par3: 0.0014031684726039026 +/- 0.007228789998910008
