CMS_EXO26004_Background_rpf_2x0_par0: 0.05799693707290313 +/- 0.0011262834676776957
CMS_EXO26004_Background_rpf_2x0_par1: 0.9273177175661085 +/- 0.04876663092382841
CMS_EXO26004_Background_rpf_2x0_par2: -0.8263503888326512 +/- 0.0750262455469359
CMS_EXO26004_Background_rpf_2x0_par3: 1.4891607325355511 +/- 0.0
