CMS_EXO26004_Background_rpf_2x0_par0: 0.0007933112780777129 +/- 0.000174072191932471
CMS_EXO26004_Background_rpf_2x0_par1: 0.00830959498242118 +/- 0.009249911788589905
