CMS_EXO26004_Background_rpf_2x0_par0: 0.0009210580965105289 +/- 0.00018039217192816024
CMS_EXO26004_Background_rpf_2x0_par1: 0.003345542545557212 +/- 0.00601608945935352
CMS_EXO26004_Background_rpf_2x0_par2: 0.020542197676146512 +/- 0.0
