CMS_EXO26004_Background_rpf_2x0_par0: 0.09685172242595877 +/- 0.03845014569630492
CMS_EXO26004_Background_rpf_2x0_par1: 0.5153072735571694 +/- 2.637743182635847
CMS_EXO26004_Background_rpf_2x0_par2: -0.01771486840220599 +/- 30.095016267349344
CMS_EXO26004_Background_rpf_2x0_par3: 0.009345761627983533 +/- 0.0
