CMS_AN23122_Background_rpf_2x0_par0: 0.058215154435617915 +/- 0.021894201177068643
CMS_AN23122_Background_rpf_2x0_par1: 0.5293012841184417 +/- 1.9143483583044638
CMS_AN23122_Background_rpf_2x0_par2: -1.2111187522919481e-08 +/- 22.694126805666812
CMS_AN23122_Background_rpf_2x0_par3: 0.013241099874525302 +/- 0.0
