CMS_EXO26004_Background_rpf_2x0_par0: 0.0007189771525917578 +/- 0.00018454164715611218
CMS_EXO26004_Background_rpf_2x0_par1: 0.014471114909834843 +/- 0.009150090209984694
CMS_EXO26004_Background_rpf_2x0_par2: -7.000882949872783e-08 +/- 4.197273774831828
