CMS_EXO26004_Background_rpf_2x0_par0: 0.0009054017259364753 +/- 0.00012484625953494046
CMS_EXO26004_Background_rpf_2x0_par1: 2.30235478712636e-09 +/- 0.0
CMS_EXO26004_Background_rpf_2x0_par2: 0.11480150827142177 +/- 0.14156056490342
