CMS_EXO26004_Background_rpf_2x0_par0: 0.042788467335673465 +/- 0.012521828300857494
CMS_EXO26004_Background_rpf_2x0_par1: 0.5000742857070786 +/- 0.6068485264461875
CMS_EXO26004_Background_rpf_2x0_par2: -1.3776370745175945e-07 +/- 0.0
CMS_EXO26004_Background_rpf_2x0_par3: 0.018743873845954297 +/- 0.0
