CMS_EXO26004_Background_rpf_2x0_par0: 0.0007872840246857276 +/- 0.0001672327805794073
CMS_EXO26004_Background_rpf_2x0_par1: 0.0093127216437673 +/- 0.008171900576458786
