CMS_EXO26004_Background_rpf_2x0_par0: 0.0008953319392616461 +/- 0.00037527097484806846
CMS_EXO26004_Background_rpf_2x0_par1: 6.298967087942781e-09 +/- 0.024425374520210118
CMS_EXO26004_Background_rpf_2x0_par2: 0.14791522964054848 +/- 0.2507078268691968
