CMS_AN23122_Background_rpf_2x0_par0: 8.723884295675537 +/- 17.983770469911214
CMS_AN23122_Background_rpf_2x0_par1: 50.00004275145727 +/- 0.0
CMS_AN23122_Background_rpf_2x0_par3: 0.0001645684084801866 +/- 0.00031701466777903564
