CMS_AN23122_Background_rpf_2x0_par0: 10.955539363549708 +/- 42.83297638648429
CMS_AN23122_Background_rpf_2x0_par1: 50.01336444231079 +/- 248.8703310545227
CMS_AN23122_Background_rpf_2x0_par3: 0.00013305193390407216 +/- 0.0005310603157247407
