CMS_EXO26004_Background_rpf_2x0_par0: 0.023316950700207395 +/- 0.012408340495020013
CMS_EXO26004_Background_rpf_2x0_par1: 0.5054498367575125 +/- 0.81854813873551
CMS_EXO26004_Background_rpf_2x0_par2: -7.618794337083123e-08 +/- 5.747621395182525
CMS_EXO26004_Background_rpf_2x0_par3: 0.030387847541708733 +/- 0.0
