CMS_EXO26004_Background_rpf_2x0_par0: 0.0006984841475057154 +/- 0.00017756345347217587
CMS_EXO26004_Background_rpf_2x0_par1: 0.016195413077422074 +/- 0.008765456380116938
CMS_EXO26004_Background_rpf_2x0_par2: -1.3444106938820255e-17 +/- 2.6698202552107677
