Background_rpf_2x0_par0: 0.4991059855203108 +/- 0.061381034804224105
Background_rpf_2x0_par1: 17.21138075774938 +/- 4.0407119369070985
Background_rpf_2x0_par2: -4.999984380811068 +/- 52.57148451804198
Background_rpf_2x0_par3: 0.14366173521418166 +/- 0.0
