Background_rpf_2x0_par0: 1.0921884102728638 +/- 0.06058309261850623
Background_rpf_2x0_par1: 38.68267249810888 +/- 2.6367883723617833
Background_rpf_2x0_par2: -19.99997010210925 +/- 0.0
Background_rpf_2x0_par3: 0.06506047478639075 +/- 0.0
