Background_rpf_2x0_par0: 0.3221247532073951 +/- 0.4557102514410214
Background_rpf_2x0_par1: 12.960450881931598 +/- 18.48022034331211
Background_rpf_2x0_par2: -34.01794023431175 +/- 59.85854450919829
Background_rpf_2x0_par3: 0.21595875618349822 +/- 0.3058165447305454
