Background_rpf_2x0_par0: 0.9969003486578207 +/- 0.0328109754126009
Background_rpf_2x0_par1: 50.29728673897605 +/- 0.0
Background_rpf_2x0_par2: -49.999926798560004 +/- 49.61755534897614
Background_rpf_2x0_par3: 0.06078939091047355 +/- 0.0
