Background_rpf_2x0_par0: 100.0 +/- 8.815637514278936
Background_rpf_2x0_par1: 50.0 +/- 0.0
Background_rpf_2x0_par2: -49.99999999999976 +/- 0.0
Background_rpf_2x0_par3: 0.0019014253181343951 +/- 0.00016688587979532145
