Background_rpf_2x0_par0: 0.08810685254578961 +/- 0.011252979314400488
Background_rpf_2x0_par1: 14.089322350087953 +/- 0.5004869867026404
Background_rpf_2x0_par2: -97.66988858412094 +/- 0.0
Background_rpf_2x0_par3: 0.36615761487820614 +/- 0.0
