Background_rpf_2x0_par0: 2.694445000220602 +/- 6.672920125011352
Background_rpf_2x0_par1: 61.773115944768 +/- 198.79021328931185
Background_rpf_2x0_par2: -0.00020866701705319485 +/- 454.834422954459
Background_rpf_2x0_par3: 0.03554043010828544 +/- 0.09498382511608666
