Background_rpf_2x0_par0: 2.9805971487234717 +/- 0.9164185470822535
Background_rpf_2x0_par1: 99.99998587622397 +/- 28.23078182572916
Background_rpf_2x0_par2: -4.998304468052285 +/- 0.0
Background_rpf_2x0_par3: 0.024275679445593983 +/- 0.007058139725814666
