Background_rpf_2x0_par0: 0.0822026880142291 +/- 0.031035899848840632
Background_rpf_2x0_par1: 13.101644429462317 +/- 0.0
Background_rpf_2x0_par2: -90.76431010107217 +/- 8.568661903101212
Background_rpf_2x0_par3: 0.3933971393989604 +/- 0.04328537649594412
