Background_rpf_2x0_par0: 1.008929445685431 +/- 0.06533742747932615
Background_rpf_2x0_par1: 50.73008965154054 +/- 2.851735906437009
Background_rpf_2x0_par2: -49.99999056321684 +/- 0.0
Background_rpf_2x0_par3: 0.06016758576093626 +/- 0.0
