Background_rpf_2x0_par0: 0.32357088047990845 +/- 1.7007580697242437
Background_rpf_2x0_par1: 12.84819759703329 +/- 67.92270963692381
Background_rpf_2x0_par2: -32.66996492486592 +/- 183.11335069041013
Background_rpf_2x0_par3: 0.21606363572244247 +/- 1.1368441618779488
