Background_rpf_2x0_par0: 0.1279336906148764 +/- 0.03195589357054998
Background_rpf_2x0_par1: -2.241298442132544 +/- 0.5162797653772164
Background_rpf_2x0_par2: 49.99795415287215 +/- 11.391137911734821
Background_rpf_2x0_par3: 1.2339776649482241 +/- 0.31336060879010763
