Background_rpf_2x0_par0: 0.017418711607567687 +/- 0.02836202039674222
Background_rpf_2x0_par1: 2.7797174107905995 +/- 4.574473508344431
Background_rpf_2x0_par2: -19.25803711476315 +/- 32.03219266981626
Background_rpf_2x0_par3: 1.8546838682093312 +/- 3.025171257306974
