Background_rpf_2x0_par0: 1.0076734687541749 +/- 0.16013730689547995
Background_rpf_2x0_par1: 50.672234685403915 +/- 10.600011146310719
Background_rpf_2x0_par2: -49.99999979475617 +/- 136.91194636825625
Background_rpf_2x0_par3: 0.060242151263282334 +/- 0.0
