Background_rpf_2x0_par0: 91.8291102884242 +/- 76.70979789135976
Background_rpf_2x0_par1: 50.00000008819099 +/- 92.47957390062365
Background_rpf_2x0_par2: -0.00016249328898711168 +/- 0.0
Background_rpf_2x0_par3: 0.0015157508427545469 +/- 0.0012734288874004236
