Background_rpf_2x0_par0: 0.31470338975396983 +/- 0.30953845149042036
Background_rpf_2x0_par1: 12.501894746925652 +/- 12.363891320291433
Background_rpf_2x0_par2: -31.83684673234982 +/- 34.87027253627025
Background_rpf_2x0_par3: 0.22212194603299804 +/- 0.21863203289511893
