Background_rpf_2x0_par0: 1.9281983828596811 +/- 2.6296732747721525
Background_rpf_2x0_par1: 61.93921457151892 +/- 81.20833437590699
Background_rpf_2x0_par2: -49.99999898766729 +/- 0.0
Background_rpf_2x0_par3: 0.047294797099324826 +/- 0.06401746051574997
