Background_rpf_2x0_par0: 1.0152587074009212 +/- 0.03545244630133551
Background_rpf_2x0_par1: 50.0000385320727 +/- 0.0
Background_rpf_2x0_par2: -49.99999445134634 +/- 52.768657512442566
Background_rpf_2x0_par3: 0.0513761998308095 +/- 0.0
