Background_rpf_2x0_par0: 0.3854467980511472 +/- 1.0494452654279778
Background_rpf_2x0_par1: 13.722795803379219 +/- 37.464279973447056
Background_rpf_2x0_par2: -25.62660618912905 +/- 73.01474302744744
Background_rpf_2x0_par3: 0.1889463813415623 +/- 0.5147129756918706
