Background_rpf_2x0_par0: 100.0 +/- 10.600972556781185
Background_rpf_2x0_par1: 50.0 +/- 0.0
Background_rpf_2x0_par2: -49.999999928303836 +/- 688.3211279096136
Background_rpf_2x0_par3: 0.0019156066761308113 +/- 0.00020459651459249544
