Background_rpf_2x0_par0: 1.0102602871310664 +/- 0.06546251445377767
Background_rpf_2x0_par1: 50.78679693946085 +/- 2.857383982899427
Background_rpf_2x0_par2: -49.99996120464274 +/- 0.0
Background_rpf_2x0_par3: 0.06009505258897958 +/- 0.0
