Background_rpf_2x0_par0: 1.0061193358677116 +/- 4.252621860346766
Background_rpf_2x0_par1: 50.60466620406928 +/- 194.4721325014831
Background_rpf_2x0_par2: -49.99998632492144 +/- 0.0
Background_rpf_2x0_par3: 0.06032939197583009 +/- 0.2459400256067632
