Background_rpf_2x0_par0: 1.9276106088435805 +/- 0.05003473504370633
Background_rpf_2x0_par1: 61.92163515850251 +/- 3.5895534140843357
Background_rpf_2x0_par2: -49.99999824971877 +/- 0.0
Background_rpf_2x0_par3: 0.04730898785910074 +/- 0.0
