Background_rpf_2x0_par0: 0.044307005784689865 +/- 0.016751835986222697
Background_rpf_2x0_par1: 7.0796932772744485 +/- 0.0
Background_rpf_2x0_par2: -49.06059309359126 +/- 4.627185282106877
Background_rpf_2x0_par3: 0.7284907144394882 +/- 0.08012300000788382
