Background_rpf_2x0_par0: 0.3132837414092655 +/- 0.5143212129764306
Background_rpf_2x0_par1: 12.602617724114525 +/- 20.71829451576744
Background_rpf_2x0_par2: -33.035697396973625 +/- 56.23806784303134
Background_rpf_2x0_par3: 0.2220552441419011 +/- 0.36458595616638195
