Background_rpf_2x0_par0: 1.325134702160628 +/- 0.07719380530306551
Background_rpf_2x0_par1: 50.000186214440554 +/- 3.3722388385952664
Background_rpf_2x0_par2: -49.999997569417516 +/- 0.0
Background_rpf_2x0_par3: 0.05243686438288756 +/- 0.0
