Background_rpf_2x0_par0: 0.3315807524779826 +/- 0.006878000507569845
Background_rpf_2x0_par1: 13.340773663546328 +/- 0.7917149763416709
Background_rpf_2x0_par2: -34.993564808281526 +/- 14.657623129774604
Background_rpf_2x0_par3: 0.20979618340642808 +/- 0.0
