Background_rpf_2x0_par0: 0.3219854413065585 +/- 0.33551644641137246
Background_rpf_2x0_par1: 12.951046712768198 +/- 13.610396317649553
Background_rpf_2x0_par2: -33.95686359648313 +/- 49.07669299308052
Background_rpf_2x0_par3: 0.2160619862904472 +/- 0.22526193738463499
