Background_rpf_2x0_par0: 0.33888836684108997 +/- 0.7625760401271156
Background_rpf_2x0_par1: 12.05812728953167 +/- 27.24740477706006
Background_rpf_2x0_par2: -22.452506456388505 +/- 62.17156869500941
Background_rpf_2x0_par3: 0.2149375461056221 +/- 0.48387426172530607
