Background_rpf_2x0_par0: 2.274900330501653 +/- 0.09614828629415809
Background_rpf_2x0_par1: 50.078063907245756 +/- 0.0
Background_rpf_2x0_par2: -41.91624223504282 +/- 89.01623419925934
Background_rpf_2x0_par3: 0.04308488941016747 +/- 0.0
