Background_rpf_2x0_par0: 1.0134784142715767 +/- 0.06570289039517199
Background_rpf_2x0_par1: 51.031508174565126 +/- 2.8681193635084954
Background_rpf_2x0_par2: -49.999478270290055 +/- 0.0
Background_rpf_2x0_par3: 0.059846099681610164 +/- 0.0
