Background_rpf_2x0_par0: 0.3616800705680145 +/- 0.5117737436573786
Background_rpf_2x0_par1: 11.13617412683936 +/- 15.858045070283461
Background_rpf_2x0_par2: -9.293952498329872 +/- 35.73916977275075
Background_rpf_2x0_par3: 0.21165983640788527 +/- 0.29962054376331343
