Background_rpf_2x0_par0: 0.04173844520693156 +/- 0.0
Background_rpf_2x0_par1: 6.686661258965774 +/- 0.0
Background_rpf_2x0_par2: -46.39054257381007 +/- 5.452346179160398
Background_rpf_2x0_par3: 0.7719539406789574 +/- 0.01615517653776866
