Background_rpf_2x0_par0: 1.014901438751206 +/- 0.5508730970920324
Background_rpf_2x0_par1: 50.00129727552534 +/- 0.0
Background_rpf_2x0_par2: -49.99971722505622 +/- 186.72273995501425
Background_rpf_2x0_par3: 0.051383717109092786 +/- 0.016089797663447817
