Background_rpf_2x0_par0: 0.9899186148141141 +/- 0.03228544202241537
Background_rpf_2x0_par1: 50.00213786346736 +/- 0.0
Background_rpf_2x0_par2: -49.99999990213604 +/- 48.05393564160636
Background_rpf_2x0_par3: 0.061186912539341345 +/- 0.0
