Background_rpf_2x0_par0: 0.35922165685133106 +/- 0.006924431875850718
Background_rpf_2x0_par1: 11.064169584774813 +/- 0.7876417141802334
Background_rpf_2x0_par2: -9.283859151738282 +/- 14.589242688285843
Background_rpf_2x0_par3: 0.21309480470362635 +/- 0.0
