Background_rpf_2x0_par0: 9.318245340588737 +/- 0.09048464996237278
Background_rpf_2x0_par1: 50.00116512948061 +/- 4.4927505364771365
Background_rpf_2x0_par2: -7.486958246503972e-06 +/- 0.0
Background_rpf_2x0_par3: 0.01425364342524417 +/- 0.0
