Background_rpf_2x0_par0: 1.3242808827746262 +/- 0.07727646183446425
Background_rpf_2x0_par1: 50.00004606113143 +/- 3.3759716991716657
Background_rpf_2x0_par2: -49.99999991775037 +/- 0.0
Background_rpf_2x0_par3: 0.05245190402026908 +/- 0.0
