CMS_EXO26004_Background_rpf_2x0_par0: 0.04851739979465124 +/- 0.008947725315302035
CMS_EXO26004_Background_rpf_2x0_par1: 0.5000037018244649 +/- 0.3387483430835138
CMS_EXO26004_Background_rpf_2x0_par2: -2.2507976747622623e-07 +/- 0.0
CMS_EXO26004_Background_rpf_2x0_par3: 0.016315894019919064 +/- 0.0
