CMS_EXO26004_Background_rpf_2x0_par0: 0.0007752264872769297 +/- 0.0001788602936527662
CMS_EXO26004_Background_rpf_2x0_par1: 0.007742586989658507 +/- 0.011081561462272484
