CMS_AN23122_Background_rpf_2x0_par0: 10.786047085589521 +/- 123.05511669907267
CMS_AN23122_Background_rpf_2x0_par1: 50.000005537085215 +/- 0.0
CMS_AN23122_Background_rpf_2x0_par3: 0.00045447950043152357 +/- 0.004832056653897888
