CMS_EXO26004_Background_rpf_2x0_par0: 0.0577587622692059 +/- 0.01050191931709306
CMS_EXO26004_Background_rpf_2x0_par1: 0.9999985119927701 +/- 0.1763109965642378
CMS_EXO26004_Background_rpf_2x0_par2: -0.9072979849386904 +/- 0.28751362642123274
CMS_EXO26004_Background_rpf_2x0_par3: 1.4743753913219182 +/- 0.26213211010762455
