CMS_AN23122_Background_rpf_2x0_par0: 0.839124079354202 +/- 3.38891932605776
CMS_AN23122_Background_rpf_2x0_par3: 0.024364775225479546 +/- 0.09776389870594009
