CMS_EXO26004_Background_rpf_2x0_par0: 0.024322481282418703 +/- 0.013060901474650142
CMS_EXO26004_Background_rpf_2x0_par1: 0.5040546650729735 +/- 0.8492047760605962
CMS_EXO26004_Background_rpf_2x0_par2: -1.5395670849294163e-17 +/- 7.437288207325058
CMS_EXO26004_Background_rpf_2x0_par3: 0.029396898259286576 +/- 0.0
