CMS_AN23122_Background_rpf_2x0_par0: 0.07558811950682288 +/- 0.026646643114274605
CMS_AN23122_Background_rpf_2x0_par1: 0.5009579239748952 +/- 2.3315199133760682
CMS_AN23122_Background_rpf_2x0_par2: -8.631235892792868e-05 +/- 25.418569722385534
CMS_AN23122_Background_rpf_2x0_par3: 0.010403146452799869 +/- 0.0
