CMS_EXO26004_Background_rpf_2x0_par0: 0.16782589078571997 +/- 0.09544620939762416
CMS_EXO26004_Background_rpf_2x0_par1: 0.9986126639998439 +/- 0.441511947977364
CMS_EXO26004_Background_rpf_2x0_par2: -0.35684593033233014 +/- 0.30482859474884105
CMS_EXO26004_Background_rpf_2x0_par3: 0.0007243507201487997 +/- 0.0003649872376984274
