CMS_EXO26004_Background_rpf_2x0_par0: 0.9999999998373551 +/- 0.5210379392835575
CMS_EXO26004_Background_rpf_2x0_par3: 0.0008685529533512906 +/- 0.00046154491003631755
