CMS_EXO26004_Background_rpf_2x0_par0: 0.5575045324988088 +/- 1.6705953950024512
CMS_EXO26004_Background_rpf_2x0_par3: 0.001652775666960449 +/- 0.004909795697184459
