CMS_EXO26004_Background_rpf_2x0_par0: 0.0007640058367495964 +/- 0.0001673908642906366
CMS_EXO26004_Background_rpf_2x0_par1: 0.009253117819481054 +/- 0.009108434462685706
