CMS_AN23122_Background_rpf_2x0_par0: 0.060739173782889476 +/- 0.01534703091127651
CMS_AN23122_Background_rpf_2x0_par1: 0.6324504958771106 +/- 1.255195257312168
CMS_AN23122_Background_rpf_2x0_par3: 0.08219184131705586 +/- 0.0
