CMS_EXO26004_Background_rpf_2x0_par0: 0.47143938341151453 +/- 6.550984319373021
CMS_EXO26004_Background_rpf_2x0_par3: 0.0019515806167453385 +/- 0.026831701574550292
