CMS_AN23122_Background_rpf_2x0_par0: 0.06721500417958803 +/- 0.412472984278651
CMS_AN23122_Background_rpf_2x0_par1: 0.6029800586010788 +/- 5.282876572479178
CMS_AN23122_Background_rpf_2x0_par3: 0.06845890384487231 +/- 0.4330210881547157
