CMS_AN23122_Background_rpf_2x0_par0: 0.06161443871115528 +/- 0.015603908191186577
CMS_AN23122_Background_rpf_2x0_par1: 0.6364691469110794 +/- 1.2726939777009716
CMS_AN23122_Background_rpf_2x0_par3: 0.08096127741393755 +/- 0.0
