CMS_AN23122_Background_rpf_2x0_par0: 0.07782500662529152 +/- 0.014919032191671705
CMS_AN23122_Background_rpf_2x0_par1: 0.5310932909085239 +/- 1.2350393866093945
CMS_AN23122_Background_rpf_2x0_par3: 0.015295237554773166 +/- 0.0
