CMS_EXO26004_Background_rpf_2x0_par0: 0.0007132690203081413 +/- 0.00016992986885182098
CMS_EXO26004_Background_rpf_2x0_par1: 0.01497084638725664 +/- 0.008240223701895312
CMS_EXO26004_Background_rpf_2x0_par2: -2.0229131012709876e-07 +/- 3.4684098491007482
