CMS_EXO26004_Background_rpf_2x0_par0: 0.08373569731529518 +/- 0.012444836810391609
CMS_EXO26004_Background_rpf_2x0_par1: 0.5002192203199421 +/- 0.1330493163324579
CMS_EXO26004_Background_rpf_2x0_par2: -0.17982666762491145 +/- 0.19097973252993808
CMS_EXO26004_Background_rpf_2x0_par3: 0.001449335905784376 +/- 0.0
