CMS_AN23122_Background_rpf_2x0_par0: 0.6501569060032307 +/- 0.10655505550942457
CMS_AN23122_Background_rpf_2x0_par3: 0.031379693414966506 +/- 0.0
