CMS_AN23122_Background_rpf_2x0_par0: 0.8515969400436594 +/- 0.14109222819518605
CMS_AN23122_Background_rpf_2x0_par3: 0.024016631685194252 +/- 0.0
