CMS_EXO26004_Background_rpf_2x0_par0: 0.9798720090413852 +/- 0.4690249916751214
CMS_EXO26004_Background_rpf_2x0_par3: 0.0009436903150207329 +/- 0.0004978838190429835
