Background_rpf_2x0_par0: 2.180078038826862 +/- 0.07360704806378957
Background_rpf_2x0_par1: 50.000998375492095 +/- 3.844095000808111
Background_rpf_2x0_par2: -37.88971427879962 +/- 9.124402126255246
Background_rpf_2x0_par3: 0.012901813841817395 +/- 0.0
