Background_rpf_2x0_par0: 4.660771455164125 +/- 0.24939806555625385
Background_rpf_2x0_par1: 54.12206325578865 +/- 7.93488981382541
Background_rpf_2x0_par2: -33.626734997829914 +/- 16.195883775142356
Background_rpf_2x0_par3: 0.009374255368592155 +/- 0.0
