Background_rpf_2x0_par0: 2.1795017755466315 +/- 0.07360810285842835
Background_rpf_2x0_par1: 50.000021123758884 +/- 3.8456281757815653
Background_rpf_2x0_par2: -37.924140454519254 +/- 9.14105651694452
Background_rpf_2x0_par3: 0.012904421258617826 +/- 0.0
