Background_rpf_2x0_par0: 2.1813204081409987 +/- 0.07364590911150579
Background_rpf_2x0_par1: 50.00186805220796 +/- 3.8459571200442926
Background_rpf_2x0_par2: -37.774390351370464 +/- 9.120346838544393
Background_rpf_2x0_par3: 0.012895899114524677 +/- 0.0
