Background_rpf_2x0_par0: 4.464955629117463 +/- 0.23892958065815215
Background_rpf_2x0_par1: 51.79759038580585 +/- 7.601636343063866
Background_rpf_2x0_par2: -32.02267290106682 +/- 15.493558964972914
Background_rpf_2x0_par3: 0.009787102699824626 +/- 0.0
