CMS_EXO26004_Background_rpf_2x0_par0: 0.08372168838597853 +/- 0.01256510105293179
CMS_EXO26004_Background_rpf_2x0_par1: 0.5002198587211643 +/- 0.1349926838407579
CMS_EXO26004_Background_rpf_2x0_par2: -0.17780640701715755 +/- 0.19351896486992404
CMS_EXO26004_Background_rpf_2x0_par3: 0.0014498125806387528 +/- 0.0
