CMS_EXO26004_Background_rpf_2x0_par0: 0.37065778264133226 +/- 1.2932719494331133
CMS_EXO26004_Background_rpf_2x0_par3: 0.0025552408196640054 +/- 0.008666348592916791
