CMS_EXO26004_Background_rpf_2x0_par0: 0.08166974037639274 +/- 0.029015043837847813
CMS_EXO26004_Background_rpf_2x0_par1: 0.9999998868243879 +/- 0.0
CMS_EXO26004_Background_rpf_2x0_par2: -2.0390073702321494e-07 +/- 3.3035999753915517
CMS_EXO26004_Background_rpf_2x0_par3: 1.9999999999999998 +/- 0.5662721765485876
