CMS_AN23122_Background_rpf_2x0_par0: 0.053016173176385156 +/- 0.020055200801885158
CMS_AN23122_Background_rpf_2x0_par1: 0.5020822241145992 +/- 1.758096586296833
CMS_AN23122_Background_rpf_2x0_par2: -4.815921897855175e-06 +/- 20.772283235876067
CMS_AN23122_Background_rpf_2x0_par3: 0.01453012294450793 +/- 0.0
