CMS_EXO26004_Background_rpf_2x0_par0: 0.02588823426498698 +/- 0.015863959508150702
CMS_EXO26004_Background_rpf_2x0_par1: 0.5024626328820377 +/- 1.0197079819254384
CMS_EXO26004_Background_rpf_2x0_par2: -2.8321237426423562e-08 +/- 20.039145522637384
CMS_EXO26004_Background_rpf_2x0_par3: 0.028009341900916657 +/- 0.0
