CMS_EXO26004_Background_rpf_2x0_par0: 0.03206660102800189 +/- 0.007059026115720779
CMS_EXO26004_Background_rpf_2x0_par1: 0.5008834030905225 +/- 0.2618672755136186
CMS_EXO26004_Background_rpf_2x0_par2: -1.463505613268426e-08 +/- 0.0
CMS_EXO26004_Background_rpf_2x0_par3: 0.02362064076085015 +/- 0.0
