CMS_EXO26004_Background_rpf_2x0_par0: 0.9999348249425777 +/- 0.5600288378543946
CMS_EXO26004_Background_rpf_2x0_par3: 0.0008032196335284304 +/- 0.0004642961394990141
