CMS_EXO26004_Background_rpf_2x0_par0: 0.000905623166796666 +/- 0.00018268182365727934
CMS_EXO26004_Background_rpf_2x0_par1: 0.004758754799894802 +/- 0.006419215789891834
