CMS_EXO26004_Background_rpf_2x0_par0: 0.6264639465626386 +/- 1.6649603662896733
CMS_EXO26004_Background_rpf_2x0_par3: 0.0014721193872044601 +/- 0.003883703078126448
