CMS_EXO26004_Background_rpf_2x0_par0: 0.05768904825416014 +/- 0.010392142156284593
CMS_EXO26004_Background_rpf_2x0_par1: 0.9991714512033381 +/- 0.1737728598536224
CMS_EXO26004_Background_rpf_2x0_par2: -0.913299487508553 +/- 0.1692605311936895
CMS_EXO26004_Background_rpf_2x0_par3: 1.4761257369526233 +/- 0.2613188046293075
