CMS_EXO26004_Background_rpf_2x0_par0: 0.984382472116098 +/- 0.4696534813392194
CMS_EXO26004_Background_rpf_2x0_par3: 0.000939439124022943 +/- 0.0004986658982140321
