CMS_EXO26004_Background_rpf_2x0_par0: 0.04652462921838617 +/- 0.012955899846561302
CMS_EXO26004_Background_rpf_2x0_par1: 0.5002268194063358 +/- 0.666628694329115
CMS_EXO26004_Background_rpf_2x0_par2: -5.525950727636522e-07 +/- 0.0
CMS_EXO26004_Background_rpf_2x0_par3: 0.017176928548407508 +/- 0.0
