CMS_AN23122_Background_rpf_2x0_par0: 10.709919291620187 +/- 44.636529523361716
CMS_AN23122_Background_rpf_2x0_par1: 50.00001771521675 +/- 0.0
CMS_AN23122_Background_rpf_2x0_par3: 0.0004572454681274248 +/- 0.0018063339257343841
