CMS_AN23122_Background_rpf_2x0_par0: 0.06826109115297753 +/- 0.025551807172753675
CMS_AN23122_Background_rpf_2x0_par1: 0.5989914119717245 +/- 2.25196902946352
CMS_AN23122_Background_rpf_2x0_par2: -5.1803586631214964e-05 +/- 26.259800408715932
CMS_AN23122_Background_rpf_2x0_par3: 0.011344171583032508 +/- 0.0
