CMS_EXO26004_Background_rpf_2x0_par0: 0.02413073462601051 +/- 0.004019979433892307
CMS_EXO26004_Background_rpf_2x0_par1: 0.504014954554324 +/- 0.0
CMS_EXO26004_Background_rpf_2x0_par2: -1.858568960913954e-07 +/- 0.0
CMS_EXO26004_Background_rpf_2x0_par3: 0.029598250312674337 +/- 0.0
