CMS_EXO26004_Background_rpf_2x0_par0: 0.08173004954478744 +/- 0.02446114796932269
CMS_EXO26004_Background_rpf_2x0_par1: 0.9999993925962647 +/- 0.0
CMS_EXO26004_Background_rpf_2x0_par2: -2.5375449663336087e-06 +/- 1.974434447828035
CMS_EXO26004_Background_rpf_2x0_par3: 1.9999999999999987 +/- 0.46540445720015283
