CMS_AN23122_Background_rpf_2x0_par0: 0.22494246767007875 +/- 0.6945072978249827
CMS_AN23122_Background_rpf_2x0_par1: 0.5373195941475044 +/- 2.520152743605945
CMS_AN23122_Background_rpf_2x0_par3: 0.005286168634103761 +/- 0.01648600532664788
