CMS_AN23122_Background_rpf_2x0_par0: 0.15686158696530467 +/- 0.9727236831328067
CMS_AN23122_Background_rpf_2x0_par1: 0.5315495864708195 +/- 4.069504663807146
CMS_AN23122_Background_rpf_2x0_par3: 0.007571383489812691 +/- 0.04764923395734145
