CMS_EXO26004_Background_rpf_2x0_par0: 0.0008968322644209525 +/- 0.0003121052542649216
CMS_EXO26004_Background_rpf_2x0_par1: 1.8688975050146737e-09 +/- 0.020192027294802177
CMS_EXO26004_Background_rpf_2x0_par2: 0.1470599951960839 +/- 0.19720127669102133
