CMS_EXO26004_Background_rpf_2x0_par0: 0.08170267816814145 +/- 0.025529500303992182
CMS_EXO26004_Background_rpf_2x0_par1: 0.999999916605708 +/- 0.0
CMS_EXO26004_Background_rpf_2x0_par2: -6.248116365568587e-08 +/- 2.6116175971323945
CMS_EXO26004_Background_rpf_2x0_par3: 2.0 +/- 0.4854846626282781
