CMS_EXO26004_Background_rpf_2x0_par0: 0.07676060066734704 +/- 0.11705199077491038
CMS_EXO26004_Background_rpf_2x0_par1: 0.5255036620841735 +/- 0.6395624676627527
CMS_EXO26004_Background_rpf_2x0_par2: -0.4774777891101401 +/- 0.0
CMS_EXO26004_Background_rpf_2x0_par3: 0.0014944585772774814 +/- 0.002076057453699292
