CMS_EXO26004_Background_rpf_2x0_par0: 0.08370942932561225 +/- 0.012558769153328087
CMS_EXO26004_Background_rpf_2x0_par1: 0.5000039849674978 +/- 0.1350358267105728
CMS_EXO26004_Background_rpf_2x0_par2: -0.1801344781234999 +/- 0.19368163192336513
CMS_EXO26004_Background_rpf_2x0_par3: 0.0014498366155392922 +/- 0.0
