CMS_EXO26004_Background_rpf_2x0_par0: 0.0008960762463265589 +/- 0.00013189058114532038
CMS_EXO26004_Background_rpf_2x0_par1: 4.541258134241246e-09 +/- 0.0
CMS_EXO26004_Background_rpf_2x0_par2: 0.15535653955463202 +/- 0.0
