CMS_EXO26004_Background_rpf_2x0_par0: 0.9999981097547732 +/- 0.5733992165785655
CMS_EXO26004_Background_rpf_2x0_par3: 0.0008366984497074684 +/- 0.0004934780443247917
