CMS_EXO26004_Background_rpf_2x0_par0: 0.026480707231557418 +/- 0.03591585316213772
CMS_EXO26004_Background_rpf_2x0_par1: 0.5027142461299547 +/- 2.599216525121429
CMS_EXO26004_Background_rpf_2x0_par2: -6.94949838920926e-08 +/- 0.0
CMS_EXO26004_Background_rpf_2x0_par3: 0.02749705951266131 +/- 0.0
