CMS_EXO26004_Background_rpf_2x0_par0: 0.057587165460800636 +/- 0.010399044214835534
CMS_EXO26004_Background_rpf_2x0_par1: 0.9968942881274057 +/- 0.17370532900944965
CMS_EXO26004_Background_rpf_2x0_par2: -0.9055848098805256 +/- 0.16649528825107193
CMS_EXO26004_Background_rpf_2x0_par3: 1.478857214137891 +/- 0.26240294710890477
