Background_rpf_2x0_par0: 2.8442525013859843 +/- 0.14931583482577146
Background_rpf_2x0_par1: 52.05976814188172 +/- 8.64450306303936
Background_rpf_2x0_par2: -39.80847904731953 +/- 138.8283776927702
Background_rpf_2x0_par3: 0.05308756884244931 +/- 0.0
