Background_rpf_2x0_par0: 9.228414882656704 +/- 3.2608402067287745
Background_rpf_2x0_par1: 50.84276997425473 +/- 145.70808043095764
Background_rpf_2x0_par2: -2.1115089164566725e-06 +/- 1999.3413242960473
Background_rpf_2x0_par3: 0.0368560761230729 +/- 0.0
