Background_rpf_2x0_par0: 2.981206901101129 +/- 3.415157425312454
Background_rpf_2x0_par1: 50.80085465188655 +/- 0.0
Background_rpf_2x0_par2: -2.3373808920991497 +/- 964.5038986098564
Background_rpf_2x0_par3: 0.05105563296398288 +/- 0.0504741311102164
