CMS_AN23122_Background_rpf_2x0_par0: 0.11718234306293535 +/- 0.16966711208477933
CMS_AN23122_Background_rpf_2x0_par3: 0.02656512575164221 +/- 0.033868400261446614
