CMS_AN23122_Background_rpf_2x0_par0: 0.08122449989839249 +/- 0.015505351119644755
CMS_AN23122_Background_rpf_2x0_par1: 0.560640032052793 +/- 1.2510506185673227
CMS_AN23122_Background_rpf_2x0_par3: 0.014651384450569464 +/- 0.0
