CMS_EXO26004_Background_rpf_2x0_par0: 0.02179999724002738 +/- 0.007857721010502937
CMS_EXO26004_Background_rpf_2x0_par1: 0.5054079694005591 +/- 0.0
CMS_EXO26004_Background_rpf_2x0_par2: -9.42116276834385e-08 +/- 0.0
CMS_EXO26004_Background_rpf_2x0_par3: 0.03204057597514179 +/- 0.0
