CMS_AN23122_Background_rpf_2x0_par0: 0.06340094263063997 +/- 0.01606983328826627
CMS_AN23122_Background_rpf_2x0_par1: 0.5886476759097976 +/- 1.342321691375377
CMS_AN23122_Background_rpf_2x0_par3: 0.07850900050231575 +/- 0.0
