CMS_EXO26004_Background_rpf_2x0_par0: 0.0817152403752439 +/- 0.024450487459339122
CMS_EXO26004_Background_rpf_2x0_par1: 0.9999995236936192 +/- 0.0
CMS_EXO26004_Background_rpf_2x0_par2: -3.1846422401471744e-07 +/- 2.208376858680409
CMS_EXO26004_Background_rpf_2x0_par3: 2.0 +/- 0.46474188803945565
