CMS_AN23122_Background_rpf_2x0_par0: 12.038984006320131 +/- 1.6449993354809838
CMS_AN23122_Background_rpf_2x0_par1: 50.06079511568883 +/- 0.0
CMS_AN23122_Background_rpf_2x0_par3: 0.00012207096985938432 +/- 0.0
