CMS_AN23122_Background_rpf_2x0_par0: 11.544574465558274 +/- 2.0782111586560585
CMS_AN23122_Background_rpf_2x0_par1: 50.03726352087942 +/- 74.56331381593012
CMS_AN23122_Background_rpf_2x0_par3: 0.00012704190552083325 +/- 0.0
