Background_rpf_1x0_par0: 0.3026169059070118 +/- 0.033376071718614016
Background_rpf_1x0_par1: 2.135606486855695 +/- 1.7811089550960484
