CMS_AN23122_Background_rpf_2x0_par0: 0.6555826424290008 +/- 1.7259505576507317
CMS_AN23122_Background_rpf_2x0_par3: 0.004821684521820279 +/- 0.012578093094600019
