CMS_EXO26004_Background_rpf_2x0_par0: 0.057131053997322614 +/- 0.001138852836354658
CMS_EXO26004_Background_rpf_2x0_par1: 0.9891611310053094 +/- 0.04789429726064254
CMS_EXO26004_Background_rpf_2x0_par2: -0.8974588682259871 +/- 0.21862781603228246
CMS_EXO26004_Background_rpf_2x0_par3: 1.490545638960958 +/- 0.0
