CMS_EXO26004_Background_rpf_2x0_par0: 0.5880782265959925 +/- 6.978887882864528
CMS_EXO26004_Background_rpf_2x0_par3: 0.0015668398765728193 +/- 0.018434175273758735
