CMS_EXO26004_Background_rpf_2x0_par0: 0.08381814918218168 +/- 0.012623343587512789
CMS_EXO26004_Background_rpf_2x0_par1: 0.5001743554566535 +/- 0.13598352771012395
CMS_EXO26004_Background_rpf_2x0_par2: -0.1815674215418966 +/- 0.19520323930718317
CMS_EXO26004_Background_rpf_2x0_par3: 0.0014484967200216 +/- 0.0
