CMS_AN23122_Background_rpf_2x0_par0: 0.23746567669757196 +/- 0.04416057558136133
CMS_AN23122_Background_rpf_2x0_par3: 0.013503381159499265 +/- 0.0
