CMS_AN23122_Background_rpf_2x0_par0: 0.06715304758722668 +/- 0.018513804053873414
CMS_AN23122_Background_rpf_2x0_par1: 0.6077661581218824 +/- 1.5182683402790231
CMS_AN23122_Background_rpf_2x0_par3: 0.068445953340893 +/- 0.0
