CMS_EXO26004_Background_rpf_2x0_par0: 0.07039176450631374 +/- 0.014428219714506233
CMS_EXO26004_Background_rpf_2x0_par1: 0.5204757487971327 +/- 0.9323348958298252
CMS_EXO26004_Background_rpf_2x0_par2: -3.5096626905242647e-06 +/- 0.0
CMS_EXO26004_Background_rpf_2x0_par3: 0.011467399582884511 +/- 0.0
