Background_rpf_1x0_par0: 0.09227553878645611 +/- 0.001968029385258233
Background_rpf_1x0_par1: 2.795950594113671 +/- 0.11706245153138573
