Background_rpf_1x0_par0: 0.09226769085671525 +/- 0.0019679907786801613
Background_rpf_1x0_par1: 2.7962791453277784 +/- 0.11706520458370887
