CMS_EXO26004_Background_rpf_2x0_par0: 0.08361261137829039 +/- 0.012535312629950507
CMS_EXO26004_Background_rpf_2x0_par1: 0.5013157534828333 +/- 0.1348190577864379
CMS_EXO26004_Background_rpf_2x0_par2: -0.17911474799914917 +/- 0.1933194874743767
CMS_EXO26004_Background_rpf_2x0_par3: 0.0014501329527704533 +/- 0.0
