CMS_EXO26004_Background_rpf_2x0_par0: 0.05776430571274553 +/- 0.010742707430405882
CMS_EXO26004_Background_rpf_2x0_par1: 0.9999999842269468 +/- 0.1795910168872595
CMS_EXO26004_Background_rpf_2x0_par2: -0.9072661601793713 +/- 0.17024052431180423
CMS_EXO26004_Background_rpf_2x0_par3: 1.474273496552554 +/- 0.2695562274798108
