CMS_AN23122_Background_rpf_2x0_par0: 0.06716470315623538 +/- 0.242621818686296
CMS_AN23122_Background_rpf_2x0_par1: 0.605598746219233 +/- 3.370585605176074
CMS_AN23122_Background_rpf_2x0_par3: 0.06845317632125165 +/- 0.25477165840321886
