CMS_EXO26004_Background_rpf_1x0_par0: 0.0007021618372778695 +/- 0.0001494536723655486
CMS_EXO26004_Background_rpf_1x0_par1: 0.016617279550179314 +/- 0.004594091237060479
