CMS_EXO26004_Background_rpf_1x0_par0: 0.0008251251556483773 +/- 0.00019861216061756615
CMS_EXO26004_Background_rpf_1x0_par1: 0.008627393780472028 +/- 0.008782172751559014
