CMS_EXO26004_Background_rpf_2x0_par0: 0.0008952172702047208 +/- 0.00031012697116607473
CMS_EXO26004_Background_rpf_2x0_par1: 9.633100847767414e-09 +/- 0.019816019608509962
CMS_EXO26004_Background_rpf_2x0_par2: 0.1459294453680374 +/- 0.18235152962568424
