CMS_EXO26004_Background_rpf_2x0_par0: 0.02401394172053789 +/- 0.012424944665943868
CMS_EXO26004_Background_rpf_2x0_par1: 0.5042882256068542 +/- 0.8094188476289221
CMS_EXO26004_Background_rpf_2x0_par2: -4.072185611262401e-08 +/- 6.349570749068593
CMS_EXO26004_Background_rpf_2x0_par3: 0.029695356425628615 +/- 0.0
