CMS_EXO26004_Background_rpf_2x0_par0: 0.000898915034174878 +/- 0.0001202254147700107
CMS_EXO26004_Background_rpf_2x0_par1: 8.80407679404319e-09 +/- 0.0
CMS_EXO26004_Background_rpf_2x0_par2: 0.12594511761853613 +/- 0.11154225436858395
