CMS_AN23122_Background_rpf_2x0_par0: 10.759151576733995 +/- 1.5604569793279697
CMS_AN23122_Background_rpf_2x0_par1: 50.00000276806005 +/- 0.0
CMS_AN23122_Background_rpf_2x0_par3: 0.0004554234949267748 +/- 0.0
