CMS_EXO26004_Background_rpf_2x0_par0: 0.057656156088194736 +/- 0.011805596513536245
CMS_EXO26004_Background_rpf_2x0_par1: 0.9984179416541622 +/- 0.17031321072316333
CMS_EXO26004_Background_rpf_2x0_par2: -0.906062824743776 +/- 0.0
CMS_EXO26004_Background_rpf_2x0_par3: 1.4769483200432485 +/- 0.29038706695282324
