CMS_EXO26004_Background_rpf_2x0_par0: 0.05208692206604664 +/- 0.009795866627725025
CMS_EXO26004_Background_rpf_2x0_par1: 0.5108265255819672 +/- 0.4122271285179716
CMS_EXO26004_Background_rpf_2x0_par2: -8.149455245333231e-06 +/- 0.0
CMS_EXO26004_Background_rpf_2x0_par3: 0.015289601869080476 +/- 0.0
