CMS_AN23122_Background_rpf_2x0_par0: 0.0627492113516967 +/- 0.015860124071080124
CMS_AN23122_Background_rpf_2x0_par1: 0.6061467657235122 +/- 1.3019655795369949
CMS_AN23122_Background_rpf_2x0_par3: 0.07969466006736163 +/- 0.0
