CMS_EXO26004_Background_rpf_2x0_par0: 0.0007143307141346816 +/- 0.00016490552017341725
CMS_EXO26004_Background_rpf_2x0_par1: 0.01287478782546784 +/- 0.012757798606462938
CMS_EXO26004_Background_rpf_2x0_par2: -0.0017002689731865327 +/- 6.763584198164763
