CMS_AN23122_Background_rpf_2x0_par0: 0.07746651386499012 +/- 0.30126525322095016
CMS_AN23122_Background_rpf_2x0_par1: 0.5531618200735231 +/- 2.92877987808503
CMS_AN23122_Background_rpf_2x0_par3: 0.015356037802507608 +/- 0.060742994343266035
