CMS_AN23122_Background_rpf_1x0_par0: 0.002469604037567647 +/- 0.00015990659612042678
CMS_AN23122_Background_rpf_1x0_par1: -0.09999995725256751 +/- 0.0
