CMS_AN23122_Background_rpf_1x0_par0: 0.00405842095090245 +/- 0.0001561146101792265
CMS_AN23122_Background_rpf_1x0_par1: -0.09999967234547533 +/- 0.0012279720342742593
