CMS_EXO26004_Background_rpf_2x0_par0: 0.08206597839753144 +/- 0.0016341766329878396
CMS_EXO26004_Background_rpf_2x0_par1: 1.5322768653361825 +/- 0.05298366779926089
CMS_EXO26004_Background_rpf_2x0_par2: -0.8521039631658534 +/- 0.04612869607953842
