CMS_EXO26004_Background_rpf_2x0_par0: 0.08206717010276807 +/- 0.0016548843004847895
CMS_EXO26004_Background_rpf_2x0_par1: 1.532173368400306 +/- 0.05390458716040712
CMS_EXO26004_Background_rpf_2x0_par2: -0.8521116911147986 +/- 0.04891126809079419
