CMS_EXO26004_Background_rpf_2x0_par0: 0.6525664135793389 +/- 0.06782083342068912
CMS_EXO26004_Background_rpf_2x0_par3: 0.0014131046389825109 +/- 0.0
