CMS_EXO26004_Background_rpf_2x0_par0: 0.8918033862667012 +/- 4.2348623327939245
CMS_EXO26004_Background_rpf_2x0_par3: 0.0010368058286289268 +/- 0.004915552183458334
