CMS_AN23122_Background_rpf_2x0_par0: 0.07578929983699287 +/- 0.020165601703991988
CMS_AN23122_Background_rpf_2x0_par1: 0.515421013015864 +/- 0.6821689267903789
CMS_AN23122_Background_rpf_2x0_par2: -0.00019735514816372713 +/- 0.0
CMS_AN23122_Background_rpf_2x0_par3: 0.040975043918243303 +/- 0.0
