CMS_EXO26004_Background_rpf_2x0_par0: 0.5031095557204299 +/- 1.5700653241514193
CMS_EXO26004_Background_rpf_2x0_par3: 0.0018298609057319979 +/- 0.0056864642634607875
