CMS_EXO26004_Background_rpf_2x0_par0: 0.0007146862432437479 +/- 0.00026078969126561006
CMS_EXO26004_Background_rpf_2x0_par1: 0.014895493626324516 +/- 0.01283270984568059
CMS_EXO26004_Background_rpf_2x0_par2: -2.3948995511876257e-09 +/- 6.627887854578268
