CMS_AN23122_Background_rpf_2x0_par0: 0.053456422770075306 +/- 0.018914324405559704
CMS_AN23122_Background_rpf_2x0_par1: 0.5050244297521923 +/- 1.6448437648304461
CMS_AN23122_Background_rpf_2x0_par2: -8.926753769057509e-05 +/- 19.50992464016522
CMS_AN23122_Background_rpf_2x0_par3: 0.014423366385300947 +/- 0.0
