CMS_AN23122_Background_rpf_2x0_par0: 0.07452815940292373 +/- 0.019850679427699337
CMS_AN23122_Background_rpf_2x0_par1: 0.5053551338649409 +/- 0.6717165948636095
CMS_AN23122_Background_rpf_2x0_par2: -3.134876526486748e-05 +/- 0.0
CMS_AN23122_Background_rpf_2x0_par3: 0.04174251696640981 +/- 0.0
