CMS_EXO26004_Background_rpf_2x0_par0: 0.05639391921104236 +/- 0.010473549235739024
CMS_EXO26004_Background_rpf_2x0_par1: 0.5216880686768858 +/- 0.4577143152019564
CMS_EXO26004_Background_rpf_2x0_par2: -7.157070021487563e-09 +/- 0.0
CMS_EXO26004_Background_rpf_2x0_par3: 0.014117688516874 +/- 0.0
