CMS_EXO26004_Background_rpf_2x0_par0: 0.0577478007426501 +/- 0.010538677395003538
CMS_EXO26004_Background_rpf_2x0_par1: 0.9998595171598791 +/- 0.17755761899094707
CMS_EXO26004_Background_rpf_2x0_par2: -0.9072149692697873 +/- 0.25169715536584447
CMS_EXO26004_Background_rpf_2x0_par3: 1.4746228489847073 +/- 0.26392605146799103
