CMS_EXO26004_Background_rpf_2x0_par0: 0.0841025549154469 +/- 0.012664112112068564
CMS_EXO26004_Background_rpf_2x0_par1: 0.5002026377184404 +/- 0.13656305982958059
CMS_EXO26004_Background_rpf_2x0_par2: -0.1802952578888554 +/- 0.19600981602289486
CMS_EXO26004_Background_rpf_2x0_par3: 0.0014452668755251888 +/- 0.0
