CMS_EXO26004_Background_rpf_2x0_par0: 0.0007152752514400526 +/- 0.00017579272784141542
CMS_EXO26004_Background_rpf_2x0_par1: 0.014812704156698275 +/- 0.00848086374331573
CMS_EXO26004_Background_rpf_2x0_par2: -1.2979598579309151e-08 +/- 3.881913769397343
