CMS_EXO26004_Background_rpf_2x0_par0: 0.08172113692226429 +/- 0.026730276988003374
CMS_EXO26004_Background_rpf_2x0_par1: 0.9999997913026836 +/- 0.0
CMS_EXO26004_Background_rpf_2x0_par2: -7.651112307347028e-07 +/- 2.818223418101036
CMS_EXO26004_Background_rpf_2x0_par3: 1.9999999999999987 +/- 0.503643092561303
