CMS_EXO26004_Background_rpf_2x0_par0: 0.000926483892618797 +/- 0.00018007283313157478
CMS_EXO26004_Background_rpf_2x0_par1: 0.0025795068582152468 +/- 0.006078608247612651
CMS_EXO26004_Background_rpf_2x0_par2: 0.0279890307634543 +/- 0.0
