CMS_EXO26004_Background_rpf_2x0_par0: 0.056456768251354934 +/- 0.0010124060832661064
CMS_EXO26004_Background_rpf_2x0_par1: 0.9778313565990967 +/- 0.03300668369215118
CMS_EXO26004_Background_rpf_2x0_par2: -0.8935667953617897 +/- 0.07011219948896939
CMS_EXO26004_Background_rpf_2x0_par3: 1.5082997306304415 +/- 0.0
