CMS_AN23122_Background_rpf_2x0_par0: 0.07759853511992736 +/- 0.03205771850232072
CMS_AN23122_Background_rpf_2x0_par1: 0.5057433209741908 +/- 2.9794948341464007
CMS_AN23122_Background_rpf_2x0_par2: -2.2101941651951683e-05 +/- 30.547357980302163
CMS_AN23122_Background_rpf_2x0_par3: 0.010084675908212892 +/- 0.0
