CMS_AN23122_Background_rpf_2x0_par0: 0.07514228329951747 +/- 0.027217129918010882
CMS_AN23122_Background_rpf_2x0_par1: 0.5506691181232316 +/- 2.383402737566393
CMS_AN23122_Background_rpf_2x0_par2: -6.8868731594198774e-06 +/- 25.849838151817277
CMS_AN23122_Background_rpf_2x0_par3: 0.010415769290774115 +/- 0.0
