CMS_AN23122_Background_rpf_2x0_par0: 0.06715245499189398 +/- 0.6914528121985305
CMS_AN23122_Background_rpf_2x0_par1: 0.6079883960147299 +/- 8.30281573408266
CMS_AN23122_Background_rpf_2x0_par3: 0.06844633208788231 +/- 0.722350669771898
