CMS_EXO26004_Background_rpf_2x0_par0: 0.11712151358214098 +/- 0.025078261409904115
CMS_EXO26004_Background_rpf_2x0_par1: 0.5177607751844499 +/- 0.9118382000960111
CMS_EXO26004_Background_rpf_2x0_par3: 0.007809324855031818 +/- 0.0
