CMS_EXO26004_Background_rpf_2x0_par0: 0.08392791345494004 +/- 0.01266844201412587
CMS_EXO26004_Background_rpf_2x0_par1: 0.5001570832684799 +/- 0.1366343273898836
CMS_EXO26004_Background_rpf_2x0_par2: -0.1775505158819438 +/- 0.1959335110515625
CMS_EXO26004_Background_rpf_2x0_par3: 0.0014470547237333009 +/- 0.0
