CMS_EXO26004_Background_rpf_2x0_par0: 0.0007170339706836352 +/- 0.00017265243320111056
CMS_EXO26004_Background_rpf_2x0_par1: 0.012769606483742842 +/- 0.01331284976139509
CMS_EXO26004_Background_rpf_2x0_par2: -1.1202244410628108e-08 +/- 6.7300713507935095
