CMS_AN23122_Background_rpf_2x0_par0: 0.07627232927858699 +/- 0.5083604118360898
CMS_AN23122_Background_rpf_2x0_par1: 0.5520975152155915 +/- 4.7431292712506234
CMS_AN23122_Background_rpf_2x0_par3: 0.01559176867107533 +/- 0.10578969880571958
