Background_rpf_2x0_par0: 0.29003443583607674 +/- 0.01308693859602894
Background_rpf_2x0_par1: 11.463879210976385 +/- 1.4453292022705797
Background_rpf_2x0_par2: -37.727340759926456 +/- 24.29403902846204
Background_rpf_2x0_par3: 0.30007294563523423 +/- 0.0
