Background_rpf_2x0_par0: 0.2929642547378411 +/- 0.01324373266082689
Background_rpf_2x0_par1: 11.694554224309218 +/- 1.4627127659826609
Background_rpf_2x0_par2: -41.65744484572236 +/- 24.591709256594566
Background_rpf_2x0_par3: 0.2963252555891273 +/- 0.0
