CMS_EXO26004_Background_rpf_2x0_par0: 0.6028229320947833 +/- 1.5175479697900895
CMS_EXO26004_Background_rpf_2x0_par3: 0.0015293802022679623 +/- 0.0038358946442750325
