CMS_AN23122_Background_rpf_2x0_par0: 0.07263323201526684 +/- 0.01932043750296806
CMS_AN23122_Background_rpf_2x0_par1: 0.502111399910495 +/- 0.6546862633714103
CMS_AN23122_Background_rpf_2x0_par2: -5.790414336775702e-07 +/- 0.0
CMS_AN23122_Background_rpf_2x0_par3: 0.04274483739789412 +/- 0.0
