CMS_EXO26004_Background_rpf_2x0_par0: 0.10506391117974316 +/- 0.031013056274536665
CMS_EXO26004_Background_rpf_2x0_par1: 0.5131067118043046 +/- 2.401530923586678
CMS_EXO26004_Background_rpf_2x0_par2: -2.830681251609474e-05 +/- 0.0
CMS_EXO26004_Background_rpf_2x0_par3: 0.007917879914148813 +/- 0.0
