CMS_EXO26004_Background_rpf_2x0_par0: 0.02576004879854184 +/- 0.012906025750238923
CMS_EXO26004_Background_rpf_2x0_par1: 0.5031870883520511 +/- 0.8404670312892987
CMS_EXO26004_Background_rpf_2x0_par2: -2.168404344971009e-19 +/- 7.103433161923055
CMS_EXO26004_Background_rpf_2x0_par3: 0.028115857955186743 +/- 0.0
