CMS_EXO26004_Background_rpf_2x0_par0: 0.02298044386621664 +/- 0.00617501608244429
CMS_EXO26004_Background_rpf_2x0_par1: 0.5051983123180617 +/- 0.32403063839732776
CMS_EXO26004_Background_rpf_2x0_par2: -3.1516972136811684e-07 +/- 0.0
CMS_EXO26004_Background_rpf_2x0_par3: 0.030746321132444302 +/- 0.0
