CMS_EXO26004_Background_rpf_2x0_par0: 0.0008959477938032324 +/- 0.00035862794723913786
CMS_EXO26004_Background_rpf_2x0_par1: 2.3890282764213455e-09 +/- 0.023438522117459528
CMS_EXO26004_Background_rpf_2x0_par2: 0.1502034382772876 +/- 0.22689060089760002
