CMS_EXO26004_Background_rpf_2x0_par0: 0.0007988166560176952 +/- 0.00022187295556787048
CMS_EXO26004_Background_rpf_2x0_par1: 0.008619921725951116 +/- 0.009186255136076847
CMS_EXO26004_Background_rpf_2x0_par2: -1.0989982497785697e-07 +/- 7.168142433103866
