CMS_EXO26004_Background_rpf_2x0_par0: 0.5764990887834255 +/- 2.494664815982124
CMS_EXO26004_Background_rpf_2x0_par3: 0.0015987246287586915 +/- 0.0068586524263921185
