CMS_AN23122_Background_rpf_2x0_par0: 0.06870927393274749 +/- 0.46139788988931224
CMS_AN23122_Background_rpf_2x0_par1: 0.5088371952694279 +/- 0.0
CMS_AN23122_Background_rpf_2x0_par3: 0.017292332961302156 +/- 0.11616703913656573
