Background_rpf_1x0_par0: 0.03476809396935958 +/- 0.0021959455359706476
Background_rpf_1x0_par1: 1.9471496199476124 +/- 0.19979744879084177
