Background_rpf_1x0_par0: 0.03474899333081447 +/- 0.002072958787634576
Background_rpf_1x0_par1: 1.948075899264418 +/- 0.1735971532808727
