CMS_EXO26004_Background_rpf_2x0_par0: 0.09530656861410798 +/- 0.061848803920028894
CMS_EXO26004_Background_rpf_2x0_par1: 0.5048058171529469 +/- 4.652320443321022
CMS_EXO26004_Background_rpf_2x0_par2: -2.9157758906351965e-06 +/- 56.160945730363125
CMS_EXO26004_Background_rpf_2x0_par3: 0.00930729010084208 +/- 0.0
