CMS_EXO26004_Background_rpf_2x0_par0: 0.0009225266621144684 +/- 0.00013473630417497928
CMS_EXO26004_Background_rpf_2x0_par1: 2.0337156546486324e-08 +/- 0.0
CMS_EXO26004_Background_rpf_2x0_par2: 0.08269294831106484 +/- 0.13170223126273997
