CMS_EXO26004_Background_rpf_2x0_par0: 0.0009222569141828271 +/- 0.00013006252811628306
CMS_EXO26004_Background_rpf_2x0_par1: 2.9090254239760166e-11 +/- 0.0
CMS_EXO26004_Background_rpf_2x0_par2: 0.05614578133749338 +/- 0.13735224181793512
