CMS_EXO26004_Background_rpf_2x0_par0: 0.08173135766112176 +/- 0.023972484548620655
CMS_EXO26004_Background_rpf_2x0_par1: 0.9999999880787716 +/- 0.0
CMS_EXO26004_Background_rpf_2x0_par2: -2.7630598405906266e-07 +/- 1.593953175237775
CMS_EXO26004_Background_rpf_2x0_par3: 1.9999999999999996 +/- 0.45902889144150333
