CMS_EXO26004_Background_rpf_2x0_par0: 0.05676127296381601 +/- 0.0011268422132882502
CMS_EXO26004_Background_rpf_2x0_par1: 0.98275255997235 +/- 0.04699295272959406
CMS_EXO26004_Background_rpf_2x0_par2: -0.8916557736965497 +/- 0.21155537772603017
CMS_EXO26004_Background_rpf_2x0_par3: 1.5002437401616686 +/- 0.0
