Background_rpf_2x0_par0: 0.6144609117904698 +/- 0.11105234601372874
Background_rpf_2x0_par1: 31.742422632872497 +/- 4.283154743888394
Background_rpf_2x0_par2: -99.99999659323935 +/- 0.0
Background_rpf_2x0_par3: 0.09999969653434108 +/- 0.015064081424387048
