Background_rpf_2x0_par0: 0.6696939191139318 +/- 0.2077169756496497
Background_rpf_2x0_par1: 27.9605813238002 +/- 5.966982638833409
Background_rpf_2x0_par2: -49.99989325778255 +/- 93.30040833702574
Background_rpf_2x0_par3: 0.09999962152803524 +/- 0.017759926501946133
