Background_rpf_2x0_par0: 0.614169747279484 +/- 0.1747290556942402
Background_rpf_2x0_par1: 31.751615161976986 +/- 6.2511539357538215
Background_rpf_2x0_par2: -99.99995290953382 +/- 83.2589134795962
Background_rpf_2x0_par3: 0.09999987713119857 +/- 0.01595864541294438
