Background_rpf_2x0_par0: 1.0134624132459131 +/- 2.516668734651991
Background_rpf_2x0_par1: 51.0307891233037 +/- 114.82600504590032
Background_rpf_2x0_par2: -49.99947806944227 +/- 0.0
Background_rpf_2x0_par3: 0.059847006027628886 +/- 0.14304134282153844
