Background_rpf_2x0_par0: 1.3212066927219284 +/- 0.27610331858556925
Background_rpf_2x0_par1: 50.00000117172196 +/- 18.357963778712392
Background_rpf_2x0_par2: -49.999999999998806 +/- 235.3982368792655
Background_rpf_2x0_par3: 0.05251518472586742 +/- 0.0
