Background_rpf_2x0_par0: 0.5000000000002432 +/- 0.045184183624557145
Background_rpf_2x0_par1: 10.000000000000231 +/- 2.908946612973237
Background_rpf_2x0_par2: -9.999999999999966 +/- 36.97827781858134
Background_rpf_2x0_par3: 0.20000000000000576 +/- 0.0
