Background_rpf_2x0_par0: 0.08476749423964708 +/- 0.03225072267734589
Background_rpf_2x0_par1: 13.522336232369423 +/- 0.0
Background_rpf_2x0_par2: -93.66453856016454 +/- 8.894388866565912
Background_rpf_2x0_par3: 0.38122297664216775 +/- 0.04223942430443312
