Background_rpf_2x0_par0: 0.5000000000002679 +/- 0.011261176642530747
Background_rpf_2x0_par1: 10.000000000000263 +/- 0.0
Background_rpf_2x0_par2: -9.99999999999985 +/- 15.693694844842717
Background_rpf_2x0_par3: 0.20000000000000417 +/- 0.0
