Background_rpf_2x0_par0: 0.07680230551384333 +/- 0.009792054555323245
Background_rpf_2x0_par1: 12.253671011346826 +/- 0.4354905086705083
Background_rpf_2x0_par2: -84.9044115187515 +/- 0.0
Background_rpf_2x0_par3: 0.42073276767630186 +/- 0.0
