Background_rpf_2x0_par0: 0.6698828688223644 +/- 0.11287523609750832
Background_rpf_2x0_par1: 27.952806286895726 +/- 4.122930374105408
Background_rpf_2x0_par2: -49.99998573957296 +/- 0.0
Background_rpf_2x0_par3: 0.09999940382972422 +/- 0.014942314733427966
