CMS_EXO26004_Background_rpf_2x0_par0: 0.023105728120081395 +/- 0.012825320555913221
CMS_EXO26004_Background_rpf_2x0_par1: 0.5048109121921113 +/- 0.8450020223344813
CMS_EXO26004_Background_rpf_2x0_par2: -3.356903346883556e-07 +/- 6.196279859279029
CMS_EXO26004_Background_rpf_2x0_par3: 0.03054823613642018 +/- 0.0
