CMS_EXO26004_Background_rpf_2x0_par0: 0.0008936612586495307 +/- 0.0002978325516021118
CMS_EXO26004_Background_rpf_2x0_par1: 2.5866999126965447e-08 +/- 0.018770438325349314
CMS_EXO26004_Background_rpf_2x0_par2: 0.14960736933385246 +/- 0.16522422415325544
