CMS_EXO26004_Background_rpf_2x0_par0: 0.46651530598078267 +/- 0.9121075057205501
CMS_EXO26004_Background_rpf_2x0_par3: 0.0019721827608224114 +/- 0.0038172601857074944
