CMS_EXO26004_Background_rpf_2x0_par0: 0.0007112549498779035 +/- 0.0001562542429222003
CMS_EXO26004_Background_rpf_2x0_par1: 0.013336409289248898 +/- 0.012095930691260977
CMS_EXO26004_Background_rpf_2x0_par2: -0.0006893188387675057 +/- 6.033858817945647
