CMS_EXO26004_Background_rpf_2x0_par0: 0.08172273052455616 +/- 0.02447481813959596
CMS_EXO26004_Background_rpf_2x0_par1: 0.9999997201871311 +/- 0.0
CMS_EXO26004_Background_rpf_2x0_par2: -4.0231427146750643e-07 +/- 2.1231733644386908
CMS_EXO26004_Background_rpf_2x0_par3: 2.0 +/- 0.46635693416983726
