CMS_AN23122_Background_rpf_2x0_par0: 10.079256836829796 +/- 2.413770580589715
CMS_AN23122_Background_rpf_2x0_par1: 50.0000025014093 +/- 139.29546419807306
CMS_AN23122_Background_rpf_2x0_par3: 0.0001081192288156629 +/- 0.0
