CMS_AN23122_Background_rpf_2x0_par0: 6.048311623921814 +/- 13.71982064000159
CMS_AN23122_Background_rpf_2x0_par1: 50.00002653808585 +/- 0.0
CMS_AN23122_Background_rpf_2x0_par3: 0.00020881627118472972 +/- 0.0004334015410819934
