CMS_EXO26004_Background_rpf_2x0_par0: 0.0007880575644566532 +/- 0.00016976250097931663
CMS_EXO26004_Background_rpf_2x0_par1: 0.009070463716838787 +/- 0.008490322364196064
