CMS_EXO26004_Background_rpf_2x0_par0: 0.18374238426563125 +/- 0.8357163918169123
CMS_EXO26004_Background_rpf_2x0_par1: 0.5056297202129413 +/- 3.5857351693382506
CMS_EXO26004_Background_rpf_2x0_par3: 0.004947397207746331 +/- 0.02298335605407132
