CMS_AN23122_Background_rpf_2x0_par0: 0.35104482389428715 +/- 1.0206378551666302
CMS_AN23122_Background_rpf_2x0_par3: 0.009019384883757588 +/- 0.025650001679623936
