CMS_AN23122_Background_rpf_2x0_par0: 0.0850350321754924 +/- 0.016235534180901044
CMS_AN23122_Background_rpf_2x0_par1: 0.5651127716052141 +/- 1.311182266286268
CMS_AN23122_Background_rpf_2x0_par3: 0.014001298429021395 +/- 0.0
