CMS_EXO26004_Background_rpf_2x0_par0: 0.9988596119154142 +/- 0.568748705837629
CMS_EXO26004_Background_rpf_2x0_par3: 0.0008734083269035717 +/- 0.0005093749827146712
