CMS_EXO26004_Background_rpf_2x0_par0: 0.00013723123083700286 +/- 1.7627457356529052e-05
CMS_EXO26004_Background_rpf_2x0_par1: 0.0005484207871443993 +/- 0.0001793643547066348
CMS_EXO26004_Background_rpf_2x0_par2: 7.541591130885358e-10 +/- 0.0002743562773084171
