CMS_EXO26004_Background_rpf_2x0_par0: 0.00013722983702550842 +/- 1.7686070454348284e-05
CMS_EXO26004_Background_rpf_2x0_par1: 0.0005484202801988084 +/- 0.00018032004150507467
CMS_EXO26004_Background_rpf_2x0_par2: 7.090325871458684e-10 +/- 0.00027562544623072706
