CMS_EXO26004_Background_rpf_2x0_par0: 0.14596227391917932 +/- 0.519708792508698
CMS_EXO26004_Background_rpf_2x0_par1: 0.872745048456786 +/- 3.229140857612616
CMS_EXO26004_Background_rpf_2x0_par2: -0.3109681596142513 +/- 1.2792692527298162
CMS_EXO26004_Background_rpf_2x0_par3: 0.0008314444228322468 +/- 0.00299253276210422
