CMS_AN23122_Background_rpf_2x0_par0: 3.5713370033602656 +/- 7.511126141505153
CMS_AN23122_Background_rpf_2x0_par1: 50.00000147078875 +/- 0.0
CMS_AN23122_Background_rpf_2x0_par3: 0.00027401473369433765 +/- 0.0004905880342378403
