CMS_AN23122_Background_rpf_2x0_par0: 3.616557180186452 +/- 0.5958732489339316
CMS_AN23122_Background_rpf_2x0_par1: 50.00000154833323 +/- 18.791415532941606
CMS_AN23122_Background_rpf_2x0_par3: 0.0002716572664308595 +/- 0.0
