CMS_AN23122_Background_rpf_2x0_par0: 6.049631538431714 +/- 0.9394372540507769
CMS_AN23122_Background_rpf_2x0_par1: 50.000026428468956 +/- 30.79826672212641
CMS_AN23122_Background_rpf_2x0_par3: 0.00020877344574161163 +/- 0.0
