CMS_EXO26004_Background_rpf_2x0_par0: 0.4947647037625676 +/- 1.375643833600692
CMS_EXO26004_Background_rpf_2x0_par3: 0.0018603741898627465 +/- 0.0051178225556538955
