CMS_EXO26004_Background_rpf_2x0_par0: 0.0007670051800711534 +/- 0.00019284999557854908
CMS_EXO26004_Background_rpf_2x0_par1: 0.008411700503034051 +/- 0.013056158834223985
