CMS_EXO26004_Background_rpf_2x0_par0: 0.08173631027461263 +/- 0.02460332659705452
CMS_EXO26004_Background_rpf_2x0_par1: 0.9999998722611898 +/- 0.0
CMS_EXO26004_Background_rpf_2x0_par2: -1.9000087466314493e-07 +/- 2.0619485672972186
CMS_EXO26004_Background_rpf_2x0_par3: 1.9999999999999998 +/- 0.46764672420509834
