CMS_EXO26004_Background_rpf_2x0_par0: 0.021578095386949867 +/- 0.011884938615967396
CMS_EXO26004_Background_rpf_2x0_par1: 0.5013650819370021 +/- 0.7871898813987607
CMS_EXO26004_Background_rpf_2x0_par2: -9.706770517424555e-07 +/- 5.526103412593328
CMS_EXO26004_Background_rpf_2x0_par3: 0.03234428834990805 +/- 0.0
