CMS_EXO26004_Background_rpf_2x0_par0: 0.13767146490015603 +/- 1.0302093573435755
CMS_EXO26004_Background_rpf_2x0_par1: 0.500006686100226 +/- 4.754490601108689
CMS_EXO26004_Background_rpf_2x0_par3: 0.006547657474919788 +/- 0.05021248672992857
