CMS_EXO26004_Background_rpf_2x0_par0: 0.0009329480238739337 +/- 0.00019566591621023583
CMS_EXO26004_Background_rpf_2x0_par1: 2.4386413082031627e-09 +/- 0.00827049463659757
CMS_EXO26004_Background_rpf_2x0_par2: 0.040075492400415816 +/- 0.0
