CMS_EXO26004_Background_rpf_2x0_par0: 0.08170029007614375 +/- 0.028345740617346998
CMS_EXO26004_Background_rpf_2x0_par1: 0.9999999891363935 +/- 0.0
CMS_EXO26004_Background_rpf_2x0_par2: -7.543130526936419e-06 +/- 2.711619009844759
CMS_EXO26004_Background_rpf_2x0_par3: 2.0 +/- 0.5453210522263476
