CMS_AN23122_Background_rpf_2x0_par0: 0.10600987734168635 +/- 0.048531189388550666
CMS_AN23122_Background_rpf_2x0_par1: 0.6162190876054966 +/- 4.680565129656446
CMS_AN23122_Background_rpf_2x0_par2: -2.6395355267556713e-06 +/- 38.57126789628175
CMS_AN23122_Background_rpf_2x0_par3: 0.007443065947670484 +/- 0.0
