CMS_AN23122_Background_rpf_2x0_par0: 0.07522463902575002 +/- 0.014402657730086164
CMS_AN23122_Background_rpf_2x0_par1: 0.5517282761507103 +/- 1.1604434950034916
CMS_AN23122_Background_rpf_2x0_par3: 0.015793220697624087 +/- 0.0
