CMS_AN23122_Background_rpf_2x0_par0: 0.717165640186269 +/- 0.0
CMS_AN23122_Background_rpf_2x0_par3: 0.028463740455050273 +/- 0.004809084425877979
