CMS_EXO26004_Background_rpf_2x0_par0: 0.0008019104920116709 +/- 0.00018816794156360512
CMS_EXO26004_Background_rpf_2x0_par1: 0.005864973412035701 +/- 0.01219521111451016
