CMS_EXO26004_Background_rpf_2x0_par0: 0.10546058005997146 +/- 0.014380112480877517
CMS_EXO26004_Background_rpf_2x0_par1: 0.6318519727699448 +/- 0.14615623971298244
CMS_EXO26004_Background_rpf_2x0_par2: -0.23298579926471336 +/- 0.21418429728078447
CMS_EXO26004_Background_rpf_2x0_par3: 0.0011498637591054494 +/- 0.0
