CMS_AN23122_Background_rpf_2x0_par0: 0.07612960640648833 +/- 0.014566805356098668
CMS_AN23122_Background_rpf_2x0_par1: 0.554602881398263 +/- 1.173821233635068
CMS_AN23122_Background_rpf_2x0_par3: 0.015610367894542263 +/- 0.0
