CMS_EXO26004_Background_rpf_2x0_par0: 0.0009030350028631866 +/- 0.0001826820395318228
CMS_EXO26004_Background_rpf_2x0_par1: 0.005437585338009057 +/- 0.006280026486910698
