CMS_EXO26004_Background_rpf_2x0_par0: 0.0008117812714184217 +/- 0.00023022866943239007
CMS_EXO26004_Background_rpf_2x0_par1: 0.008793888143043363 +/- 0.008737402993157352
CMS_EXO26004_Background_rpf_2x0_par2: -1.754846622663113e-06 +/- 7.250870371029122
