CMS_EXO26004_Background_rpf_2x0_par0: 0.08380035924147393 +/- 0.012616965469258746
CMS_EXO26004_Background_rpf_2x0_par1: 0.5000001162749255 +/- 0.13592216800610293
CMS_EXO26004_Background_rpf_2x0_par2: -0.17887644763622754 +/- 0.1949659106288696
CMS_EXO26004_Background_rpf_2x0_par3: 0.0014494248029787537 +/- 0.0
