CMS_AN23122_Background_rpf_2x0_par0: 0.7830353521211282 +/- 0.5038140999973695
CMS_AN23122_Background_rpf_2x0_par1: 50.00000029239783 +/- 17.26999488795314
CMS_AN23122_Background_rpf_2x0_par2: -49.9999994488297 +/- 0.0
CMS_AN23122_Background_rpf_2x0_par3: 0.01385673814048934 +/- 0.0
