CMS_AN23122_Background_rpf_2x0_par0: 0.7830536071808886 +/- 0.3326388205415764
CMS_AN23122_Background_rpf_2x0_par1: 50.000000000000064 +/- 0.0
CMS_AN23122_Background_rpf_2x0_par2: -50.0 +/- 0.0
CMS_AN23122_Background_rpf_2x0_par3: 0.013855774917539474 +/- 0.0
