CMS_EXO26004_Background_rpf_2x0_par0: 0.0009023809750266024 +/- 0.0001837930201346361
CMS_EXO26004_Background_rpf_2x0_par1: 0.005621566412085547 +/- 0.006409254253096558
