CMS_EXO26004_Background_rpf_2x0_par0: 0.0817174344225709 +/- 0.024040908583733374
CMS_EXO26004_Background_rpf_2x0_par1: 0.9999999037200332 +/- 0.0
CMS_EXO26004_Background_rpf_2x0_par2: -5.5989027712482695e-08 +/- 1.8769861029466792
CMS_EXO26004_Background_rpf_2x0_par3: 2.0 +/- 0.45992445971126106
