CMS_EXO26004_Background_rpf_2x0_par0: 0.057765483488804455 +/- 0.010751931616150739
CMS_EXO26004_Background_rpf_2x0_par1: 0.9999949809772793 +/- 0.1798624192881924
CMS_EXO26004_Background_rpf_2x0_par2: -0.9072890918478639 +/- 0.1703865160484981
CMS_EXO26004_Background_rpf_2x0_par3: 1.4742714495741311 +/- 0.26980448990865674
