CMS_EXO26004_Background_rpf_2x0_par0: 0.05423756274162269 +/- 0.014302419290408066
CMS_EXO26004_Background_rpf_2x0_par1: 0.500770873222546 +/- 0.6804239382763634
CMS_EXO26004_Background_rpf_2x0_par2: -5.294890777784739e-07 +/- 0.0
CMS_EXO26004_Background_rpf_2x0_par3: 0.015183578514563506 +/- 0.0
