CMS_AN23122_Background_rpf_2x0_par0: 0.979228804346616 +/- 0.5142469744855588
CMS_AN23122_Background_rpf_2x0_par3: 0.0008211548271408467 +/- 0.00044397876463233074
