CMS_EXO26004_Background_rpf_2x0_par0: 0.0835137192503227 +/- 0.012618575921650409
CMS_EXO26004_Background_rpf_2x0_par1: 0.502140820811629 +/- 0.13611497231257005
CMS_EXO26004_Background_rpf_2x0_par2: -0.18709882405499748 +/- 0.19521072224110442
CMS_EXO26004_Background_rpf_2x0_par3: 0.0014505132205757966 +/- 0.0
