Background_rpf_2x0_par0: 2.8311254069329816 +/- 5.8013653602584885
Background_rpf_2x0_par1: 52.03942158219766 +/- 104.82749253799182
Background_rpf_2x0_par2: -44.695569066064415 +/- 0.0
Background_rpf_2x0_par3: 0.05327789208335662 +/- 0.10850993076619468
