CMS_EXO26004_Background_rpf_2x0_par0: 0.027807289694331612 +/- 0.00594560560712699
CMS_EXO26004_Background_rpf_2x0_par1: 0.5019159480261792 +/- 0.19901999618030264
CMS_EXO26004_Background_rpf_2x0_par2: -7.40059666108476e-07 +/- 0.0
CMS_EXO26004_Background_rpf_2x0_par3: 0.02650080652188506 +/- 0.0
