CMS_EXO26004_Background_rpf_2x0_par0: 0.0008971355988238758 +/- 0.0003881714289174503
CMS_EXO26004_Background_rpf_2x0_par1: 1.3092085994145537e-08 +/- 0.025993799598247786
CMS_EXO26004_Background_rpf_2x0_par2: 0.13459449438585966 +/- 0.31236509930999573
