CMS_EXO26004_Background_rpf_2x0_par0: 0.9959761104667044 +/- 0.5191547319613188
CMS_EXO26004_Background_rpf_2x0_par3: 0.0008717923022285316 +/- 0.0004634994987840194
