CMS_AN23122_Background_rpf_2x0_par0: 0.07730060179804515 +/- 0.01480646282221175
CMS_AN23122_Background_rpf_2x0_par1: 0.5535122123102415 +/- 1.1929629887793458
CMS_AN23122_Background_rpf_2x0_par3: 0.015383845480242632 +/- 0.0
