CMS_EXO26004_Background_rpf_2x0_par0: 0.0007845007585701385 +/- 0.0001661638507553089
CMS_EXO26004_Background_rpf_2x0_par1: 0.009746401417225036 +/- 0.007830019056263241
