CMS_EXO26004_Background_rpf_2x0_par0: 0.7906346667028202 +/- 4.877391668259177
CMS_EXO26004_Background_rpf_2x0_par3: 0.0011684274110701036 +/- 0.007210633203927329
