CMS_AN23122_Background_rpf_2x0_par0: 0.06107778118723564 +/- 0.015460833896775451
CMS_AN23122_Background_rpf_2x0_par1: 0.6345277137280252 +/- 1.2615045756535856
CMS_AN23122_Background_rpf_2x0_par3: 0.08166817365261257 +/- 0.0
