CMS_EXO26004_Background_rpf_2x0_par0: 0.024181068053805106 +/- 0.013172458390850522
CMS_EXO26004_Background_rpf_2x0_par1: 0.5041243172672009 +/- 0.8571345647758176
CMS_EXO26004_Background_rpf_2x0_par2: -2.2265057440969127e-10 +/- 10.375871994297446
CMS_EXO26004_Background_rpf_2x0_par3: 0.029553045308115877 +/- 0.0
