Background_rpf_2x0_par0: 0.1536437436305491 +/- 0.005124738586167374
Background_rpf_2x0_par1: 3.522476070723232 +/- 0.2646946873953607
Background_rpf_2x0_par2: -2.661116435669995 +/- 0.6360366158535736
Background_rpf_2x0_par3: 0.18307899008391726 +/- 0.0
