Background_rpf_2x0_par0: 0.15364192890263456 +/- 0.005124717808066994
Background_rpf_2x0_par1: 3.5225479721641184 +/- 0.264692552932659
Background_rpf_2x0_par2: -2.661572873330104 +/- 0.6359302459538934
Background_rpf_2x0_par3: 0.18307942267681626 +/- 0.0
