CMS_EXO26004_Background_rpf_2x0_par0: 0.4104960897609033 +/- 0.0710761053119492
CMS_EXO26004_Background_rpf_2x0_par1: 0.500026031813734 +/- 5.8042265537356625
CMS_EXO26004_Background_rpf_2x0_par3: 0.002237923024854203 +/- 0.0
