CMS_EXO26004_Background_rpf_2x0_par0: 0.000925076216798089 +/- 0.00012994216133328478
CMS_EXO26004_Background_rpf_2x0_par1: 8.243085329443824e-09 +/- 0.0
CMS_EXO26004_Background_rpf_2x0_par2: 0.07050530656363631 +/- 0.13340587061244855
