CMS_EXO26004_Background_rpf_2x0_par0: 0.09478514975028364 +/- 0.049636812804968226
CMS_EXO26004_Background_rpf_2x0_par1: 0.5171971394173726 +/- 3.509571837113667
CMS_EXO26004_Background_rpf_2x0_par2: -2.985470405167997e-06 +/- 45.331167713462456
CMS_EXO26004_Background_rpf_2x0_par3: 0.009246967332631972 +/- 0.0
