CMS_EXO26004_Background_rpf_2x0_par0: 0.7446975404403674 +/- 0.07735798846946391
CMS_EXO26004_Background_rpf_2x0_par3: 0.00123985138721009 +/- 0.0
