CMS_EXO26004_Background_rpf_2x0_par0: 0.4168732951711664 +/- 0.04353599804648783
CMS_EXO26004_Background_rpf_2x0_par3: 0.0022031622637152253 +/- 0.0
