CMS_EXO26004_Background_rpf_2x0_par0: 0.0008024912751333448 +/- 0.00019467770693507006
CMS_EXO26004_Background_rpf_2x0_par1: 0.006025311989172817 +/- 0.012816410714460755
