CMS_EXO26004_Background_rpf_2x0_par0: 0.04275325638162214 +/- 0.012571206026574978
CMS_EXO26004_Background_rpf_2x0_par1: 0.500011484790893 +/- 0.6089855003677697
CMS_EXO26004_Background_rpf_2x0_par2: -7.961483145272827e-09 +/- 0.0
CMS_EXO26004_Background_rpf_2x0_par3: 0.018752706734937345 +/- 0.0
