CMS_EXO26004_Background_rpf_2x0_par0: 0.014563055780694069 +/- 0.011463985918871876
CMS_EXO26004_Background_rpf_2x0_par1: 0.4865885876048825 +/- 0.39710540212344536
