CMS_EXO26004_Background_rpf_2x0_par0: 0.01456290156473336 +/- 0.01024475139337632
CMS_EXO26004_Background_rpf_2x0_par1: 0.48662382619064665 +/- 0.30149445947236925
