CMS_EXO26004_Background_rpf_2x0_par0: 0.9654050479515629 +/- 0.45174288080551084
CMS_EXO26004_Background_rpf_2x0_par3: 0.0009579169369597577 +/- 0.0004935415353409842
