CMS_AN23122_Background_rpf_2x0_par0: 0.29361181856419005 +/- 0.6845227091257395
CMS_AN23122_Background_rpf_2x0_par3: 0.0108406622333887 +/- 0.0237963646373983
