CMS_AN23122_Background_rpf_1x0_par0: 0.01387641177363349 +/- 0.006223029153513024
CMS_AN23122_Background_rpf_1x0_par1: 0.5917467121627948 +/- 0.220428482949757
