CMS_AN23122_Background_rpf_1x0_par0: 0.013891441629945664 +/- 0.006420127901479215
CMS_AN23122_Background_rpf_1x0_par1: 0.5911672298495566 +/- 0.24363495435989485
