CMS_EXO26004_Background_rpf_2x0_par0: 0.0007359368901731477 +/- 0.0001592842585502371
CMS_EXO26004_Background_rpf_2x0_par1: 0.01322447817793686 +/- 0.007534948470905902
CMS_EXO26004_Background_rpf_2x0_par2: -3.954735844358126e-15 +/- 3.1578171194885347
