Background_rpf_1x0_par0: 0.04683551010585763 +/- 0.010412373712786081
Background_rpf_1x0_par1: 1.0779408005000906 +/- 0.37270675225418026
