Background_rpf_1x0_par0: 0.046835509333925066 +/- 0.01306276740068731
Background_rpf_1x0_par1: 1.078259005413092 +/- 0.769806672711463
