CMS_EXO26004_Background_rpf_2x0_par0: 0.05081889081473578 +/- 0.0009981127060940654
CMS_EXO26004_Background_rpf_2x0_par1: 0.8798049686622319 +/- 0.04092066097123097
CMS_EXO26004_Background_rpf_2x0_par2: -0.7981897464399564 +/- 0.17979524478720835
CMS_EXO26004_Background_rpf_2x0_par3: 1.6757623286404892 +/- 0.0
