CMS_EXO26004_Background_rpf_2x0_par0: 0.023200177880412683 +/- 0.003876018155726657
CMS_EXO26004_Background_rpf_2x0_par1: 0.5046445443851528 +/- 0.0
CMS_EXO26004_Background_rpf_2x0_par2: -2.0737318112695746e-14 +/- 0.0
CMS_EXO26004_Background_rpf_2x0_par3: 0.03052496353913706 +/- 0.0
