CMS_AN23122_Background_rpf_2x0_par0: 0.059999130429593 +/- 0.015218021581244233
CMS_AN23122_Background_rpf_2x0_par1: 0.6417256504582955 +/- 1.244957413170828
CMS_AN23122_Background_rpf_2x0_par3: 0.08309985730089309 +/- 0.0
