CMS_EXO26004_Background_rpf_2x0_par0: 0.08459962882287717 +/- 0.016416983980926197
CMS_EXO26004_Background_rpf_2x0_par1: 0.518797072999537 +/- 0.8583213654712918
CMS_EXO26004_Background_rpf_2x0_par2: -5.918561679328638e-07 +/- 0.0
CMS_EXO26004_Background_rpf_2x0_par3: 0.009671985157552708 +/- 0.0
