CMS_AN23122_Background_rpf_2x0_par0: 13.865227628345822 +/- 2.4943166459660984
CMS_AN23122_Background_rpf_2x0_par1: 50.06843411490823 +/- 95.41750233496478
CMS_AN23122_Background_rpf_2x0_par3: 0.00010566698889317266 +/- 0.0
