CMS_AN23122_Background_rpf_2x0_par0: 8.723973297399318 +/- 20.261305539740828
CMS_AN23122_Background_rpf_2x0_par1: 50.00004274778529 +/- 0.0
CMS_AN23122_Background_rpf_2x0_par3: 0.0001645666808519434 +/- 0.0003604895047895882
