CMS_AN23122_Background_rpf_2x0_par0: 0.061917376630334545 +/- 0.015688581075425572
CMS_AN23122_Background_rpf_2x0_par1: 0.6218073339720973 +/- 1.2833911467556054
CMS_AN23122_Background_rpf_2x0_par3: 0.08063724355000763 +/- 0.0
