CMS_AN23122_Background_rpf_2x0_par0: 0.0922713920450805 +/- 0.6650550193564349
CMS_AN23122_Background_rpf_2x0_par1: 0.5750792538729964 +/- 5.447711293476733
CMS_AN23122_Background_rpf_2x0_par3: 0.012887395359370096 +/- 0.0944686343219889
