CMS_AN23122_Background_rpf_1x0_par0: 0.0007711387674916889 +/- 0.00013169125828771126
CMS_AN23122_Background_rpf_1x0_par1: 0.007282835102193611 +/- 0.004409001652770166
