CMS_EXO26004_Background_rpf_2x0_par0: 0.09192639556591825 +/- 0.012561831113743444
CMS_EXO26004_Background_rpf_2x0_par1: 0.5499700109237494 +/- 0.12801423101866238
CMS_EXO26004_Background_rpf_2x0_par2: -0.19621845958991646 +/- 0.18747928269098454
CMS_EXO26004_Background_rpf_2x0_par3: 0.0013201708045932877 +/- 0.0
