CMS_AN23122_Background_rpf_2x0_par0: 10.880557912255016 +/- 35.50458771953621
CMS_AN23122_Background_rpf_2x0_par1: 50.00006319678665 +/- 0.0
CMS_AN23122_Background_rpf_2x0_par3: 0.00045094217787541353 +/- 0.0013686929584609013
