CMS_AN23122_Background_rpf_2x0_par0: 0.07298737984014228 +/- 0.019380571408337606
CMS_AN23122_Background_rpf_2x0_par1: 0.5025217366149282 +/- 0.6556550679983544
CMS_AN23122_Background_rpf_2x0_par2: -1.190968495720342e-06 +/- 0.0
CMS_AN23122_Background_rpf_2x0_par3: 0.042549967909807467 +/- 0.0
