CMS_EXO26004_Background_rpf_2x0_par0: 0.000895712623803854 +/- 0.00031584232867112183
CMS_EXO26004_Background_rpf_2x0_par1: 3.6417791728755e-09 +/- 0.020366050967761798
CMS_EXO26004_Background_rpf_2x0_par2: 0.1275975846281988 +/- 0.18220606178945703
