CMS_AN23122_Background_rpf_2x0_par0: 0.13393914645196506 +/- 0.20909877869817478
CMS_AN23122_Background_rpf_2x0_par3: 0.023235383236724947 +/- 0.032169542525407775
