CMS_EXO26004_Background_rpf_2x0_par0: 0.0009232494760867999 +/- 0.00020552950478784843
CMS_EXO26004_Background_rpf_2x0_par1: 4.704593959263298e-07 +/- 0.009235198783829163
CMS_EXO26004_Background_rpf_2x0_par2: 1.278995964164504e-07 +/- 0.0
