CMS_EXO26004_Background_rpf_2x0_par0: 0.0007052169835667773 +/- 0.0001649826422769803
CMS_EXO26004_Background_rpf_2x0_par1: 0.015580473459294211 +/- 0.008047809832110113
CMS_EXO26004_Background_rpf_2x0_par2: -3.517158287649671e-08 +/- 3.3431408160542153
