CMS_AN23122_Background_rpf_2x0_par0: 0.08928379950740117 +/- 0.017063503928689983
CMS_AN23122_Background_rpf_2x0_par1: 0.5669884181492932 +/- 1.3833012854490072
CMS_AN23122_Background_rpf_2x0_par3: 0.013331545782490566 +/- 0.0
