CMS_AN23122_Background_rpf_2x0_par0: 0.0651629917184373 +/- 0.023311318200165052
CMS_AN23122_Background_rpf_2x0_par1: 0.5082039171706403 +/- 2.0126159913092723
CMS_AN23122_Background_rpf_2x0_par2: -1.2563088783559872e-05 +/- 23.36804552244974
CMS_AN23122_Background_rpf_2x0_par3: 0.011982652114993584 +/- 0.0
