CMS_AN23122_Background_rpf_2x0_par0: 0.05907679541325611 +/- 0.020484304204403662
CMS_AN23122_Background_rpf_2x0_par1: 0.5632378593137869 +/- 1.7742263895345138
CMS_AN23122_Background_rpf_2x0_par2: -0.00028377389059664805 +/- 21.025547013653615
CMS_AN23122_Background_rpf_2x0_par3: 0.012979768260703487 +/- 0.0
