CMS_AN23122_Background_rpf_2x0_par0: 0.07469635494681658 +/- 0.5122319457436934
CMS_AN23122_Background_rpf_2x0_par1: 0.5482441936994985 +/- 4.754548496317932
CMS_AN23122_Background_rpf_2x0_par3: 0.015912333662374413 +/- 0.11098031998201349
