CMS_EXO26004_Background_rpf_2x0_par0: 0.18746530248938145 +/- 0.04011903452563007
CMS_EXO26004_Background_rpf_2x0_par1: 0.5028339068935367 +/- 1.5536653388920179
CMS_EXO26004_Background_rpf_2x0_par3: 0.0048822682699445055 +/- 0.0
