CMS_EXO26004_Background_rpf_2x0_par0: 0.777172308887898 +/- 1.7228430083367614
CMS_EXO26004_Background_rpf_2x0_par3: 0.001188706511046328 +/- 0.0026189017047565204
