CMS_EXO26004_Background_rpf_2x0_par0: 0.0007152493611377211 +/- 0.00015847202729563705
CMS_EXO26004_Background_rpf_2x0_par1: 0.012952374191302376 +/- 0.01227614485912445
CMS_EXO26004_Background_rpf_2x0_par2: -0.001335128662349827 +/- 6.342312648949701
