CMS_EXO26004_Background_rpf_2x0_par0: 0.000902691601979122 +/- 0.00012247904874211157
CMS_EXO26004_Background_rpf_2x0_par1: 1.3631400900355941e-08 +/- 0.0
CMS_EXO26004_Background_rpf_2x0_par2: 0.12360846005645516 +/- 0.12799054060338827
