CMS_EXO26004_Background_rpf_2x0_par0: 0.03167563788021822 +/- 0.009943069292932516
CMS_EXO26004_Background_rpf_2x0_par1: 0.5001165918143273 +/- 0.5321884815085128
CMS_EXO26004_Background_rpf_2x0_par2: -8.56165123535712e-06 +/- 0.0
CMS_EXO26004_Background_rpf_2x0_par3: 0.02393733789263226 +/- 0.0
