CMS_AN23122_Background_rpf_2x0_par0: 0.0729527473680234 +/- 0.01940145880483956
CMS_AN23122_Background_rpf_2x0_par1: 0.5036219136270775 +/- 0.6570635273803567
CMS_AN23122_Background_rpf_2x0_par2: -1.7471399010220504e-07 +/- 0.0
CMS_AN23122_Background_rpf_2x0_par3: 0.04254901100793166 +/- 0.0
