CMS_EXO26004_Background_rpf_2x0_par0: 0.023360045391578495 +/- 0.012398279982359789
CMS_EXO26004_Background_rpf_2x0_par1: 0.5049415167215522 +/- 0.815234396640164
CMS_EXO26004_Background_rpf_2x0_par2: -4.3757156505163167e-07 +/- 5.769999670282173
CMS_EXO26004_Background_rpf_2x0_par3: 0.03029541734167601 +/- 0.0
