CMS_EXO26004_Background_rpf_2x0_par0: 0.0008931652126885085 +/- 0.000318111479348904
CMS_EXO26004_Background_rpf_2x0_par1: 1.1062037591003712e-08 +/- 0.020013372737446817
CMS_EXO26004_Background_rpf_2x0_par2: 0.14871015912553726 +/- 0.18866639295302737
