CMS_EXO26004_Background_rpf_2x0_par0: 0.0007030272805527062 +/- 0.00015383092217293798
CMS_EXO26004_Background_rpf_2x0_par1: 0.01402056228427549 +/- 0.011820716536524526
CMS_EXO26004_Background_rpf_2x0_par2: -2.336362103226011e-06 +/- 5.796246736242581
