CMS_AN23122_Background_rpf_2x0_par0: 0.07212801568242387 +/- 0.024975633486592933
CMS_AN23122_Background_rpf_2x0_par1: 0.5846649554919064 +/- 2.1554459285589167
CMS_AN23122_Background_rpf_2x0_par2: -4.3784403939771226e-06 +/- 25.194163788960214
CMS_AN23122_Background_rpf_2x0_par3: 0.010734259870226177 +/- 0.0
