Background_rpf_2x0_par0: 1.0096300275916508 +/- 3.298411034247326
Background_rpf_2x0_par1: 50.7622442380348 +/- 154.62623625484852
Background_rpf_2x0_par2: -49.999900289589156 +/- 0.0
Background_rpf_2x0_par3: 0.06012759400608196 +/- 0.19129840161742795
