Background_rpf_2x0_par0: 1.9499046585681543 +/- 0.05849788999367594
Background_rpf_2x0_par1: 62.59624153540752 +/- 5.754219322230875
Background_rpf_2x0_par2: -49.999998158518984 +/- 0.0
Background_rpf_2x0_par3: 0.0467744947866705 +/- 0.0
