Background_rpf_2x0_par0: 1.0077570235181534 +/- 0.08766998193103322
Background_rpf_2x0_par1: 50.67820894592004 +/- 4.519009353565316
Background_rpf_2x0_par2: -49.999969139133256 +/- 0.0
Background_rpf_2x0_par3: 0.06023561952085119 +/- 0.0
