Background_rpf_2x0_par0: 1.0077632594713086 +/- 0.0876782558625319
Background_rpf_2x0_par1: 50.67848607174582 +/- 4.519477443315491
Background_rpf_2x0_par2: -49.9999691395815 +/- 0.0
Background_rpf_2x0_par3: 0.0602352646787403 +/- 0.0
