Background_rpf_2x0_par0: 1.0076949341728532 +/- 0.08769234309572192
Background_rpf_2x0_par1: 50.675173076737046 +/- 4.520521423181967
Background_rpf_2x0_par2: -49.999971034051896 +/- 0.0
Background_rpf_2x0_par3: 0.0602393544958138 +/- 0.0
