Background_rpf_2x0_par0: 1.949904555387977 +/- 0.05849602387458358
Background_rpf_2x0_par1: 62.59623417023886 +/- 5.753911640966742
Background_rpf_2x0_par2: -49.99999801249216 +/- 0.0
Background_rpf_2x0_par3: 0.04677449706429788 +/- 0.0
