Background_rpf_2x0_par0: 1.007763363122312 +/- 6.071395221436401
Background_rpf_2x0_par1: 50.67848370254573 +/- 285.8093133266502
Background_rpf_2x0_par2: -49.999968278042914 +/- 0.0
Background_rpf_2x0_par3: 0.06023526622811614 +/- 0.35416258030585934
