Background_rpf_2x0_par0: 1.0069630877067342 +/- 0.1617721229519922
Background_rpf_2x0_par1: 50.74080365118343 +/- 10.706721738015254
Background_rpf_2x0_par2: -49.99995717121647 +/- 138.20364531446128
Background_rpf_2x0_par3: 0.0602112904850294 +/- 0.0
