CMS_EXO26004_Background_rpf_2x0_par0: 0.023625378305350466 +/- 0.012892873996403589
CMS_EXO26004_Background_rpf_2x0_par1: 0.504305049992769 +/- 0.8500625049805675
CMS_EXO26004_Background_rpf_2x0_par2: -1.3918529868678798e-07 +/- 6.006732895173169
CMS_EXO26004_Background_rpf_2x0_par3: 0.03009982398428433 +/- 0.0
