CMS_AN23122_Background_rpf_2x0_par0: 0.06564269547735621 +/- 0.016635333851837332
CMS_AN23122_Background_rpf_2x0_par1: 0.5484489148949007 +/- 1.4240133185839867
CMS_AN23122_Background_rpf_2x0_par3: 0.07631592333757146 +/- 0.0
