CMS_EXO26004_Background_rpf_2x0_par0: 0.05140722238206383 +/- 0.009545068119060147
CMS_EXO26004_Background_rpf_2x0_par1: 0.5011128097189147 +/- 0.36962242435098336
CMS_EXO26004_Background_rpf_2x0_par2: -7.147220050958674e-07 +/- 0.0
CMS_EXO26004_Background_rpf_2x0_par3: 0.015494912900442415 +/- 0.0
