CMS_EXO26004_Background_rpf_2x0_par0: 0.0008956568759579297 +/- 0.0003292493106384315
CMS_EXO26004_Background_rpf_2x0_par1: 1.0967144819249222e-08 +/- 0.021269008805468285
CMS_EXO26004_Background_rpf_2x0_par2: 0.14671136851298097 +/- 0.21037842788839864
