CMS_AN23122_Background_rpf_1x0_par0: 0.0011898448463875085 +/- 0.0002159087912767505
CMS_AN23122_Background_rpf_1x0_par1: 0.008563614664849279 +/- 0.016874126817767975
