CMS_AN23122_Background_rpf_2x0_par0: 0.056147364064428835 +/- 0.019773838606302396
CMS_AN23122_Background_rpf_2x0_par1: 0.5039860814316486 +/- 1.7134391774533426
CMS_AN23122_Background_rpf_2x0_par2: -2.0937337355791258e-07 +/- 20.129830995341983
CMS_AN23122_Background_rpf_2x0_par3: 0.013779409709106967 +/- 0.0
