CMS_EXO26004_Background_rpf_2x0_par0: 0.08173018629125585 +/- 0.024631325252839724
CMS_EXO26004_Background_rpf_2x0_par1: 0.9999982087246755 +/- 0.0
CMS_EXO26004_Background_rpf_2x0_par2: -1.597374241451622e-06 +/- 2.2472297009212756
CMS_EXO26004_Background_rpf_2x0_par3: 1.9999999999999998 +/- 0.46745004577798793
