CMS_EXO26004_Background_rpf_2x0_par0: 0.05770566067761399 +/- 0.010599234653091354
CMS_EXO26004_Background_rpf_2x0_par1: 0.9991319225438123 +/- 0.1776013323698347
CMS_EXO26004_Background_rpf_2x0_par2: -0.9066267529616681 +/- 0.24558637373772937
CMS_EXO26004_Background_rpf_2x0_par3: 1.4757463126018604 +/- 0.26563261559010554
