CMS_AN23122_Background_rpf_2x0_par0: 0.14204825653136954 +/- 0.036766310591376215
CMS_AN23122_Background_rpf_2x0_par1: 0.5013885412479222 +/- 2.8164325073638796
CMS_AN23122_Background_rpf_2x0_par3: 0.0056846758939824065 +/- 0.0
