CMS_EXO26004_Background_rpf_2x0_par0: 0.0924217947705995 +/- 0.019968918640931598
CMS_EXO26004_Background_rpf_2x0_par1: 0.5042426659266033 +/- 0.7276545582626093
CMS_EXO26004_Background_rpf_2x0_par2: -1.9998070245372297 +/- 0.0
CMS_EXO26004_Background_rpf_2x0_par3: 0.009712075157990357 +/- 0.0
