CMS_EXO26004_Background_rpf_2x0_par0: 0.0007651768451548758 +/- 0.00019173887206286775
CMS_EXO26004_Background_rpf_2x0_par1: 0.009060214899854181 +/- 0.012006021994041806
