CMS_AN23122_Background_rpf_2x0_par0: 0.07435349904122644 +/- 0.01421891309970581
CMS_AN23122_Background_rpf_2x0_par1: 0.5309025328957147 +/- 1.1756493147979565
CMS_AN23122_Background_rpf_2x0_par3: 0.015993469140905818 +/- 0.0
