CMS_EXO26004_Background_rpf_2x0_par0: 0.0527548922016819 +/- 0.009752929885336997
CMS_EXO26004_Background_rpf_2x0_par1: 0.5176533634914029 +/- 0.37449001717142705
CMS_EXO26004_Background_rpf_2x0_par2: -6.996582043014273e-05 +/- 0.0
CMS_EXO26004_Background_rpf_2x0_par3: 0.015070281700695838 +/- 0.0
