CMS_EXO26004_Background_rpf_2x0_par0: 0.046343630782282035 +/- 0.012806637149731922
CMS_EXO26004_Background_rpf_2x0_par1: 0.5002218120433889 +/- 0.5998449076079181
CMS_EXO26004_Background_rpf_2x0_par2: -1.6975915838736248e-07 +/- 0.0
CMS_EXO26004_Background_rpf_2x0_par3: 0.01752903319179415 +/- 0.0
