CMS_EXO26004_Background_rpf_2x0_par0: 0.021573831769146852 +/- 0.012087959477879731
CMS_EXO26004_Background_rpf_2x0_par1: 0.5015338260705264 +/- 0.8006975893294778
CMS_EXO26004_Background_rpf_2x0_par2: -2.064599192778678e-05 +/- 5.615532107080384
CMS_EXO26004_Background_rpf_2x0_par3: 0.03234220205490244 +/- 0.0
