CMS_EXO26004_Background_rpf_2x0_par0: 0.02413750793332791 +/- 0.044822724609457146
CMS_EXO26004_Background_rpf_2x0_par1: 0.5040088033436355 +/- 2.4160981136956567
CMS_EXO26004_Background_rpf_2x0_par2: -5.093433502570714e-07 +/- 57.954760204656694
CMS_EXO26004_Background_rpf_2x0_par3: 0.029535585172124585 +/- 0.0
