CMS_AN23122_Background_rpf_2x0_par0: 0.06718253982572026 +/- 0.01852954180216656
CMS_AN23122_Background_rpf_2x0_par1: 0.6043689577071059 +/- 1.518905715847667
CMS_AN23122_Background_rpf_2x0_par3: 0.06846287260461367 +/- 0.0
