CMS_AN23122_Background_rpf_2x0_par0: 0.07541559248251836 +/- 0.012769212585988603
CMS_AN23122_Background_rpf_2x0_par1: 0.5214812891977335 +/- 0.0
CMS_AN23122_Background_rpf_2x0_par3: 0.015775737130315545 +/- 0.0
