CMS_EXO26004_Background_rpf_2x0_par0: 0.9302045056299795 +/- 2.2464490202189444
CMS_EXO26004_Background_rpf_2x0_par3: 0.0009942098187229124 +/- 0.0023883629630145338
