CMS_AN23122_Background_rpf_2x0_par0: 0.07064705191992562 +/- 0.012441006459184644
CMS_AN23122_Background_rpf_2x0_par1: 0.5028043981537322 +/- 0.0
CMS_AN23122_Background_rpf_2x0_par3: 0.07195179504782613 +/- 0.0
