CMS_AN23122_Background_rpf_1x0_par0: 0.03613006547309503 +/- 0.0
CMS_AN23122_Background_rpf_1x0_par1: -12.13349899014533 +/- 0.0
