CMS_AN23122_Background_rpf_2x0_par0: 3.7202046711419072 +/- 0.2640233372382325
CMS_AN23122_Background_rpf_2x0_par1: 50.00074504061387 +/- 13.54815369624033
CMS_AN23122_Background_rpf_2x0_par2: -46.15991057725016 +/- 0.0
CMS_AN23122_Background_rpf_2x0_par3: 0.013424613074155987 +/- 0.0
