CMS_EXO26004_Background_rpf_2x0_par0: 0.5105206029377154 +/- 1.073546746796492
CMS_EXO26004_Background_rpf_2x0_par3: 0.0018036958968908918 +/- 0.0037589064896857917
