CMS_AN23122_Background_rpf_2x0_par0: 0.3357762198580303 +/- 0.8251078124060237
CMS_AN23122_Background_rpf_2x0_par3: 0.009599087358259482 +/- 0.02297525104845268
