CMS_EXO26004_Background_rpf_2x0_par0: 0.0007454799183814788 +/- 0.000241636516064382
CMS_EXO26004_Background_rpf_2x0_par1: 0.011202408135601076 +/- 0.014884580713826975
