CMS_EXO26004_Background_rpf_2x0_par0: 0.023988688678458263 +/- 0.0117173224140314
CMS_EXO26004_Background_rpf_2x0_par1: 0.5041775429556774 +/- 0.8717278997776754
CMS_EXO26004_Background_rpf_2x0_par2: -2.8408663792201493e-06 +/- 0.0
CMS_EXO26004_Background_rpf_2x0_par3: 0.02968446027408136 +/- 0.0
