CMS_AN23122_Background_rpf_2x0_par0: 8.723998595091196 +/- 17.119376595988427
CMS_AN23122_Background_rpf_2x0_par1: 50.00004273982713 +/- 0.0
CMS_AN23122_Background_rpf_2x0_par3: 0.00016456658529581428 +/- 0.00029963747301608594
