CMS_AN23122_Background_rpf_2x0_par0: 11.542214948782474 +/- 2.0736095128116685
CMS_AN23122_Background_rpf_2x0_par1: 50.12724854535314 +/- 82.52905184539631
CMS_AN23122_Background_rpf_2x0_par3: 0.00012703056273028013 +/- 0.0
