CMS_EXO26004_Background_rpf_2x0_par0: 0.0007139904117631037 +/- 0.00015621878759197275
CMS_EXO26004_Background_rpf_2x0_par1: 0.015065828893625533 +/- 0.007419338126591798
CMS_EXO26004_Background_rpf_2x0_par2: -4.04958569712394e-08 +/- 2.722705818901505
