CMS_EXO26004_Background_rpf_2x0_par0: 0.0009189964989532221 +/- 0.00018727952653927024
CMS_EXO26004_Background_rpf_2x0_par1: 0.004459235013945173 +/- 0.0068423944081121985
