CMS_EXO26004_Background_rpf_2x0_par0: 0.08368453743240296 +/- 0.012609047268065391
CMS_EXO26004_Background_rpf_2x0_par1: 0.5002518017346123 +/- 0.13603723805792273
CMS_EXO26004_Background_rpf_2x0_par2: -0.1782912433230523 +/- 0.19508326115882385
CMS_EXO26004_Background_rpf_2x0_par3: 0.0014503539184230313 +/- 0.0
