CMS_AN23122_Background_rpf_2x0_par0: 8.723965880307519 +/- 18.318796958022165
CMS_AN23122_Background_rpf_2x0_par1: 50.00004273475536 +/- 0.0
CMS_AN23122_Background_rpf_2x0_par3: 0.00016456694847325604 +/- 0.00032308076490091556
