CMS_AN23122_Background_rpf_2x0_par0: 12.728857059165078 +/- 2.2871732128421174
CMS_AN23122_Background_rpf_2x0_par1: 50.06971523612466 +/- 89.24319430221995
CMS_AN23122_Background_rpf_2x0_par3: 0.00011520324394046805 +/- 0.0
