CMS_EXO26004_Background_rpf_2x0_par0: 0.10062777415045515 +/- 0.3216210346075935
CMS_EXO26004_Background_rpf_2x0_par1: 0.6012724006928394 +/- 1.979492900219019
CMS_EXO26004_Background_rpf_2x0_par2: -0.21463180650514532 +/- 0.7804970557527158
CMS_EXO26004_Background_rpf_2x0_par3: 0.001206668839978383 +/- 0.0038853441495886056
