CMS_AN23122_Background_rpf_2x0_par0: 0.05276257075893923 +/- 0.018631467845947658
CMS_AN23122_Background_rpf_2x0_par1: 0.5007794541466948 +/- 1.620136390259002
CMS_AN23122_Background_rpf_2x0_par2: -5.728157040288016e-05 +/- 19.210751869277267
CMS_AN23122_Background_rpf_2x0_par3: 0.01460223151975384 +/- 0.0
