CMS_EXO26004_Background_rpf_2x0_par0: 0.0579138208217179 +/- 0.01067995564294832
CMS_EXO26004_Background_rpf_2x0_par1: 0.9997148500295211 +/- 0.17768190550865648
CMS_EXO26004_Background_rpf_2x0_par2: -0.9093392306121122 +/- 0.1682473133975558
CMS_EXO26004_Background_rpf_2x0_par3: 1.4714653841400065 +/- 0.2665337540426893
