CMS_EXO26004_Background_rpf_2x0_par0: 0.07578400669569041 +/- 0.01621794478527927
CMS_EXO26004_Background_rpf_2x0_par1: 0.5066032970916585 +/- 0.5662068055781008
CMS_EXO26004_Background_rpf_2x0_par3: 0.011767977900676385 +/- 0.0
