CMS_AN23122_Background_rpf_2x0_par0: 99.97527459360468 +/- 63.45676567221969
CMS_AN23122_Background_rpf_2x0_par3: 1.5595379118140587e-05 +/- 1.0223732003815447e-05
