CMS_AN23122_Background_rpf_2x0_par0: 0.14490233367007999 +/- 0.21406743869294725
CMS_AN23122_Background_rpf_2x0_par3: 0.021604740367350696 +/- 0.02829658497571492
