CMS_AN23122_Background_rpf_2x0_par0: 7.280441470609532 +/- 2.518323027782118
CMS_AN23122_Background_rpf_2x0_par1: 50.00015625025573 +/- 84.3949856978134
CMS_AN23122_Background_rpf_2x0_par3: 0.0002056730166477904 +/- 0.0
