CMS_EXO26004_Background_rpf_2x0_par0: 0.0007228427163146658 +/- 0.00016832905683917404
CMS_EXO26004_Background_rpf_2x0_par1: 0.012427075586705536 +/- 0.012716934182767694
CMS_EXO26004_Background_rpf_2x0_par2: -7.280448865786709e-05 +/- 7.2782757067910575
