CMS_AN23122_Background_rpf_2x0_par0: 0.1535654436320356 +/- 0.2837682679477133
CMS_AN23122_Background_rpf_2x0_par3: 0.0201952429567752 +/- 0.03353821001405934
