CMS_EXO26004_Background_rpf_2x0_par0: 0.0009186926356991594 +/- 0.00012797445497705347
CMS_EXO26004_Background_rpf_2x0_par1: 2.4991666722207206e-09 +/- 0.0
CMS_EXO26004_Background_rpf_2x0_par2: 0.06293627094947539 +/- 0.12592602521509247
