CMS_EXO26004_Background_rpf_2x0_par0: 0.09693310659644729 +/- 0.03392945217049858
CMS_EXO26004_Background_rpf_2x0_par1: 0.5000019613839745 +/- 2.1946831891532335
CMS_EXO26004_Background_rpf_2x0_par2: -0.00021235309422594256 +/- 26.05201496057029
CMS_EXO26004_Background_rpf_2x0_par3: 0.008974812926077168 +/- 0.0
