CMS_EXO26004_Background_rpf_2x0_par0: 0.09082572960317056 +/- 0.019152562718241433
CMS_EXO26004_Background_rpf_2x0_par1: 0.5126471898648455 +/- 0.6601609114149714
CMS_EXO26004_Background_rpf_2x0_par3: 0.009928613788519988 +/- 0.0
