CMS_EXO26004_Background_rpf_2x0_par0: 0.0009212649170376192 +/- 0.00017979830841000392
CMS_EXO26004_Background_rpf_2x0_par1: 0.003256348988023442 +/- 0.005963776001757664
CMS_EXO26004_Background_rpf_2x0_par2: 0.02385981639221083 +/- 0.0
