CMS_EXO26004_Background_rpf_2x0_par0: 0.09294458046034229 +/- 0.04406606769477337
CMS_EXO26004_Background_rpf_2x0_par1: 0.5134520295041071 +/- 3.075100985883743
CMS_EXO26004_Background_rpf_2x0_par2: -1.608360846237604e-07 +/- 39.739174452151524
CMS_EXO26004_Background_rpf_2x0_par3: 0.009417808895512941 +/- 0.0
