CMS_EXO26004_Background_rpf_2x0_par0: 0.0773268997575858 +/- 0.01652287851762362
CMS_EXO26004_Background_rpf_2x0_par1: 0.5109674086997377 +/- 0.5758705768450556
CMS_EXO26004_Background_rpf_2x0_par3: 0.011544818884735747 +/- 0.0
