CMS_EXO26004_Background_rpf_2x0_par0: 0.0009252173826821697 +/- 0.00018052891278097592
CMS_EXO26004_Background_rpf_2x0_par1: 0.0028834792073546144 +/- 0.006049812402143514
CMS_EXO26004_Background_rpf_2x0_par2: 0.02664955268519488 +/- 0.0
