CMS_AN23122_Background_rpf_2x0_par0: 0.6907679462191552 +/- 4.225985443467179
CMS_AN23122_Background_rpf_2x0_par3: 0.02954879206113028 +/- 0.18180214187862542
