CMS_EXO26004_Background_rpf_2x0_par0: 0.08173526278661047 +/- 0.024484354279971917
CMS_EXO26004_Background_rpf_2x0_par1: 0.9999998549887866 +/- 0.0
CMS_EXO26004_Background_rpf_2x0_par2: -1.37487841557829e-07 +/- 1.8572669182969652
CMS_EXO26004_Background_rpf_2x0_par3: 1.999999999999999 +/- 0.4662149945142109
