CMS_AN23122_Background_rpf_2x0_par0: 0.16744634907886216 +/- 0.5734312776795284
CMS_AN23122_Background_rpf_2x0_par1: 0.9064736326468842 +/- 2.768511833091467
CMS_AN23122_Background_rpf_2x0_par3: 0.018731093743158775 +/- 0.06266881999127828
