Background_rpf_1x0_par0: 0.04137789775092965 +/- 0.0009836267620719661
Background_rpf_1x0_par1: 0.6174889933983809 +/- 0.04535747399971318
