Background_rpf_1x0_par0: 0.04115528501956947 +/- 0.0009752252089994493
Background_rpf_1x0_par1: 0.6437620960430518 +/- 0.04160383712357724
