CMS_EXO26004_Background_rpf_2x0_par0: 0.10460398645650995 +/- 0.014304402961419436
CMS_EXO26004_Background_rpf_2x0_par1: 0.6251338047043944 +/- 0.14581055168214616
CMS_EXO26004_Background_rpf_2x0_par2: -0.22240161165447783 +/- 0.21361436438946171
CMS_EXO26004_Background_rpf_2x0_par3: 0.0011603985699376101 +/- 0.0
