CMS_EXO26004_Background_rpf_2x0_par0: 0.05633547349823845 +/- 0.010644889037022166
CMS_EXO26004_Background_rpf_2x0_par1: 0.5110694030441321 +/- 0.482188195659231
CMS_EXO26004_Background_rpf_2x0_par2: -1.5292586469470727e-07 +/- 0.0
CMS_EXO26004_Background_rpf_2x0_par3: 0.014196942409790773 +/- 0.0
