Background_rpf_2x0_par0: 1.0076965607064112 +/- 0.08275142200089591
Background_rpf_2x0_par1: 50.675309588642726 +/- 4.417942275290108
Background_rpf_2x0_par2: -49.99997114398145 +/- 0.0
Background_rpf_2x0_par3: 0.060239241446570564 +/- 0.0
