CMS_EXO26004_Background_rpf_2x0_par0: 0.0009211698442224212 +/- 0.00017988326700823978
CMS_EXO26004_Background_rpf_2x0_par1: 0.003298712002034917 +/- 0.005965576145104683
CMS_EXO26004_Background_rpf_2x0_par2: 0.02349217220704094 +/- 0.0
