CMS_EXO26004_Background_rpf_2x0_par0: 0.03533354640410271 +/- 0.020118441311202453
CMS_EXO26004_Background_rpf_2x0_par1: 0.5004108739988216 +/- 1.2095850936165244
CMS_EXO26004_Background_rpf_2x0_par2: -6.344258600009169e-07 +/- 0.0
CMS_EXO26004_Background_rpf_2x0_par3: 0.021898920926178674 +/- 0.0
