CMS_EXO26004_Background_rpf_2x0_par0: 0.5843940841853157 +/- 5.778237410640998
CMS_EXO26004_Background_rpf_2x0_par3: 0.0015765661973382258 +/- 0.015467357475646834
