CMS_EXO26004_Background_rpf_2x0_par0: 0.052761591459025765 +/- 0.0010379914593070176
CMS_EXO26004_Background_rpf_2x0_par1: 0.9135972209062648 +/- 0.04264957869853997
CMS_EXO26004_Background_rpf_2x0_par2: -0.8289597969883671 +/- 0.18741310230303568
CMS_EXO26004_Background_rpf_2x0_par3: 1.6139533864693154 +/- 0.0
