CMS_AN23122_Background_rpf_2x0_par0: 0.5508562350452813 +/- 0.09183623789390903
CMS_AN23122_Background_rpf_2x0_par3: 0.03699395175588523 +/- 0.0
