Background_rpf_expo_par0: -0.9999999999999967 +/- 2.697090402236361
Background_rpf_expo_par1: -5.53599242654323 +/- 0.16187896784752479
