Background_rpf_expo_par0: -0.9999999932649846 +/- 2.698001783656671
Background_rpf_expo_par1: -5.536297542305712 +/- 0.16183113563951634
