CMS_EXO26004_Background_rpf_2x0_par0: 0.0009022254391015871 +/- 0.0001828178600609063
CMS_EXO26004_Background_rpf_2x0_par1: 0.005734040580499426 +/- 0.006247395329474529
