CMS_EXO26004_Background_rpf_2x0_par0: 0.0007083958941350831 +/- 0.00015473772867580284
CMS_EXO26004_Background_rpf_2x0_par1: 0.013628802539765752 +/- 0.011952513157561576
CMS_EXO26004_Background_rpf_2x0_par2: -0.00015383994202117522 +/- 5.915908116925736
