CMS_AN23122_Background_rpf_2x0_par0: 0.0671598103760724 +/- 0.4603099745201979
CMS_AN23122_Background_rpf_2x0_par1: 0.6076803561607472 +/- 5.774286705652556
CMS_AN23122_Background_rpf_2x0_par3: 0.06845396645302378 +/- 0.48221820221373524
