CMS_EXO26004_Background_rpf_2x0_par0: 0.0009412948096347766 +/- 0.00021157982311547816
CMS_EXO26004_Background_rpf_2x0_par1: 8.496339343896605e-07 +/- 0.009565789112004773
CMS_EXO26004_Background_rpf_2x0_par2: 0.0037350123682873865 +/- 0.0
