CMS_AN23122_Background_rpf_2x0_par0: 0.1354725853582569 +/- 0.2199625182421801
CMS_AN23122_Background_rpf_2x0_par3: 0.02301882090023479 +/- 0.03328626151497724
