Background_rpf_1x0_par0: 0.02331094681792768 +/- 0.001462234138416125
Background_rpf_1x0_par1: 0.7845938315511976 +/- 0.10715711789649102
