Background_rpf_1x0_par0: 0.02331191398468287 +/- 0.0014294783395103774
Background_rpf_1x0_par1: 0.7846566163941938 +/- 0.09903361420166762
