CMS_EXO26004_Background_rpf_2x0_par0: 0.05661963763234152 +/- 0.001018755529591229
CMS_EXO26004_Background_rpf_2x0_par1: 0.9804027856998982 +/- 0.0332865467766452
CMS_EXO26004_Background_rpf_2x0_par2: -0.889533305979647 +/- 0.06322027782737737
CMS_EXO26004_Background_rpf_2x0_par3: 1.504033667965286 +/- 0.0
