CMS_EXO26004_Background_rpf_2x0_par0: 0.06678403286961863 +/- 0.024329969606692547
CMS_EXO26004_Background_rpf_2x0_par1: 0.5034322246869514 +/- 2.392564390061546
CMS_EXO26004_Background_rpf_2x0_par2: -3.9436456216090845e-06 +/- 0.0
CMS_EXO26004_Background_rpf_2x0_par3: 0.012110065045093397 +/- 0.0
