CMS_EXO26004_Background_rpf_2x0_par0: 0.0007128058930641064 +/- 0.00015606884475061441
CMS_EXO26004_Background_rpf_2x0_par1: 0.014904052156018373 +/- 0.007417554442523493
CMS_EXO26004_Background_rpf_2x0_par2: -2.041798099324519e-06 +/- 2.7466176390930994
