CMS_EXO26004_Background_rpf_2x0_par0: 0.02499278588169986 +/- 0.004158661522226728
CMS_EXO26004_Background_rpf_2x0_par1: 0.5033757643989027 +/- 0.0
CMS_EXO26004_Background_rpf_2x0_par2: -2.2379067475346813e-08 +/- 0.0
CMS_EXO26004_Background_rpf_2x0_par3: 0.028757076547149943 +/- 0.0
