CMS_AN23122_Background_rpf_2x0_par0: 0.07130546598927391 +/- 0.010121699472179634
CMS_AN23122_Background_rpf_2x0_par1: 0.526367973074151 +/- 0.0
CMS_AN23122_Background_rpf_2x0_par3: 0.016668514009438355 +/- 0.0
