CMS_AN23122_Background_rpf_2x0_par0: 0.21320651492443768 +/- 0.516377124532343
CMS_AN23122_Background_rpf_2x0_par3: 0.01483241818601128 +/- 0.03352497204640887
