CMS_AN23122_Background_rpf_expo_par0: -18.07313637328546 +/- 7.362826859336067
CMS_AN23122_Background_rpf_expo_par1: -9.50667202138025 +/- 0.16661997058776595
