CMS_AN23122_Background_rpf_expo_par0: 237.26010223709812 +/- 9.502451411688877
CMS_AN23122_Background_rpf_expo_par1: -6.493789575027653 +/- 0.0
