CMS_EXO26004_Background_rpf_2x0_par0: 0.08170895104158181 +/- 0.028066747250207885
CMS_EXO26004_Background_rpf_2x0_par1: 0.9999998929371007 +/- 0.0
CMS_EXO26004_Background_rpf_2x0_par2: -4.3633648423276397e-07 +/- 2.840253836834408
CMS_EXO26004_Background_rpf_2x0_par3: 2.0 +/- 0.5333494541285375
