CMS_EXO26004_Background_rpf_2x0_par0: 0.0621007998865674 +/- 0.027861940059288208
CMS_EXO26004_Background_rpf_2x0_par1: 0.5000075863003324 +/- 2.764615751184511
CMS_EXO26004_Background_rpf_2x0_par2: -7.998358595019185e-05 +/- 26.819360076023116
CMS_EXO26004_Background_rpf_2x0_par3: 0.01291400760214788 +/- 0.0
