CMS_AN23122_Background_rpf_2x0_par0: 0.08632229212556562 +/- 0.03724265755961887
CMS_AN23122_Background_rpf_2x0_par1: 0.5187711761454709 +/- 3.305937984747674
CMS_AN23122_Background_rpf_2x0_par2: -8.450047204005173e-05 +/- 30.405335482042048
CMS_AN23122_Background_rpf_2x0_par3: 0.009179514743414942 +/- 0.0
