CMS_AN23122_Background_rpf_2x0_par0: 0.34109053474411705 +/- 0.944614111582023
CMS_AN23122_Background_rpf_2x0_par3: 0.009416094571335472 +/- 0.02561270055918823
