CMS_EXO26004_Background_rpf_2x0_par0: 0.17571226804121193 +/- 0.7186270959447207
CMS_EXO26004_Background_rpf_2x0_par1: 0.500218153452184 +/- 3.1685928978681237
CMS_EXO26004_Background_rpf_2x0_par3: 0.0051733270956631685 +/- 0.021591024086435272
