CMS_EXO26004_Background_rpf_2x0_par0: 0.0009368223856592317 +/- 0.00019245881960234403
CMS_EXO26004_Background_rpf_2x0_par1: 3.4867590580479977e-06 +/- 0.0074074645536707185
CMS_EXO26004_Background_rpf_2x0_par2: 0.037562382683502274 +/- 0.0
