CMS_EXO26004_Background_rpf_2x0_par0: 0.08173227947782553 +/- 0.02462156426647682
CMS_EXO26004_Background_rpf_2x0_par1: 0.9999999600599104 +/- 0.0
CMS_EXO26004_Background_rpf_2x0_par2: -5.966402344766055e-07 +/- 2.528246166763013
CMS_EXO26004_Background_rpf_2x0_par3: 2.0 +/- 0.46652905447965165
