CMS_EXO26004_Background_rpf_2x0_par0: 0.05123679955227363 +/- 0.009440981484801748
CMS_EXO26004_Background_rpf_2x0_par1: 0.5313258894880328 +/- 0.3549016072844132
CMS_EXO26004_Background_rpf_2x0_par2: -8.460723122429188e-06 +/- 0.0
CMS_EXO26004_Background_rpf_2x0_par3: 0.015432473206520868 +/- 0.0
