CMS_AN23122_Background_rpf_2x0_par0: 0.07006202159904773 +/- 0.023323281584748595
CMS_AN23122_Background_rpf_2x0_par1: 0.5000067628958811 +/- 2.0329046064410354
CMS_AN23122_Background_rpf_2x0_par2: -8.864437314496276e-06 +/- 22.81002356193384
CMS_AN23122_Background_rpf_2x0_par3: 0.011070280022287288 +/- 0.0
