CMS_EXO26004_Background_rpf_2x0_par0: 0.0007868689018408423 +/- 0.00017121829136226605
CMS_EXO26004_Background_rpf_2x0_par1: 0.009532857237273106 +/- 0.008367329178569805
