CMS_EXO26004_Background_rpf_2x0_par0: 0.047421357817170315 +/- 0.01695427868078847
CMS_EXO26004_Background_rpf_2x0_par1: 0.5001334224996812 +/- 0.0
CMS_EXO26004_Background_rpf_2x0_par2: -0.7737521343795375 +/- 0.11423134072082673
CMS_EXO26004_Background_rpf_2x0_par3: 0.0021368982746404995 +/- 0.00043894466272394737
