CMS_EXO26004_Background_rpf_2x0_par0: 0.10675202387435645 +/- 0.5511980553044973
CMS_EXO26004_Background_rpf_2x0_par1: 0.6383015510320852 +/- 3.4023077615496438
CMS_EXO26004_Background_rpf_2x0_par2: -0.2273271199438839 +/- 1.3190110654935634
CMS_EXO26004_Background_rpf_2x0_par3: 0.00113680817234734 +/- 0.005922087555366295
