CMS_EXO26004_Background_rpf_2x0_par0: 0.5545579608338457 +/- 1.7053705521149305
CMS_EXO26004_Background_rpf_2x0_par3: 0.0016613147398322487 +/- 0.00513135980882585
