CMS_AN23122_Background_rpf_2x0_par0: 0.0672740189503804 +/- 0.8978138131824744
CMS_AN23122_Background_rpf_2x0_par1: 0.5697686220907449 +/- 0.0
CMS_AN23122_Background_rpf_2x0_par3: 0.06847160149992723 +/- 0.9006034155489717
