CMS_AN23122_Background_rpf_2x0_par0: 0.08110252511466519 +/- 0.03065547678514977
CMS_AN23122_Background_rpf_2x0_par1: 0.5629013783022576 +/- 2.6930579439487206
CMS_AN23122_Background_rpf_2x0_par2: -4.208956803072655e-06 +/- 28.97745473100177
CMS_AN23122_Background_rpf_2x0_par3: 0.009688400933816836 +/- 0.0
