CMS_EXO26004_Background_rpf_2x0_par0: 0.09717616661972087 +/- 0.03870060413499961
CMS_EXO26004_Background_rpf_2x0_par1: 0.5138476969856022 +/- 2.6538938216419754
CMS_EXO26004_Background_rpf_2x0_par2: -0.03167762819007722 +/- 30.221342638699724
CMS_EXO26004_Background_rpf_2x0_par3: 0.00931625559882394 +/- 0.0
