CMS_AN23122_Background_rpf_2x0_par0: 0.043346957849656 +/- 0.009127187709325031
CMS_AN23122_Background_rpf_2x0_par1: 0.23088001159195964 +/- 1.2237537762682094
CMS_AN23122_Background_rpf_2x0_par2: -6.862808135935441e-05 +/- 38.089323514789875
CMS_AN23122_Background_rpf_2x0_par3: 0.020300931730795176 +/- 0.0
