CMS_AN23122_Background_rpf_2x0_par0: 0.045760740349610994 +/- 0.010268664454227954
CMS_AN23122_Background_rpf_2x0_par1: 0.7348374149059369 +/- 1.4174941288282263
CMS_AN23122_Background_rpf_2x0_par2: -3.37672152431372e-05 +/- 27.83121498506183
CMS_AN23122_Background_rpf_2x0_par3: 0.018365129834980815 +/- 0.0
