CMS_AN23122_Background_rpf_2x0_par0: 0.03856169283959942 +/- 0.007940971930485265
CMS_AN23122_Background_rpf_2x0_par1: 0.16950923071278698 +/- 1.0421381642442678
CMS_AN23122_Background_rpf_2x0_par2: -1.2229917816313288e-05 +/- 28.912924310261836
CMS_AN23122_Background_rpf_2x0_par3: 0.023085512048513245 +/- 0.0
