CMS_AN23122_Background_rpf_2x0_par0: 0.045775520264141445 +/- 0.010024104385913906
CMS_AN23122_Background_rpf_2x0_par1: 0.6818217090945186 +/- 1.3536172393408552
CMS_AN23122_Background_rpf_2x0_par2: -4.086691922366992e-12 +/- 26.665167673879424
CMS_AN23122_Background_rpf_2x0_par3: 0.018569514221674736 +/- 0.0
