CMS_AN23122_Background_rpf_2x0_par0: 0.04128724268565628 +/- 0.009307085250912344
CMS_AN23122_Background_rpf_2x0_par1: 0.665308587307857 +/- 1.2991003542322663
CMS_AN23122_Background_rpf_2x0_par2: -1.1093556628871681e-15 +/- 26.777619611848156
CMS_AN23122_Background_rpf_2x0_par3: 0.020459858562916485 +/- 0.0
