CMS_EXO26004_Background_rpf_2x0_par0: 0.0008016055633866342 +/- 0.00019292086248297202
CMS_EXO26004_Background_rpf_2x0_par1: 0.005847208349039559 +/- 0.012786665821685287
