CMS_AN23122_Background_rpf_2x0_par0: 0.7465964235375305 +/- 0.1668234298554129
CMS_AN23122_Background_rpf_2x0_par3: 0.02731586944522566 +/- 0.0
