CMS_EXO26004_Background_rpf_2x0_par0: 0.0832899408346308 +/- 0.012493591137924483
CMS_EXO26004_Background_rpf_2x0_par1: 0.5002843549528512 +/- 0.13431090516739888
CMS_EXO26004_Background_rpf_2x0_par2: -0.1838995497449099 +/- 0.19263996918109408
CMS_EXO26004_Background_rpf_2x0_par3: 0.0014550167635416227 +/- 0.0
