CMS_EXO26004_Background_rpf_2x0_par0: 0.5245907543205051 +/- 0.8858175884027503
CMS_EXO26004_Background_rpf_2x0_par3: 0.0017558297807099541 +/- 0.0029511819800479787
