CMS_EXO26004_Background_rpf_2x0_par0: 0.0007423160775862241 +/- 0.00015836234448306311
CMS_EXO26004_Background_rpf_2x0_par1: 0.013010399947867082 +/- 0.007498294678537543
CMS_EXO26004_Background_rpf_2x0_par2: -8.412347966661737e-13 +/- 3.1308355177031664
