CMS_EXO26004_Background_rpf_2x0_par0: 0.98189934828413 +/- 0.46620195771268036
CMS_EXO26004_Background_rpf_2x0_par3: 0.0009418429278348075 +/- 0.0004746307454596151
