Background_rpf_2x0_par0: 2.842338377074935 +/- 7.132476173437328
Background_rpf_2x0_par1: 52.02405115186036 +/- 131.37098958384334
Background_rpf_2x0_par2: -39.93283243749355 +/- 180.02778976664004
Background_rpf_2x0_par3: 0.05312036812404421 +/- 0.133404451104165
