CMS_EXO26004_Background_rpf_2x0_par0: 0.08172367743053163 +/- 0.024279700041596748
CMS_EXO26004_Background_rpf_2x0_par1: 0.9999998668199953 +/- 0.0
CMS_EXO26004_Background_rpf_2x0_par2: -3.0898830594515815e-06 +/- 2.0122502449089548
CMS_EXO26004_Background_rpf_2x0_par3: 2.0 +/- 0.4626183789594811
