CMS_EXO26004_Background_rpf_2x0_par0: 0.09702767923074596 +/- 0.03796575471247906
CMS_EXO26004_Background_rpf_2x0_par1: 0.5138215713035451 +/- 2.595714285254708
CMS_EXO26004_Background_rpf_2x0_par2: -0.03146884035711457 +/- 29.572577649404348
CMS_EXO26004_Background_rpf_2x0_par3: 0.009328929142342082 +/- 0.0
