CMS_EXO26004_Background_rpf_2x0_par0: 0.5346213801782947 +/- 2.8534251412455784
CMS_EXO26004_Background_rpf_2x0_par3: 0.0017223026512874814 +/- 0.009110026042739625
