CMS_AN23122_Background_rpf_2x0_par0: 0.07751604625980048 +/- 0.014862238937100671
CMS_AN23122_Background_rpf_2x0_par1: 0.5536666014484223 +/- 1.1976482884949249
CMS_AN23122_Background_rpf_2x0_par3: 0.015339130858704026 +/- 0.0
