CMS_AN23122_Background_rpf_2x0_par0: 0.24237579016567726 +/- 0.4947415725219863
CMS_AN23122_Background_rpf_2x0_par3: 0.012965281472542282 +/- 0.024364005770756945
