CMS_EXO26004_Background_rpf_2x0_par0: 0.0007082845530633204 +/- 0.00016781855865812508
CMS_EXO26004_Background_rpf_2x0_par1: 0.015400667246369036 +/- 0.008070281006239155
CMS_EXO26004_Background_rpf_2x0_par2: -9.259107617448116e-10 +/- 3.203966694252326
