CMS_EXO26004_Background_rpf_2x0_par0: 0.08171384030790414 +/- 0.025082726064954288
CMS_EXO26004_Background_rpf_2x0_par1: 0.9999994585363449 +/- 0.0
CMS_EXO26004_Background_rpf_2x0_par2: -2.5520949692989844e-07 +/- 2.2337280961932793
CMS_EXO26004_Background_rpf_2x0_par3: 1.9999999999999987 +/- 0.47545116981268554
