CMS_EXO26004_Background_rpf_2x0_par0: 0.0007041010276790747 +/- 0.00016682002938617235
CMS_EXO26004_Background_rpf_2x0_par1: 0.015568478165262764 +/- 0.008985141448940564
CMS_EXO26004_Background_rpf_2x0_par2: -3.1806394779781456e-08 +/- 3.4135418639651176
