CMS_AN23122_Background_rpf_2x0_par0: 0.05860199000278618 +/- 0.02273204447940724
CMS_AN23122_Background_rpf_2x0_par1: 0.5179331757988552 +/- 2.007599393458242
CMS_AN23122_Background_rpf_2x0_par2: -6.517598817345257e-07 +/- 23.331084941223953
CMS_AN23122_Background_rpf_2x0_par3: 0.013215945090640936 +/- 0.0
