CMS_AN23122_Background_rpf_2x0_par0: 0.06920003636873406 +/- 0.01233739468607937
CMS_AN23122_Background_rpf_2x0_par1: 0.5110109798577662 +/- 0.0
CMS_AN23122_Background_rpf_2x0_par3: 0.017180414813986876 +/- 0.0
