CMS_EXO26004_Background_rpf_2x0_par0: 0.08386745765716154 +/- 0.012613847446863091
CMS_EXO26004_Background_rpf_2x0_par1: 0.5007440626350188 +/- 0.13596594412284735
CMS_EXO26004_Background_rpf_2x0_par2: -0.17776864528181688 +/- 0.1950595402299216
CMS_EXO26004_Background_rpf_2x0_par3: 0.0014478275745645626 +/- 0.0
