CMS_EXO26004_Background_rpf_2x0_par0: 0.023747552928265518 +/- 0.0038017428403021624
CMS_EXO26004_Background_rpf_2x0_par1: 0.5041712564839428 +/- 0.0
CMS_EXO26004_Background_rpf_2x0_par2: -1.3206103276360535e-08 +/- 0.0
CMS_EXO26004_Background_rpf_2x0_par3: 0.030076827711930782 +/- 0.0
