CMS_EXO26004_Background_rpf_2x0_par0: 0.0007074267783732952 +/- 0.000155999196513695
CMS_EXO26004_Background_rpf_2x0_par1: 0.015299198437514941 +/- 0.007422251564296597
CMS_EXO26004_Background_rpf_2x0_par2: -2.1558374449932296e-07 +/- 2.693136882671122
