CMS_AN23122_Background_rpf_2x0_par0: 10.643526548858025 +/- 3.2110352830799855
CMS_AN23122_Background_rpf_2x0_par1: 50.00000204960592 +/- 139.78380754145257
CMS_AN23122_Background_rpf_2x0_par3: 0.00046018618346377083 +/- 0.0
