CMS_AN23122_Background_rpf_2x0_par0: 0.0760657816812342 +/- 0.36097711796480453
CMS_AN23122_Background_rpf_2x0_par1: 0.5519540830212429 +/- 3.383882507137589
CMS_AN23122_Background_rpf_2x0_par3: 0.015622501045690252 +/- 0.07524239900263226
