CMS_EXO26004_Background_rpf_2x0_par0: 0.08364543798477085 +/- 0.012582348143236893
CMS_EXO26004_Background_rpf_2x0_par1: 0.5000015536610871 +/- 0.13531038609823356
CMS_EXO26004_Background_rpf_2x0_par2: -0.19014038800172842 +/- 0.19413774919897273
CMS_EXO26004_Background_rpf_2x0_par3: 0.0014510569395221997 +/- 0.0
