CMS_AN23122_Background_rpf_2x0_par0: 0.09530531174921757 +/- 0.027336815809821193
CMS_AN23122_Background_rpf_2x0_par1: 0.500074031315424 +/- 2.192010107320101
CMS_AN23122_Background_rpf_2x0_par2: -0.0004642341671715595 +/- 25.501213378433228
CMS_AN23122_Background_rpf_2x0_par3: 0.008318499918954487 +/- 0.0
