CMS_EXO26004_Background_rpf_2x0_par0: 0.06052990369726447 +/- 0.011824818314777493
CMS_EXO26004_Background_rpf_2x0_par1: 0.9999430962856842 +/- 0.18637943120626194
CMS_EXO26004_Background_rpf_2x0_par2: -0.8991009221207569 +/- 0.17491598167337205
CMS_EXO26004_Background_rpf_2x0_par3: 1.4193854256780314 +/- 0.2716854076335154
