CMS_AN23122_Background_rpf_2x0_par0: 0.0765757501715231 +/- 0.029151935325930075
CMS_AN23122_Background_rpf_2x0_par1: 0.5467118519710445 +/- 2.6289519213167574
CMS_AN23122_Background_rpf_2x0_par2: -0.0001076519884708224 +/- 28.011379763692645
CMS_AN23122_Background_rpf_2x0_par3: 0.010202687868780006 +/- 0.0
