CMS_EXO26004_Background_rpf_2x0_par0: 0.0007082586610305534 +/- 0.00017208739750646914
CMS_EXO26004_Background_rpf_2x0_par1: 0.015235744085904303 +/- 0.008920656020928912
CMS_EXO26004_Background_rpf_2x0_par2: -4.545491093292881e-08 +/- 4.200435387184138
