CMS_AN23122_Background_rpf_2x0_par0: 7.325774851074696 +/- 1.5027342855690948
CMS_AN23122_Background_rpf_2x0_par1: 50.012469485635584 +/- 0.0
CMS_AN23122_Background_rpf_2x0_par3: 0.00020457333784570242 +/- 0.0
