CMS_EXO26004_Background_rpf_2x0_par0: 0.10271890259138919 +/- 0.5706162902478564
CMS_EXO26004_Background_rpf_2x0_par1: 0.522825352336539 +/- 2.985019490118241
CMS_EXO26004_Background_rpf_2x0_par3: 0.008770389583525268 +/- 0.04924244412248853
