CMS_EXO26004_Background_rpf_2x0_par0: 0.08380545099708225 +/- 0.012637782997540519
CMS_EXO26004_Background_rpf_2x0_par1: 0.5000081693259726 +/- 0.13640308433400217
CMS_EXO26004_Background_rpf_2x0_par2: -0.17800456049566865 +/- 0.19561392374214995
CMS_EXO26004_Background_rpf_2x0_par3: 0.0014488511361451942 +/- 0.0
