CMS_EXO26004_Background_rpf_2x0_par0: 0.6098797149405373 +/- 1.659616980650395
CMS_EXO26004_Background_rpf_2x0_par3: 0.0015118817714373186 +/- 0.004078464343056055
