CMS_AN23122_Background_rpf_2x0_par0: 0.0636735576374402 +/- 0.002624049410484941
CMS_AN23122_Background_rpf_2x0_par1: 0.9065622223576881 +/- 0.08431373378054415
CMS_AN23122_Background_rpf_2x0_par2: -0.7961922808661335 +/- 0.16162185144981858
CMS_AN23122_Background_rpf_2x0_par3: 1.976982297615727 +/- 0.0
