CMS_EXO26004_Background_rpf_2x0_par0: 0.03565506822841179 +/- 0.003043517994789426
CMS_EXO26004_Background_rpf_2x0_par1: 0.5000001342269379 +/- 0.0
CMS_EXO26004_Background_rpf_2x0_par2: -1.9999999841669973 +/- 0.0
CMS_EXO26004_Background_rpf_2x0_par3: 0.0024315448468578372 +/- 0.00023811543849049647
