CMS_EXO26004_Background_rpf_2x0_par0: 0.08339086902366469 +/- 0.012575357746592125
CMS_EXO26004_Background_rpf_2x0_par1: 0.5003669882719805 +/- 0.13553004259216953
CMS_EXO26004_Background_rpf_2x0_par2: -0.18794230928292224 +/- 0.19447259031175143
CMS_EXO26004_Background_rpf_2x0_par3: 0.001453736919718739 +/- 0.0
