CMS_EXO26004_Background_rpf_2x0_par0: 0.0007280808277098651 +/- 0.0001565830094499233
CMS_EXO26004_Background_rpf_2x0_par1: 0.013902399271670399 +/- 0.007437991376151473
CMS_EXO26004_Background_rpf_2x0_par2: -2.078475299743766e-08 +/- 2.919404459624929
