CMS_AN23122_Background_rpf_2x0_par0: 11.697555647709482 +/- 2.1085314124303984
CMS_AN23122_Background_rpf_2x0_par1: 50.10614955449324 +/- 84.35440405314944
CMS_AN23122_Background_rpf_2x0_par3: 0.00012540848490924416 +/- 0.0
