CMS_AN23122_Background_rpf_2x0_par0: 8.723857177807925 +/- 16.656471190301925
CMS_AN23122_Background_rpf_2x0_par1: 50.00004274999127 +/- 0.0
CMS_AN23122_Background_rpf_2x0_par3: 0.0001645690380072107 +/- 0.00029057953138828256
