CMS_EXO26004_Background_rpf_2x0_par0: 0.02288696313410152 +/- 0.004150558782557778
CMS_EXO26004_Background_rpf_2x0_par1: 0.5048811542314064 +/- 0.0
CMS_EXO26004_Background_rpf_2x0_par2: -3.044636510257919e-07 +/- 0.0
CMS_EXO26004_Background_rpf_2x0_par3: 0.030778648882677208 +/- 0.0
