CMS_EXO26004_Background_rpf_2x0_par0: 0.05075218507500611 +/- 0.009468261228761508
CMS_EXO26004_Background_rpf_2x0_par1: 0.5022807438960686 +/- 0.3791156922290431
CMS_EXO26004_Background_rpf_2x0_par2: -1.0842021724855044e-19 +/- 0.0
CMS_EXO26004_Background_rpf_2x0_par3: 0.01568160090801661 +/- 0.0
