CMS_EXO26004_Background_rpf_2x0_par0: 0.08172238746410511 +/- 0.02693878522844006
CMS_EXO26004_Background_rpf_2x0_par1: 0.9999995674945745 +/- 0.0
CMS_EXO26004_Background_rpf_2x0_par2: -1.4084879778102077e-05 +/- 2.956516316986999
CMS_EXO26004_Background_rpf_2x0_par3: 1.9999999999999993 +/- 0.5060419456094459
