CMS_EXO26004_Background_rpf_2x0_par0: 0.9988692806307429 +/- 0.5319056341677165
CMS_EXO26004_Background_rpf_2x0_par3: 0.0009270961187264328 +/- 0.0005044555266972558
