CMS_EXO26004_Background_rpf_2x0_par0: 0.023737449720101514 +/- 0.012706457512859962
CMS_EXO26004_Background_rpf_2x0_par1: 0.5044682737754096 +/- 0.8406796722737632
CMS_EXO26004_Background_rpf_2x0_par2: -9.288301194604505e-08 +/- 7.486445112712458
CMS_EXO26004_Background_rpf_2x0_par3: 0.030022342479512087 +/- 0.0
