CMS_EXO26004_Background_rpf_2x0_par0: 0.0007498437118738722 +/- 0.00015910535583500286
CMS_EXO26004_Background_rpf_2x0_par1: 0.012519254903929461 +/- 0.0075348825646832695
CMS_EXO26004_Background_rpf_2x0_par2: -2.571056933924412e-07 +/- 3.233830491558398
