CMS_EXO26004_Background_rpf_2x0_par0: 0.9071519812697681 +/- 2.967112176021506
CMS_EXO26004_Background_rpf_2x0_par3: 0.0010193182014375864 +/- 0.0033145035333201874
