CMS_EXO26004_Background_rpf_2x0_par0: 0.023738022331376136 +/- 0.023750957234560624
CMS_EXO26004_Background_rpf_2x0_par1: 0.5042853920883922 +/- 1.896157068356559
CMS_EXO26004_Background_rpf_2x0_par2: -8.958718790679637e-10 +/- 26.97386910439289
CMS_EXO26004_Background_rpf_2x0_par3: 0.030087622256053 +/- 0.0
