CMS_EXO26004_Background_rpf_2x0_par0: 0.0008989065052654999 +/- 0.0003266872847217472
CMS_EXO26004_Background_rpf_2x0_par1: 4.62213341060648e-09 +/- 0.02195466860256992
CMS_EXO26004_Background_rpf_2x0_par2: 0.1473964815969411 +/- 0.22172136816437843
