CMS_EXO26004_Background_rpf_2x0_par0: 0.0007060232822246172 +/- 0.00017742985794312371
CMS_EXO26004_Background_rpf_2x0_par1: 0.01553464778386415 +/- 0.008447022990352323
CMS_EXO26004_Background_rpf_2x0_par2: -2.067380721910289e-10 +/- 4.380916592014842
