CMS_AN23122_Background_rpf_2x0_par0: 4.606275982457024 +/- 8.456866894682504
CMS_AN23122_Background_rpf_2x0_par1: 53.16178166559396 +/- 102.43303985974845
CMS_AN23122_Background_rpf_2x0_par2: -1.0622181932783137e-05 +/- 336.07765894386273
CMS_AN23122_Background_rpf_2x0_par3: 0.011102351956449768 +/- 0.02038666592683256
