CMS_EXO26004_Background_rpf_2x0_par0: 0.08380376052327637 +/- 0.012569840822052343
CMS_EXO26004_Background_rpf_2x0_par1: 0.5000005068786765 +/- 0.13512467284728488
CMS_EXO26004_Background_rpf_2x0_par2: -0.18129060765239752 +/- 0.19390571399228756
CMS_EXO26004_Background_rpf_2x0_par3: 0.0014490357561081273 +/- 0.0
