CMS_EXO26004_Background_rpf_2x0_par0: 0.819946248553094 +/- 0.08521724434290902
CMS_EXO26004_Background_rpf_2x0_par3: 0.001126578769541227 +/- 0.0
