CMS_EXO26004_Background_rpf_2x0_par0: 0.023091039978292583 +/- 0.003953456138227984
CMS_EXO26004_Background_rpf_2x0_par1: 0.5047507405574834 +/- 0.0
CMS_EXO26004_Background_rpf_2x0_par2: -1.7481937812072103e-07 +/- 0.0
CMS_EXO26004_Background_rpf_2x0_par3: 0.030593917191614035 +/- 0.0
