CMS_AN23122_Background_rpf_2x0_par0: 0.833939745595565 +/- 3.897006549248575
CMS_AN23122_Background_rpf_2x0_par3: 0.024516211292720518 +/- 0.1137962877001192
