CMS_EXO26004_Background_rpf_2x0_par0: 0.04418949892116769 +/- 0.0007922332932503368
CMS_EXO26004_Background_rpf_2x0_par1: 0.7653867079701875 +/- 0.025855889252777015
CMS_EXO26004_Background_rpf_2x0_par2: -0.7010649958899534 +/- 0.056408830866111634
CMS_EXO26004_Background_rpf_2x0_par3: 1.9271165799892906 +/- 0.0
