CMS_EXO26004_Background_rpf_2x0_par0: 0.05776015753425322 +/- 0.010514910128630695
CMS_EXO26004_Background_rpf_2x0_par1: 0.9999777123682729 +/- 0.17643415599388987
CMS_EXO26004_Background_rpf_2x0_par2: -0.9071694546365687 +/- 0.2491510725677255
CMS_EXO26004_Background_rpf_2x0_par3: 1.4743238230870455 +/- 0.2630056353863059
