CMS_EXO26004_Background_rpf_2x0_par0: 0.0009253239038082284 +/- 0.00018013106066518716
CMS_EXO26004_Background_rpf_2x0_par1: 0.0028592816548224423 +/- 0.005993858064548032
CMS_EXO26004_Background_rpf_2x0_par2: 0.028488580433395957 +/- 0.0
