CMS_EXO26004_Background_rpf_2x0_par0: 0.08172740087261268 +/- 0.027022664150823262
CMS_EXO26004_Background_rpf_2x0_par1: 0.9999998673727392 +/- 0.0
CMS_EXO26004_Background_rpf_2x0_par2: -1.2092923586115578e-07 +/- 2.9760668657990235
CMS_EXO26004_Background_rpf_2x0_par3: 2.0 +/- 0.5073483645779814
