CMS_EXO26004_Background_rpf_2x0_par0: 0.0009001021752083917 +/- 0.00018221768421202274
CMS_EXO26004_Background_rpf_2x0_par1: 0.005944308115187438 +/- 0.006170026557538295
