CMS_EXO26004_Background_rpf_2x0_par0: 0.05765969406143261 +/- 0.01053130733224007
CMS_EXO26004_Background_rpf_2x0_par1: 0.9986702552313068 +/- 0.17657131498680703
CMS_EXO26004_Background_rpf_2x0_par2: -0.9066610083670888 +/- 0.1693669230300625
CMS_EXO26004_Background_rpf_2x0_par3: 1.4767157260002697 +/- 0.2652841144434057
