Background_rpf_sigmoid_par0: 0.05554989789101568 +/- 0.0
Background_rpf_sigmoid_par1: 2.7951993447354218 +/- 0.07225184407210564
Background_rpf_sigmoid_par2: 476.9950620796676 +/- 4.590953341387747
Background_rpf_sigmoid_par3: 4.999495331424806 +/- 0.0
