Background_rpf_sigmoid_par0: 0.04862430995885156 +/- 0.1378746335345983
Background_rpf_sigmoid_par1: 2.437153139515953 +/- 6.910631207556958
Background_rpf_sigmoid_par2: 490.1604959929458 +/- 311.91581081688184
Background_rpf_sigmoid_par3: 4.989979174449049 +/- 0.0
