CMS_AN23122_Background_rpf_2x0_par0: 0.9939455854377408 +/- 0.49812983115823906
CMS_AN23122_Background_rpf_2x0_par3: 0.0008503692454125229 +/- 0.00043488245090409606
