CMS_EXO26004_Background_rpf_2x0_par0: 0.0008953104447157203 +/- 0.0003233769302308263
CMS_EXO26004_Background_rpf_2x0_par1: 1.2771941544729298e-08 +/- 0.020783846015169565
CMS_EXO26004_Background_rpf_2x0_par2: 0.14466296695458938 +/- 0.1973263432464938
