CMS_AN23122_Background_rpf_2x0_par0: 3.6926088486062616 +/- 0.8373520084161296
CMS_AN23122_Background_rpf_2x0_par1: 50.00000000075661 +/- 28.517173448972844
CMS_AN23122_Background_rpf_2x0_par3: 0.0008865770654279209 +/- 0.0
