CMS_AN23122_Background_rpf_2x0_par0: 0.08449409715977899 +/- 0.018185875032269143
CMS_AN23122_Background_rpf_2x0_par1: 0.7541116301456872 +/- 1.319801655854377
CMS_AN23122_Background_rpf_2x0_par2: -3.7298489395291607e-05 +/- 16.68243446331701
CMS_AN23122_Background_rpf_2x0_par3: 0.009132871658110364 +/- 0.0
