CMS_EXO26004_Background_rpf_2x0_par0: 0.04700953230410137 +/- 0.008649655681556971
CMS_EXO26004_Background_rpf_2x0_par1: 0.5045237346413751 +/- 0.3006929915769823
CMS_EXO26004_Background_rpf_2x0_par2: -4.7055771697202507e-07 +/- 0.0
CMS_EXO26004_Background_rpf_2x0_par3: 0.01682897863238452 +/- 0.0
