CMS_EXO26004_Background_rpf_2x0_par0: 0.024373742644164635 +/- 0.011190616453054839
CMS_EXO26004_Background_rpf_2x0_par1: 0.5036291779539309 +/- 0.8601165082723462
CMS_EXO26004_Background_rpf_2x0_par2: -5.56241524889145e-08 +/- 0.0
CMS_EXO26004_Background_rpf_2x0_par3: 0.029274018551758728 +/- 0.0
