CMS_EXO26004_Background_rpf_2x0_par0: 0.4576644909041016 +/- 1.5585111251157635
CMS_EXO26004_Background_rpf_2x0_par3: 0.002009175881681613 +/- 0.006769734411742901
