CMS_EXO26004_Background_rpf_2x0_par0: 0.0008932189348196941 +/- 0.0003232304273317172
CMS_EXO26004_Background_rpf_2x0_par1: 4.971344513891689e-09 +/- 0.020337386098246226
CMS_EXO26004_Background_rpf_2x0_par2: 0.15015788135704428 +/- 0.18491135629221317
