CMS_EXO26004_Background_rpf_2x0_par0: 0.021713391809926402 +/- 0.0
CMS_EXO26004_Background_rpf_2x0_par1: 0.5041228746930639 +/- 0.1632720512405509
CMS_EXO26004_Background_rpf_2x0_par2: -4.077476621017402e-06 +/- 0.0
CMS_EXO26004_Background_rpf_2x0_par3: 0.032142061312068204 +/- 0.0
