CMS_EXO26004_Background_rpf_2x0_par0: 0.05538005093977977 +/- 0.0011022904174060903
CMS_EXO26004_Background_rpf_2x0_par1: 0.958823045810837 +/- 0.04619899456288571
CMS_EXO26004_Background_rpf_2x0_par2: -0.8699136074525488 +/- 0.21088552148253517
CMS_EXO26004_Background_rpf_2x0_par3: 1.537725104783952 +/- 0.0
