CMS_AN23122_Background_rpf_2x0_par0: 0.6464266802711083 +/- 3.0378461663544223
CMS_AN23122_Background_rpf_2x0_par3: 0.004961659450342725 +/- 0.023074270828754555
