CMS_EXO26004_Background_rpf_2x0_par0: 0.09122246205076086 +/- 0.01933867014614116
CMS_EXO26004_Background_rpf_2x0_par1: 0.5124235596501864 +/- 0.6737433674778452
CMS_EXO26004_Background_rpf_2x0_par3: 0.009880275534067446 +/- 0.0
