CMS_AN23122_Background_rpf_2x0_par0: 0.06721567059759556 +/- 0.3633832376979407
CMS_AN23122_Background_rpf_2x0_par1: 0.6026257815475751 +/- 4.706480450955885
CMS_AN23122_Background_rpf_2x0_par3: 0.0684591996250685 +/- 0.38139866176177845
