CMS_AN23122_Background_rpf_2x0_par0: 0.24791466593212183 +/- 0.5532303977598374
CMS_AN23122_Background_rpf_2x0_par3: 0.012715251518187195 +/- 0.026246603475414177
