Background_rpf_1x1_par0: 2.8278587439043954 +/- 0.16076374599253052
Background_rpf_1x1_par1: 50.00040810006047 +/- 5.422142457579364
Background_rpf_1x1_par2: -9.933813519633125 +/- 0.0
