Background_rpf_1x1_par0: 2.7500737703167593 +/- 0.15761940606892488
Background_rpf_1x1_par1: 50.00008417573815 +/- 5.317051316502173
Background_rpf_1x1_par2: -9.93245324890427 +/- 0.0
