CMS_AN23122_Background_rpf_2x0_par0: 0.05505963261767457 +/- 0.02021830147160184
CMS_AN23122_Background_rpf_2x0_par1: 0.5182586784389117 +/- 1.767320706894218
CMS_AN23122_Background_rpf_2x0_par2: -4.198780108736252e-07 +/- 20.931633413957304
CMS_AN23122_Background_rpf_2x0_par3: 0.014009087375181242 +/- 0.0
