CMS_EXO26004_Background_rpf_1x0_par0: 0.08948919606098596 +/- 0.001558182297545441
CMS_EXO26004_Background_rpf_1x0_par1: 1.0765757434960597 +/- 0.040439749201884256
