CMS_EXO26004_Background_rpf_1x0_par0: 0.08949171512125538 +/- 0.00151775745441785
CMS_EXO26004_Background_rpf_1x0_par1: 1.0765292332263583 +/- 0.03755974303812971
