CMS_EXO26004_Background_rpf_2x0_par0: 0.05187994216564266 +/- 0.00963141851629038
CMS_EXO26004_Background_rpf_2x0_par1: 0.5248436222732932 +/- 0.373716733313844
CMS_EXO26004_Background_rpf_2x0_par2: -3.637681007556443e-05 +/- 0.0
CMS_EXO26004_Background_rpf_2x0_par3: 0.01529593172776847 +/- 0.0
