CMS_EXO26004_Background_rpf_2x0_par0: 0.8699868627442072 +/- 0.18468660155345265
CMS_EXO26004_Background_rpf_2x0_par3: 0.0010622410611729372 +/- 0.0
