CMS_EXO26004_Background_rpf_2x0_par0: 0.7505791813070888 +/- 4.767714763869421
CMS_EXO26004_Background_rpf_2x0_par3: 0.0012300526380575312 +/- 0.007809842403091299
