CMS_EXO26004_Background_rpf_2x0_par0: 0.04888934023720582 +/- 0.013470999966641183
CMS_EXO26004_Background_rpf_2x0_par1: 0.5007117665447022 +/- 0.6629432551426773
CMS_EXO26004_Background_rpf_2x0_par2: -2.5030776297811294e-08 +/- 0.0
CMS_EXO26004_Background_rpf_2x0_par3: 0.016642630065724043 +/- 0.0
