CMS_EXO26004_Background_rpf_2x0_par0: 0.0009070602562050122 +/- 0.0001250868127498601
CMS_EXO26004_Background_rpf_2x0_par1: 5.470885052356314e-08 +/- 0.0
CMS_EXO26004_Background_rpf_2x0_par2: 0.10518088962286025 +/- 0.15315826111340958
