CMS_EXO26004_Background_rpf_2x0_par0: 0.06862141968953601 +/- 0.012966114677154783
CMS_EXO26004_Background_rpf_2x0_par1: 0.5470060711684948 +/- 0.6439022247460007
CMS_EXO26004_Background_rpf_2x0_par2: -3.7537037570554554e-06 +/- 0.0
CMS_EXO26004_Background_rpf_2x0_par3: 0.011685247436283772 +/- 0.0
