CMS_EXO26004_Background_rpf_2x0_par0: 0.9999999999897494 +/- 0.5376826290484251
CMS_EXO26004_Background_rpf_2x0_par3: 0.0008336531565375693 +/- 0.00045914226309352776
