CMS_EXO26004_Background_rpf_2x0_par0: 0.9999999845920581 +/- 0.5317963174005972
CMS_EXO26004_Background_rpf_2x0_par3: 0.0008421585473423554 +/- 0.0004580524272605767
