CMS_EXO26004_Background_rpf_2x0_par0: 0.08182901724596786 +/- 0.09651414378414941
CMS_EXO26004_Background_rpf_2x0_par1: 0.9999998371971485 +/- 0.0
CMS_EXO26004_Background_rpf_2x0_par2: -2.5418539200992374e-06 +/- 1.4412042608853033
CMS_EXO26004_Background_rpf_2x0_par3: 1.9999999999999838 +/- 0.7757728731007613
