CMS_EXO26004_Background_rpf_2x0_par0: 0.019685797364779444 +/- 0.012116207150268973
CMS_EXO26004_Background_rpf_2x0_par1: 0.12054576787170258 +/- 0.4549721955976736
CMS_EXO26004_Background_rpf_2x0_par2: 1.3141054331348416 +/- 2.1807835424405932
