CMS_EXO26004_Background_rpf_2x0_par0: 0.019704307965352084 +/- 0.012069895040063333
CMS_EXO26004_Background_rpf_2x0_par1: 0.11951773183257927 +/- 0.4499145862648477
CMS_EXO26004_Background_rpf_2x0_par2: 1.3185514898603186 +/- 2.0864676515403984
