CMS_AN23122_Background_rpf_1x0_par0: 0.004835164886880379 +/- 0.0008847454480826432
CMS_AN23122_Background_rpf_1x0_par1: 0.0041546230498291006 +/- 0.004152304157555608
