CMS_AN23122_Background_rpf_1x0_par0: 0.00483490782712641 +/- 0.0009504694735076347
CMS_AN23122_Background_rpf_1x0_par1: 0.004154672590539311 +/- 0.008098001238524229
