CMS_AN23122_Background_rpf_2x0_par0: 0.062278818064588 +/- 0.023403273811903227
CMS_AN23122_Background_rpf_2x0_par1: 0.5282493768384912 +/- 2.05163489074733
CMS_AN23122_Background_rpf_2x0_par2: -3.822804241167732e-05 +/- 24.043894878211415
CMS_AN23122_Background_rpf_2x0_par3: 0.012447991495722625 +/- 0.0
