CMS_EXO26004_Background_rpf_2x0_par0: 0.08356139859322786 +/- 0.012573423771220985
CMS_EXO26004_Background_rpf_2x0_par1: 0.5000039609871856 +/- 0.13542772912735584
CMS_EXO26004_Background_rpf_2x0_par2: -0.17962624342528868 +/- 0.19428200008999125
CMS_EXO26004_Background_rpf_2x0_par3: 0.001451819448919142 +/- 0.0
