CMS_EXO26004_Background_rpf_2x0_par0: 0.46252666986914914 +/- 2.2725729308279847
CMS_EXO26004_Background_rpf_2x0_par3: 0.001987538177630608 +/- 0.009667922822961028
