CMS_EXO26004_Background_rpf_2x0_par0: 0.0007080986071221645 +/- 0.00015607319609289155
CMS_EXO26004_Background_rpf_2x0_par1: 0.015430678439557411 +/- 0.007433507239275412
CMS_EXO26004_Background_rpf_2x0_par2: -3.524444851912335e-07 +/- 2.680198847092745
