CMS_EXO26004_Background_rpf_2x0_par0: 0.047000731041993 +/- 0.008648868105703188
CMS_EXO26004_Background_rpf_2x0_par1: 0.5034183377126481 +/- 0.30071663456875425
CMS_EXO26004_Background_rpf_2x0_par2: -1.154330677375433e-05 +/- 0.0
CMS_EXO26004_Background_rpf_2x0_par3: 0.01684141280439598 +/- 0.0
