CMS_EXO26004_Background_rpf_2x0_par0: 0.08398976363376895 +/- 0.01267565771403002
CMS_EXO26004_Background_rpf_2x0_par1: 0.5003474462743381 +/- 0.1367256216295083
CMS_EXO26004_Background_rpf_2x0_par2: -0.18005360083843966 +/- 0.19609338324174022
CMS_EXO26004_Background_rpf_2x0_par3: 0.001446877735265881 +/- 0.0
