CMS_EXO26004_Background_rpf_2x0_par0: 0.0576608605671266 +/- 0.010597779314984504
CMS_EXO26004_Background_rpf_2x0_par1: 0.998867121581298 +/- 0.17870597064541482
CMS_EXO26004_Background_rpf_2x0_par2: -0.9065394158009205 +/- 0.25640017071888344
CMS_EXO26004_Background_rpf_2x0_par3: 1.4765728345236928 +/- 0.2661664741232531
