CMS_EXO26004_Background_rpf_2x0_par0: 0.48264190381482763 +/- 1.1535497554237677
CMS_EXO26004_Background_rpf_2x0_par3: 0.0019067733012293963 +/- 0.004511870911443529
