CMS_EXO26004_Background_rpf_2x0_par0: 0.14055234165008362 +/- 0.42887002309332084
CMS_EXO26004_Background_rpf_2x0_par1: 0.5122446536000611 +/- 2.0572857371119277
CMS_EXO26004_Background_rpf_2x0_par3: 0.006500479235865481 +/- 0.020106994887575544
