CMS_EXO26004_Background_rpf_2x0_par0: 0.9873506989086354 +/- 0.5455165465470899
CMS_EXO26004_Background_rpf_2x0_par3: 0.0008185944639745475 +/- 0.0004659728134668008
