CMS_AN23122_Background_rpf_2x0_par0: 0.16210520834145106 +/- 0.04145809683203197
CMS_AN23122_Background_rpf_2x0_par1: 0.5301410106117189 +/- 3.324563127297148
CMS_AN23122_Background_rpf_2x0_par3: 0.004980144164206044 +/- 0.0
