CMS_EXO26004_Background_rpf_2x0_par0: 0.0007612192914471785 +/- 0.00018131451683390306
CMS_EXO26004_Background_rpf_2x0_par1: 0.00856570944633054 +/- 0.012177526432579903
