Background_rpf_2x0_par0: 4.581231452350067 +/- 0.3862106314160211
Background_rpf_2x0_par1: 50.000050241033954 +/- 82.00242650418551
Background_rpf_2x0_par2: -49.999994321073515 +/- 0.0
Background_rpf_2x0_par3: 0.06151791308579499 +/- 0.0
