Background_rpf_2x0_par0: 1.5656491281629152 +/- 0.041223056644681705
Background_rpf_2x0_par1: 50.00046901120048 +/- 5.066515775748567
Background_rpf_2x0_par2: -49.99985049880015 +/- 0.0
Background_rpf_2x0_par3: 0.06386318267816084 +/- 0.0
