Background_rpf_2x0_par0: 6.4522404056364095 +/- 0.44931017322470906
Background_rpf_2x0_par1: 50.1425977434796 +/- 0.0
Background_rpf_2x0_par2: -48.57200345094934 +/- 0.0
Background_rpf_2x0_par3: 0.046143857424561445 +/- 0.0
