Background_rpf_2x0_par0: 4.579802449924017 +/- 1.0877352846626815
Background_rpf_2x0_par1: 50.00000083859643 +/- 71.48688750513888
Background_rpf_2x0_par2: -49.999999911244046 +/- 672.9213510969585
Background_rpf_2x0_par3: 0.061531766567449464 +/- 0.0
