Background_rpf_2x0_par0: 2.947271024167298 +/- 8.338548214682442
Background_rpf_2x0_par1: 53.95641978936243 +/- 150.1123289179068
Background_rpf_2x0_par2: -41.71506159323145 +/- 0.0
Background_rpf_2x0_par3: 0.05123018595510885 +/- 0.14436319007297563
