Background_rpf_2x0_par0: 7.887850889799039 +/- 1.477593482792137
Background_rpf_2x0_par1: 52.20583002931131 +/- 82.74930018539455
Background_rpf_2x0_par2: -0.0009624045107768271 +/- 782.3236964720419
Background_rpf_2x0_par3: 0.0448721768499211 +/- 0.0
