Background_rpf_2x0_par0: 1.5655584580853366 +/- 0.06742684207253166
Background_rpf_2x0_par1: 50.000009757858585 +/- 8.771749411814543
Background_rpf_2x0_par2: -49.99986722212876 +/- 171.81891964512653
Background_rpf_2x0_par3: 0.06386565919029513 +/- 0.0
