Background_rpf_2x0_par0: 6.34287043596915 +/- 15.552224345805856
Background_rpf_2x0_par1: 51.287636215461504 +/- 0.0
Background_rpf_2x0_par2: -47.17473276684971 +/- 785.8599763199813
Background_rpf_2x0_par3: 0.046905912568154275 +/- 0.0995800319522066
