Background_rpf_2x0_par0: 10.426885885998724 +/- 1.9113748747821162
Background_rpf_2x0_par1: 54.45968378724907 +/- 158.66748565148157
Background_rpf_2x0_par2: -1.1234391021196916e-05 +/- 1470.7858963926874
Background_rpf_2x0_par3: 0.032828884392314996 +/- 0.0
