Background_rpf_2x0_par0: 7.580038535877299 +/- 1.375449869475141
Background_rpf_2x0_par1: 50.015427034191575 +/- 0.0
Background_rpf_2x0_par2: -0.006997829786908667 +/- 583.5104556662582
Background_rpf_2x0_par3: 0.04670961026139171 +/- 0.0
