CMS_EXO26004_Background_rpf_2x0_par0: 0.08025667555042425 +/- 0.022120593859839853
CMS_EXO26004_Background_rpf_2x0_par1: 0.5183243597001342 +/- 2.181437898649024
CMS_EXO26004_Background_rpf_2x0_par2: -5.049298276383002e-07 +/- 0.0
CMS_EXO26004_Background_rpf_2x0_par3: 0.010099681318642 +/- 0.0
