CMS_EXO26004_Background_rpf_2x0_par0: 0.0007048678351871939 +/- 0.0001533853753160885
CMS_EXO26004_Background_rpf_2x0_par1: 0.013846145520437706 +/- 0.011844371551767702
CMS_EXO26004_Background_rpf_2x0_par2: -0.0005580828479490292 +/- 5.899083147868101
