CMS_EXO26004_Background_rpf_2x0_par0: 0.9974453574428657 +/- 0.5349606267068258
CMS_EXO26004_Background_rpf_2x0_par3: 0.0008478720621476858 +/- 0.0004664470951502374
