CMS_EXO26004_Background_rpf_2x0_par0: 0.023127474718224957 +/- 0.012650803910947543
CMS_EXO26004_Background_rpf_2x0_par1: 0.5047611440339214 +/- 0.8394988722900981
CMS_EXO26004_Background_rpf_2x0_par2: -2.937325572442001e-09 +/- 5.862971593100107
CMS_EXO26004_Background_rpf_2x0_par3: 0.030547608112567355 +/- 0.0
