CMS_EXO26004_Background_rpf_2x0_par0: 0.0008960607652441232 +/- 0.00029687199356250694
CMS_EXO26004_Background_rpf_2x0_par1: 1.694090900547507e-08 +/- 0.018913584786431174
CMS_EXO26004_Background_rpf_2x0_par2: 0.15527292839379875 +/- 0.15687534980095758
