CMS_AN23122_Background_rpf_2x0_par0: 0.09354330146703628 +/- 0.01785287133447372
CMS_AN23122_Background_rpf_2x0_par1: 0.5680953881145927 +/- 1.4574739017099294
CMS_AN23122_Background_rpf_2x0_par3: 0.012736544153059859 +/- 0.0
