CMS_AN23122_Background_rpf_2x0_par0: 0.7755793808265357 +/- 0.0
CMS_AN23122_Background_rpf_2x0_par3: 0.02634222265586384 +/- 0.004374155582082051
