Background_rpf_2x0_par0: 1.0111984491957586 +/- 0.06273325669163164
Background_rpf_2x0_par1: 50.8269937081579 +/- 3.1597479724124313
Background_rpf_2x0_par2: -49.99998125544534 +/- 0.0
Background_rpf_2x0_par3: 0.06004296240248767 +/- 0.0
