CMS_EXO26004_Background_rpf_2x0_par0: 0.0006992991778290085 +/- 0.0001530646105720286
CMS_EXO26004_Background_rpf_2x0_par1: 0.01454212038399075 +/- 0.011604525381585856
CMS_EXO26004_Background_rpf_2x0_par2: -2.4347811574867615e-05 +/- 5.524848286255366
