CMS_EXO26004_Background_rpf_2x0_par0: 0.08375040479328316 +/- 0.01260310053326789
CMS_EXO26004_Background_rpf_2x0_par1: 0.5000476011203907 +/- 0.13581884652084533
CMS_EXO26004_Background_rpf_2x0_par2: -0.18000658454683122 +/- 0.19472871601641398
CMS_EXO26004_Background_rpf_2x0_par3: 0.00144955644654535 +/- 0.0
