CMS_AN23122_Background_rpf_2x0_par0: 0.8962021283818279 +/- 0.32560231934497075
CMS_AN23122_Background_rpf_2x0_par3: 0.022819182969795793 +/- 0.0
