CMS_EXO26004_Background_rpf_2x0_par0: 0.057574670387902864 +/- 0.01028253220087791
CMS_EXO26004_Background_rpf_2x0_par1: 0.9985668088870628 +/- 0.1722672268341283
CMS_EXO26004_Background_rpf_2x0_par2: -0.9197143677825074 +/- 0.17263797975431708
CMS_EXO26004_Background_rpf_2x0_par3: 1.4786341982400335 +/- 0.2595050923422136
