CMS_AN23122_Background_rpf_2x0_par0: 0.7868449660306736 +/- 0.13403641532574265
CMS_AN23122_Background_rpf_2x0_par3: 0.025977695276903398 +/- 0.0
