CMS_AN23122_Background_rpf_2x0_par0: 0.08590930600670954 +/- 0.016390490403341035
CMS_AN23122_Background_rpf_2x0_par1: 0.5661537551453389 +/- 1.3255718213340195
CMS_AN23122_Background_rpf_2x0_par3: 0.013861256229752175 +/- 0.0
