CMS_EXO26004_Background_rpf_2x0_par0: 0.08816204240002785 +/- 0.21583085920192654
CMS_EXO26004_Background_rpf_2x0_par1: 0.5254501424579426 +/- 1.3314523678416263
CMS_EXO26004_Background_rpf_2x0_par2: -0.1866082822500243 +/- 0.5373667980401585
CMS_EXO26004_Background_rpf_2x0_par3: 0.0013774470044977407 +/- 0.003398989384753986
