CMS_EXO26004_Background_rpf_2x0_par0: 0.0839523642508294 +/- 0.012594775708571121
CMS_EXO26004_Background_rpf_2x0_par1: 0.5012731547907848 +/- 0.1353463244393217
CMS_EXO26004_Background_rpf_2x0_par2: -0.17814799829074895 +/- 0.19402425186635913
CMS_EXO26004_Background_rpf_2x0_par3: 0.0014463996162799868 +/- 0.0
