Background_rpf_1x0_par0: 0.014855047268615673 +/- 0.0018319952874060257
Background_rpf_1x0_par1: 0.3808664878640362 +/- 0.12565026885289265
