CMS_EXO26004_Background_rpf_2x0_par0: 0.05119705403856777 +/- 0.009559009668788539
CMS_EXO26004_Background_rpf_2x0_par1: 0.5156542514554858 +/- 0.38662176215777266
CMS_EXO26004_Background_rpf_2x0_par2: -1.4056859215158795e-05 +/- 0.0
CMS_EXO26004_Background_rpf_2x0_par3: 0.015516750035375114 +/- 0.0
