CMS_AN23122_Background_rpf_2x0_par0: 0.07205628383087277 +/- 0.02572450815915784
CMS_AN23122_Background_rpf_2x0_par1: 0.560931217889258 +/- 2.2327958736199407
CMS_AN23122_Background_rpf_2x0_par2: -2.5052428848181484e-05 +/- 25.58080460960457
CMS_AN23122_Background_rpf_2x0_par3: 0.010819323131200641 +/- 0.0
