CMS_EXO26004_Background_rpf_2x0_par0: 0.08367898677962825 +/- 0.012578265582316566
CMS_EXO26004_Background_rpf_2x0_par1: 0.5002239548233397 +/- 0.13553716336738142
CMS_EXO26004_Background_rpf_2x0_par2: -0.17807949257079517 +/- 0.19443792604759758
CMS_EXO26004_Background_rpf_2x0_par3: 0.0014505949827924975 +/- 0.0
