Background_rpf_2x0_par0: 15.278182924431073 +/- 2.1502633957024155
Background_rpf_2x0_par1: 50.00092217604928 +/- 42.907985423397726
Background_rpf_2x0_par2: -25.80417620777967 +/- 68.7325416521473
Background_rpf_2x0_par3: 0.005665570126121807 +/- 0.0
