Background_rpf_2x0_par0: 16.270792950991236 +/- 1.9746223560619798
Background_rpf_2x0_par1: 50.01813908657698 +/- 38.185522037946704
Background_rpf_2x0_par2: -18.763908928415425 +/- 62.04880497605844
Background_rpf_2x0_par3: 0.005360038338556346 +/- 0.0
