Background_rpf_2x0_par0: 26.432851581035656 +/- 3.1882468953454426
Background_rpf_2x0_par1: 50.01488740722828 +/- 44.276214179583874
Background_rpf_2x0_par2: -0.0014616130171636495 +/- 65.9382689575793
Background_rpf_2x0_par3: 0.0037261434250749066 +/- 0.0
