Background_rpf_2x0_par0: 16.36104633557222 +/- 1.999364193913296
Background_rpf_2x0_par1: 50.02564105990198 +/- 38.78406142821092
Background_rpf_2x0_par2: -18.287131371246755 +/- 62.94295014952218
Background_rpf_2x0_par3: 0.0053327994727723925 +/- 0.0
