Background_rpf_2x0_par0: 5.136833888471008 +/- 0.32826788593039563
Background_rpf_2x0_par1: 50.00584273848208 +/- 10.016136297267106
Background_rpf_2x0_par2: -41.824226553510805 +/- 18.743237265423662
Background_rpf_2x0_par3: 0.010394747259779569 +/- 0.0
