Background_rpf_2x0_par0: 24.899648329381023 +/- 2.767542002492453
Background_rpf_2x0_par1: 50.074748550707305 +/- 40.768810608847055
Background_rpf_2x0_par2: -5.301472728183489 +/- 62.30008632934956
Background_rpf_2x0_par3: 0.003877065372043872 +/- 0.0
