Background_rpf_2x0_par0: 6.412179865556751 +/- 0.5791605097535416
Background_rpf_2x0_par1: 50.00178227503028 +/- 15.08643365675636
Background_rpf_2x0_par2: -40.51431844171531 +/- 25.80452109740897
Background_rpf_2x0_par3: 0.009559803398813873 +/- 0.0
