Background_rpf_2x0_par0: 25.43352731678089 +/- 2.842233728466779
Background_rpf_2x0_par1: 50.00368596726217 +/- 42.15066030665277
Background_rpf_2x0_par2: -3.7697349996105043 +/- 64.54534170456489
Background_rpf_2x0_par3: 0.0038030813406736536 +/- 0.0
