Background_rpf_2x0_par0: 1.8956608130729693 +/- 0.06618455331774781
Background_rpf_2x0_par1: 50.05796687007605 +/- 3.9882902635225883
Background_rpf_2x0_par2: -48.04932644487072 +/- 9.70683677446593
Background_rpf_2x0_par3: 0.01475235590666555 +/- 0.0
