Background_rpf_2x0_par0: 5.16848232724199 +/- 0.3305862694039734
Background_rpf_2x0_par1: 50.00021788090956 +/- 10.094785724821575
Background_rpf_2x0_par2: -41.456474450193355 +/- 18.908148417647386
Background_rpf_2x0_par3: 0.010343775231885632 +/- 0.0
