Background_rpf_2x0_par0: 1.8943065387659548 +/- 0.06620435014721285
Background_rpf_2x0_par1: 50.06124564394993 +/- 3.993375074663958
Background_rpf_2x0_par2: -48.21592091110821 +/- 9.740983543713396
Background_rpf_2x0_par3: 0.014760821077481397 +/- 0.0
