Background_rpf_2x0_par0: 26.28459369967228 +/- 3.168499925680982
Background_rpf_2x0_par1: 50.00007147764301 +/- 43.9736919915461
Background_rpf_2x0_par2: -0.32531178082294354 +/- 65.4985966170937
Background_rpf_2x0_par3: 0.00374619891431412 +/- 0.0
