Background_rpf_2x0_par0: 15.2097492795865 +/- 2.121934734953633
Background_rpf_2x0_par1: 50.014703049554065 +/- 42.18639317696908
Background_rpf_2x0_par2: -26.310934019394505 +/- 67.65965719334646
Background_rpf_2x0_par3: 0.0056879099435932275 +/- 0.0
