Background_rpf_2x0_par0: 6.398683459920755 +/- 0.5763037422226206
Background_rpf_2x0_par1: 50.003690553753515 +/- 14.983921451002457
Background_rpf_2x0_par2: -40.77290240839382 +/- 25.648719232838452
Background_rpf_2x0_par3: 0.00957684234196516 +/- 0.0
