CMS_EXO26004_Background_rpf_2x0_par0: 0.08163071214524256 +/- 0.023802251683082757
CMS_EXO26004_Background_rpf_2x0_par1: 0.999999888671385 +/- 0.0
CMS_EXO26004_Background_rpf_2x0_par2: -1.0704124578809343e-07 +/- 2.3552457012703267
CMS_EXO26004_Background_rpf_2x0_par3: 1.9999999999999993 +/- 0.45947470360822007
