CMS_EXO26004_Background_rpf_2x0_par0: 0.0008860232080800859 +/- 0.00018141336100538138
CMS_EXO26004_Background_rpf_2x0_par1: 0.003816549381963125 +/- 0.006884693198088465
