Background_rpf_2x0_par0: 2.9028923496265535 +/- 2.758653425048378
Background_rpf_2x0_par1: 50.46476448273934 +/- 0.0
Background_rpf_2x0_par2: -6.995399362814551 +/- 792.3053492971065
Background_rpf_2x0_par3: 0.052412912154631446 +/- 0.042873742334139466
