Background_rpf_2x0_par0: 2.7087134746533 +/- 0.09705980484369385
Background_rpf_2x0_par1: 50.00023457415712 +/- 5.334491246585959
Background_rpf_2x0_par2: -41.24604543512857 +/- 0.0
Background_rpf_2x0_par3: 0.05564527917347599 +/- 0.0
