Background_rpf_2x0_par0: 10.84470373612551 +/- 1.957572406687077
Background_rpf_2x0_par1: 65.52844294691417 +/- 0.0
Background_rpf_2x0_par2: -3.168707219897843e-05 +/- 1150.482777396487
Background_rpf_2x0_par3: 0.03176672637634431 +/- 0.0
