CMS_EXO26004_Background_rpf_2x0_par0: 0.08363681735465069 +/- 0.012606305949788546
CMS_EXO26004_Background_rpf_2x0_par1: 0.5002522637053909 +/- 0.13597118225682484
CMS_EXO26004_Background_rpf_2x0_par2: -0.1784084016845105 +/- 0.19485303467525567
CMS_EXO26004_Background_rpf_2x0_par3: 0.0014509173763094204 +/- 0.0
