CMS_EXO26004_Background_rpf_2x0_par0: 0.4732667514861237 +/- 2.3470798729768174
CMS_EXO26004_Background_rpf_2x0_par3: 0.0019432405391289639 +/- 0.009540234517093214
