CMS_AN23122_Background_rpf_2x0_par0: 0.1723974708151029 +/- 0.34672871291697743
CMS_AN23122_Background_rpf_2x0_par3: 0.018110008623502493 +/- 0.032977206871634364
