CMS_EXO26004_Background_rpf_2x0_par0: 0.0009434872899728348 +/- 0.00021228644076711674
CMS_EXO26004_Background_rpf_2x0_par1: 0.0005624825911517818 +/- 0.009506971057120164
