CMS_EXO26004_Background_rpf_2x0_par0: 0.09688108651269356 +/- 0.03679957924207488
CMS_EXO26004_Background_rpf_2x0_par1: 0.5148907263638837 +/- 2.5035660631697136
CMS_EXO26004_Background_rpf_2x0_par2: -0.016904448455665234 +/- 28.617258361827343
CMS_EXO26004_Background_rpf_2x0_par3: 0.009343651754126374 +/- 0.0
