CMS_AN23122_Background_rpf_2x0_par0: 0.053715845212870164 +/- 0.02155488660791854
CMS_AN23122_Background_rpf_2x0_par1: 0.5070608745955937 +/- 1.9143521153743897
CMS_AN23122_Background_rpf_2x0_par2: -9.86781889472611e-06 +/- 22.66246247421517
CMS_AN23122_Background_rpf_2x0_par3: 0.014350588831660257 +/- 0.0
