CMS_AN23122_Background_rpf_2x0_par0: 0.07577672418427872 +/- 0.020071138659110706
CMS_AN23122_Background_rpf_2x0_par1: 0.5138591314901039 +/- 0.6804427709809491
CMS_AN23122_Background_rpf_2x0_par2: -2.4767159162789043e-07 +/- 0.0
CMS_AN23122_Background_rpf_2x0_par3: 0.04105564058044938 +/- 0.0
