CMS_EXO26004_Background_rpf_2x0_par0: 0.049603094970160785 +/- 0.009138118753957541
CMS_EXO26004_Background_rpf_2x0_par1: 0.505879617610106 +/- 0.36005479958692405
CMS_EXO26004_Background_rpf_2x0_par2: -1.1120584966355833e-05 +/- 0.0
CMS_EXO26004_Background_rpf_2x0_par3: 0.015968842136426124 +/- 0.0
