CMS_EXO26004_Background_rpf_2x0_par0: 0.08171037120220276 +/- 0.024080278721526783
CMS_EXO26004_Background_rpf_2x0_par1: 0.999999422159548 +/- 0.0
CMS_EXO26004_Background_rpf_2x0_par2: -9.79666981108557e-06 +/- 1.8485834786862076
CMS_EXO26004_Background_rpf_2x0_par3: 2.0 +/- 0.4598922407772168
