CMS_EXO26004_Background_rpf_2x0_par0: 0.0817292420514106 +/- 0.024532403097806587
CMS_EXO26004_Background_rpf_2x0_par1: 0.9999997765277805 +/- 0.0
CMS_EXO26004_Background_rpf_2x0_par2: -2.814796369490606e-07 +/- 2.202631398513277
CMS_EXO26004_Background_rpf_2x0_par3: 1.9999999999999998 +/- 0.4664107543092405
