CMS_EXO26004_Background_rpf_2x0_par0: 0.5631943591313124 +/- 1.8903361036116313
CMS_EXO26004_Background_rpf_2x0_par3: 0.0016361144025491383 +/- 0.005465076063957048
