CMS_AN23122_Background_rpf_2x0_par0: 10.877960521199295 +/- 54.198084356755494
CMS_AN23122_Background_rpf_2x0_par1: 50.00005287956139 +/- 0.0
CMS_AN23122_Background_rpf_2x0_par3: 0.0004510452017009257 +/- 0.0021294775427755184
