CMS_AN23122_Background_rpf_2x0_par0: 0.1429069646878892 +/- 0.3739063095326524
CMS_AN23122_Background_rpf_2x0_par1: 0.9999963744734449 +/- 2.370803733649637
CMS_AN23122_Background_rpf_2x0_par3: 0.021649041683245638 +/- 0.055079626177133946
