CMS_EXO26004_Background_rpf_2x0_par0: 0.08149113165541572 +/- 0.01743337703011648
CMS_EXO26004_Background_rpf_2x0_par1: 0.5665952127054333 +/- 1.6939921654975212
CMS_EXO26004_Background_rpf_2x0_par2: -7.725154613032648e-06 +/- 0.0
CMS_EXO26004_Background_rpf_2x0_par3: 0.009841016868089773 +/- 0.0
