CMS_EXO26004_Background_rpf_2x0_par0: 0.0009090205559265162 +/- 0.00018366367141810653
CMS_EXO26004_Background_rpf_2x0_par1: 0.004944614262040359 +/- 0.006403090749174214
