CMS_EXO26004_Background_rpf_2x0_par0: 0.0007849833667407703 +/- 0.00016510737426463697
CMS_EXO26004_Background_rpf_2x0_par1: 0.009595291129158046 +/- 0.007827798319723633
