CMS_EXO26004_Background_rpf_2x0_par0: 0.05776194873050213 +/- 0.01072864066870749
CMS_EXO26004_Background_rpf_2x0_par1: 0.9999994652362337 +/- 0.18035071263921995
CMS_EXO26004_Background_rpf_2x0_par2: -0.9073211199738265 +/- 0.25630189673407505
CMS_EXO26004_Background_rpf_2x0_par3: 1.4743371689010507 +/- 0.2685149036919724
