CMS_EXO26004_Background_rpf_2x0_par0: 0.5706365138442369 +/- 1.9124023460681359
CMS_EXO26004_Background_rpf_2x0_par3: 0.0016150417386928356 +/- 0.005390573873134392
