CMS_AN23122_Background_rpf_2x0_par0: 0.07284504166223642 +/- 0.019405850243459928
CMS_AN23122_Background_rpf_2x0_par1: 0.5026134785145205 +/- 0.6578068464760642
CMS_AN23122_Background_rpf_2x0_par2: -2.168230907951792e-05 +/- 0.0
CMS_AN23122_Background_rpf_2x0_par3: 0.04261578756418495 +/- 0.0
