CMS_EXO26004_Background_rpf_2x0_par0: 0.0007059338687182006 +/- 0.00015680436321020543
CMS_EXO26004_Background_rpf_2x0_par1: 0.013839934261431309 +/- 0.012055511390529183
CMS_EXO26004_Background_rpf_2x0_par2: -1.544226692775123e-05 +/- 5.934729060292573
