CMS_EXO26004_Background_rpf_2x0_par0: 0.0008961182776019672 +/- 0.0002945154880160243
CMS_EXO26004_Background_rpf_2x0_par1: 1.7144366026670965e-08 +/- 0.018745028135656264
CMS_EXO26004_Background_rpf_2x0_par2: 0.15532980610427755 +/- 0.1556212788493165
