CMS_EXO26004_Background_rpf_2x0_par0: 0.07263003264048072 +/- 0.01695869589026128
CMS_EXO26004_Background_rpf_2x0_par1: 0.5026436662736863 +/- 1.628535990298008
CMS_EXO26004_Background_rpf_2x0_par2: -6.4432931440269216e-06 +/- 0.0
CMS_EXO26004_Background_rpf_2x0_par3: 0.011098738845593878 +/- 0.0
