CMS_AN23122_Background_rpf_2x0_par0: 0.06254800944897886 +/- 0.015789487047302594
CMS_AN23122_Background_rpf_2x0_par1: 0.6082778655193046 +/- 1.2933479052449686
CMS_AN23122_Background_rpf_2x0_par3: 0.07997042991723768 +/- 0.0
