CMS_EXO26004_Background_rpf_2x0_par0: 0.05661855324886206 +/- 0.001030417002055151
CMS_EXO26004_Background_rpf_2x0_par1: 0.9783152713292517 +/- 0.03439229233103899
CMS_EXO26004_Background_rpf_2x0_par2: -0.8892075603129408 +/- 0.06134766392605562
CMS_EXO26004_Background_rpf_2x0_par3: 1.5047587731786425 +/- 0.0
