CMS_EXO26004_Background_rpf_2x0_par0: 0.0009433830111920882 +/- 0.00019279958461157476
CMS_EXO26004_Background_rpf_2x0_par1: 0.0006806646673708467 +/- 0.006934326625660235
CMS_EXO26004_Background_rpf_2x0_par2: 0.0472631931731139 +/- 0.0
