CMS_EXO26004_Background_rpf_2x0_par0: 0.09441683681217722 +/- 0.02029254758325078
CMS_EXO26004_Background_rpf_2x0_par1: 0.5472009365028258 +/- 0.7296032073774934
CMS_EXO26004_Background_rpf_2x0_par2: -1.9977506740412192 +/- 0.0
CMS_EXO26004_Background_rpf_2x0_par3: 0.009459582280939724 +/- 0.0
