CMS_AN23122_Background_rpf_2x0_par0: 0.08059550821171368 +/- 0.021454420557533868
CMS_AN23122_Background_rpf_2x0_par1: 0.5000127857827401 +/- 0.7343408265712512
CMS_AN23122_Background_rpf_2x0_par2: -9.553188322773394e-05 +/- 0.0
CMS_AN23122_Background_rpf_2x0_par3: 0.03853783770977587 +/- 0.0
