CMS_AN23122_Background_rpf_2x0_par0: 0.07606626169449877 +/- 0.014561754498509135
CMS_AN23122_Background_rpf_2x0_par1: 0.5528931361335555 +/- 1.1727933112868145
CMS_AN23122_Background_rpf_2x0_par3: 0.01563038783231727 +/- 0.0
