CMS_EXO26004_Background_rpf_2x0_par0: 0.08170893677454293 +/- 0.024681585820122812
CMS_EXO26004_Background_rpf_2x0_par1: 0.9999998597263664 +/- 0.0
CMS_EXO26004_Background_rpf_2x0_par2: -1.5294844763966142e-07 +/- 2.156064371380331
CMS_EXO26004_Background_rpf_2x0_par3: 2.0 +/- 0.4712002160145526
