CMS_EXO26004_Background_rpf_2x0_par0: 0.047433539419134196 +/- 0.013114206084145118
CMS_EXO26004_Background_rpf_2x0_par1: 0.5013137778849404 +/- 0.6760565863122964
CMS_EXO26004_Background_rpf_2x0_par2: -3.61059350944019e-07 +/- 0.0
CMS_EXO26004_Background_rpf_2x0_par3: 0.016906111246487717 +/- 0.0
