CMS_AN23122_Background_rpf_2x0_par0: 3.7033105125472834 +/- 13.40329041635395
CMS_AN23122_Background_rpf_2x0_par1: 50.0000000000682 +/- 0.0
CMS_AN23122_Background_rpf_2x0_par3: 0.0008846926454064067 +/- 0.0026418764138225093
