CMS_AN23122_Background_rpf_2x0_par0: 0.06715100687822663 +/- 0.018517464292646172
CMS_AN23122_Background_rpf_2x0_par1: 0.6080601812422523 +/- 1.51835046087931
CMS_AN23122_Background_rpf_2x0_par3: 0.06844461587647155 +/- 0.0
