CMS_EXO26004_Background_rpf_2x0_par0: 0.05087408504514366 +/- 0.009464341300794132
CMS_EXO26004_Background_rpf_2x0_par1: 0.5049388829536723 +/- 0.3699125340869599
CMS_EXO26004_Background_rpf_2x0_par2: -3.965296266191139e-06 +/- 0.0
CMS_EXO26004_Background_rpf_2x0_par3: 0.015638886635333856 +/- 0.0
