Background_rpf_2x0_par0: 1.0134785463403477 +/- 8.032173731061832
Background_rpf_2x0_par1: 51.03150768441549 +/- 366.9195929043606
Background_rpf_2x0_par2: -49.99947801713103 +/- 0.0
Background_rpf_2x0_par3: 0.059846095829995824 +/- 0.4569235362379684
