CMS_EXO26004_Background_rpf_2x0_par0: 0.3842799303536862 +/- 0.740875224216202
CMS_EXO26004_Background_rpf_2x0_par1: 0.5000100529525221 +/- 0.0
CMS_EXO26004_Background_rpf_2x0_par3: 0.0023890079139185093 +/- 0.004587716727142558
