CMS_EXO26004_Background_rpf_2x0_par0: 0.0008993600428230531 +/- 0.00031321366481430106
CMS_EXO26004_Background_rpf_2x0_par1: 1.8508386408775182e-08 +/- 0.020110930065045107
CMS_EXO26004_Background_rpf_2x0_par2: 0.1309933895288479 +/- 0.17677505880476124
