CMS_EXO26004_Background_rpf_2x0_par0: 0.030073154583360417 +/- 0.0069042386853198695
CMS_EXO26004_Background_rpf_2x0_par1: 0.5014286165660198 +/- 0.27226081502181826
CMS_EXO26004_Background_rpf_2x0_par2: -6.660781724335567e-07 +/- 0.0
CMS_EXO26004_Background_rpf_2x0_par3: 0.024947538761219083 +/- 0.0
