CMS_AN23122_Background_rpf_2x0_par0: 0.0655873407674641 +/- 0.8269540662258839
CMS_AN23122_Background_rpf_2x0_par1: 0.5476684589686075 +/- 9.046906015679586
CMS_AN23122_Background_rpf_2x0_par3: 0.07630130893509841 +/- 0.98367188115577
