CMS_EXO26004_Background_rpf_2x0_par0: 0.0009032998197085581 +/- 0.00018260073307702348
CMS_EXO26004_Background_rpf_2x0_par1: 0.005699466077825307 +/- 0.006236080173405611
