CMS_AN23122_Background_rpf_2x0_par0: 0.07671399803352918 +/- 0.3577280949436117
CMS_AN23122_Background_rpf_2x0_par1: 0.5531617853151198 +/- 3.321695601747203
CMS_AN23122_Background_rpf_2x0_par3: 0.015496397124502202 +/- 0.07325618956916266
