CMS_AN23122_Background_rpf_2x0_par0: 3.0764927052812068 +/- 1.9589223351433567
CMS_AN23122_Background_rpf_2x0_par1: 50.01487763986733 +/- 64.78008132725392
CMS_AN23122_Background_rpf_2x0_par3: 0.003138340076518896 +/- 0.0
