CMS_AN23122_Background_rpf_2x0_par0: 7.862095878037577 +/- 4.119399821522996
CMS_AN23122_Background_rpf_2x0_par1: 50.00001983349478 +/- 103.25533466829252
CMS_AN23122_Background_rpf_2x0_par2: -49.99992650604122 +/- 0.0
CMS_AN23122_Background_rpf_2x0_par3: 0.0014683510495216046 +/- 0.0
