CMS_AN23122_Background_rpf_2x0_par0: 7.873500707086822 +/- 3.03402820982558
CMS_AN23122_Background_rpf_2x0_par1: 50.00000000002868 +/- 0.0
CMS_AN23122_Background_rpf_2x0_par2: -49.99999999999959 +/- 0.0
CMS_AN23122_Background_rpf_2x0_par3: 0.001469081932835252 +/- 0.0
