CMS_AN23122_Background_rpf_2x0_par0: 7.783644802989643 +/- 3.0109385174682135
CMS_AN23122_Background_rpf_2x0_par1: 50.000014320557334 +/- 0.0
CMS_AN23122_Background_rpf_2x0_par2: -49.999942161057135 +/- 0.0
CMS_AN23122_Background_rpf_2x0_par3: 0.0014825344660153235 +/- 0.0
