CMS_AN23122_Background_rpf_2x0_par0: 0.07297557095084811 +/- 0.07948308436394157
CMS_AN23122_Background_rpf_2x0_par1: 2.9226013207614367 +/- 1.0170984219207833
CMS_AN23122_Background_rpf_2x0_par2: -16.42000442091231 +/- 6.482503450513602
CMS_AN23122_Background_rpf_2x0_par3: 0.10820534932751069 +/- 0.07536654331621895
