CMS_AN23122_Background_rpf_2x0_par0: 82.54074845605605 +/- 247.99665383565397
CMS_AN23122_Background_rpf_2x0_par3: 0.00013247867633620346 +/- 0.00039365121175849677
