CMS_AN23122_Background_rpf_2x0_par0: 0.07186005408579266 +/- 0.07912497897941441
CMS_AN23122_Background_rpf_2x0_par1: 2.9344418386097595 +/- 1.0027495370987987
CMS_AN23122_Background_rpf_2x0_par2: -16.461158964452753 +/- 6.356349621600192
CMS_AN23122_Background_rpf_2x0_par3: 0.10884877495340756 +/- 0.07598312656111658
