CMS_AN23122_Background_rpf_2x0_par0: 7.55559154858898 +/- 3.960386082527053
CMS_AN23122_Background_rpf_2x0_par1: 50.00000000000005 +/- 99.71796180387514
CMS_AN23122_Background_rpf_2x0_par2: -49.99999993887828 +/- 0.0
CMS_AN23122_Background_rpf_2x0_par3: 0.0015202070537758926 +/- 0.0
