CMS_EXO26004_Background_rpf_2x0_par0: 0.0009477992864587439 +/- 0.0002741098150397473
CMS_EXO26004_Background_rpf_2x0_par1: 1.192245617959468e-08 +/- 0.01566102538621042
