CMS_AN23122_Background_rpf_2x0_par0: 3.689343337582357 +/- 0.5785521650913681
CMS_AN23122_Background_rpf_2x0_par1: 50.000000456047175 +/- 0.0
CMS_AN23122_Background_rpf_2x0_par3: 0.0008869810162088814 +/- 0.0
