CMS_EXO26004_Background_rpf_2x0_par0: 0.08371428337140632 +/- 0.012601880225539755
CMS_EXO26004_Background_rpf_2x0_par1: 0.500183675675372 +/- 0.13571981210420647
CMS_EXO26004_Background_rpf_2x0_par2: -0.17903906133791364 +/- 0.1945207858166012
CMS_EXO26004_Background_rpf_2x0_par3: 0.0014500751281567954 +/- 0.0
