CMS_EXO26004_Background_rpf_2x0_par0: 0.0008075554981374543 +/- 0.0001791291894560717
CMS_EXO26004_Background_rpf_2x0_par1: 0.006516957157179674 +/- 0.01020844273965047
