CMS_EXO26004_Background_rpf_2x0_par0: 0.0008952744813282181 +/- 0.00041142764997717247
CMS_EXO26004_Background_rpf_2x0_par1: 7.751774448846917e-09 +/- 0.027224292045764716
CMS_EXO26004_Background_rpf_2x0_par2: 0.1350200329782811 +/- 0.3052002995462503
