CMS_EXO26004_Background_rpf_2x0_par0: 0.00079286469919429 +/- 0.0002384193109507502
CMS_EXO26004_Background_rpf_2x0_par1: 0.009426127265967487 +/- 0.009366490664023543
CMS_EXO26004_Background_rpf_2x0_par2: -5.16100147583741e-07 +/- 7.4358944071131985
