CMS_AN23122_Background_rpf_2x0_par0: 0.06297844905292743 +/- 0.17303313711149015
CMS_AN23122_Background_rpf_2x0_par1: 0.5940184643098054 +/- 2.5145689837016176
CMS_AN23122_Background_rpf_2x0_par3: 0.07905429327028811 +/- 0.22267428163345437
