CMS_EXO26004_Background_rpf_2x0_par0: 0.023631287493434513 +/- 0.017632755806975833
CMS_EXO26004_Background_rpf_2x0_par1: 0.5045142068340829 +/- 1.1672231615744533
CMS_EXO26004_Background_rpf_2x0_par2: -3.1915239856504865e-08 +/- 12.099757297792523
CMS_EXO26004_Background_rpf_2x0_par3: 0.030075991134081402 +/- 0.0
