CMS_EXO26004_Background_rpf_2x0_par0: 0.0008957691997337635 +/- 0.000339450967100473
CMS_EXO26004_Background_rpf_2x0_par1: 4.0406133259706e-09 +/- 0.022016057405744333
CMS_EXO26004_Background_rpf_2x0_par2: 0.14752540851935905 +/- 0.21029780429404193
