Background_rpf_1x0_par0: 0.30258471208912524 +/- 0.021929812284767397
Background_rpf_1x0_par1: 2.1360124906917024 +/- 0.9632724202838121
