CMS_AN23122_Background_rpf_2x0_par0: 0.9932663191404277 +/- 0.5114863202340523
CMS_AN23122_Background_rpf_2x0_par3: 0.0008403890555669438 +/- 0.0004421707020307818
