CMS_EXO26004_Background_rpf_2x0_par0: 0.08354365912119874 +/- 0.012596331987459155
CMS_EXO26004_Background_rpf_2x0_par1: 0.5000460082119355 +/- 0.13584173410608402
CMS_EXO26004_Background_rpf_2x0_par2: -0.18495788394089477 +/- 0.19476637521553894
CMS_EXO26004_Background_rpf_2x0_par3: 0.001451995695571124 +/- 0.0
