CMS_EXO26004_Background_rpf_2x0_par0: 0.08357038097779279 +/- 0.01259594222424902
CMS_EXO26004_Background_rpf_2x0_par1: 0.5003468233255869 +/- 0.135907799939702
CMS_EXO26004_Background_rpf_2x0_par2: -0.18036801551076095 +/- 0.19492659448092858
CMS_EXO26004_Background_rpf_2x0_par3: 0.0014517035015343804 +/- 0.0
