CMS_AN23122_Background_rpf_2x0_par0: 0.8159081125090684 +/- 4.796469969929994
CMS_AN23122_Background_rpf_2x0_par3: 0.025055698227169007 +/- 0.14740247551390376
