Background_rpf_2x0_par0: 1.0076663350084478 +/- 0.08277353922288333
Background_rpf_2x0_par1: 50.67387507916085 +/- 4.418921691275652
Background_rpf_2x0_par2: -49.99997128079396 +/- 0.0
Background_rpf_2x0_par3: 0.060241026665486135 +/- 0.0
