Background_rpf_2x0_par0: 1.5395221018053646 +/- 0.04414267795617755
Background_rpf_2x0_par1: 50.20766707194718 +/- 4.625324485467363
Background_rpf_2x0_par2: -49.99964173795865 +/- 0.0
Background_rpf_2x0_par3: 0.059042562945479965 +/- 0.0
