Background_rpf_2x0_par0: 1.0077333615200663 +/- 2.841445381193502
Background_rpf_2x0_par1: 50.67705886906463 +/- 133.25713563009882
Background_rpf_2x0_par2: -49.999970495880326 +/- 0.0
Background_rpf_2x0_par3: 0.06023707899502638 +/- 0.16526811150428986
