Background_rpf_2x0_par0: 1.5479162751308075 +/- 0.0443987370553797
Background_rpf_2x0_par1: 50.47048375775409 +/- 4.653502678498007
Background_rpf_2x0_par2: -49.99891368037965 +/- 0.0
Background_rpf_2x0_par3: 0.058723991191047625 +/- 0.0
