Background_rpf_2x0_par0: 1.0076927792787944 +/- 0.08274927806960247
Background_rpf_2x0_par1: 50.67516939521557 +/- 4.417399334464977
Background_rpf_2x0_par2: -49.99997093655351 +/- 0.0
Background_rpf_2x0_par3: 0.06023944014235731 +/- 0.0
