Background_rpf_2x0_par0: 3.1391793404418857 +/- 0.23019058220150582
Background_rpf_2x0_par1: 50.00000021358872 +/- 6.096070222702253
Background_rpf_2x0_par2: -27.335527477013766 +/- 14.34518396205124
Background_rpf_2x0_par3: 0.009982252961340901 +/- 0.0
