Background_rpf_2x0_par0: 3.1361762414809133 +/- 0.2299662887069407
Background_rpf_2x0_par1: 50.000271844011756 +/- 6.094447865586475
Background_rpf_2x0_par2: -27.386747731683656 +/- 14.329130444282857
Background_rpf_2x0_par3: 0.009977413230058983 +/- 0.0
