CMS_AN23122_Background_rpf_2x0_par0: 0.920193308700965 +/- 3.8696128909633063
CMS_AN23122_Background_rpf_2x0_par3: 0.0008987118374489343 +/- 0.003751765953096174
