CMS_AN23122_Background_rpf_2x0_par0: 1.3993363580237003e-09 +/- 0.0
CMS_AN23122_Background_rpf_2x0_par1: 0.8095138226583175 +/- 0.0
CMS_AN23122_Background_rpf_2x0_par2: -6.863957969713286e-12 +/- 6.596088234239708
CMS_AN23122_Background_rpf_2x0_par3: 0.0823083429168753 +/- 0.04620639656773934
