CMS_EXO26004_Background_rpf_2x0_par0: 0.08169910394845904 +/- 0.030811828658733092
CMS_EXO26004_Background_rpf_2x0_par1: 0.9999998579633066 +/- 0.0
CMS_EXO26004_Background_rpf_2x0_par2: -3.404734028229512e-07 +/- 3.264731376697136
CMS_EXO26004_Background_rpf_2x0_par3: 2.0 +/- 0.5866617677649245
