CMS_EXO26004_Background_rpf_2x0_par0: 0.000703664348341795 +/- 0.00015429000754024934
CMS_EXO26004_Background_rpf_2x0_par1: 0.014013793651816321 +/- 0.011848081075208575
CMS_EXO26004_Background_rpf_2x0_par2: -7.637294112893239e-05 +/- 5.782260123727734
