CMS_AN23122_Background_rpf_2x0_par0: 11.969138653993388 +/- 2.021801352380524
CMS_AN23122_Background_rpf_2x0_par1: 50.07859329642079 +/- 0.0
CMS_AN23122_Background_rpf_2x0_par3: 0.00012266828515343842 +/- 0.0
