CMS_AN23122_Background_rpf_2x0_par0: 8.723558880646062 +/- 2.89979716499438
CMS_AN23122_Background_rpf_2x0_par1: 50.00004276096812 +/- 160.60915634534012
CMS_AN23122_Background_rpf_2x0_par3: 0.0001645742808024005 +/- 0.0
