CMS_EXO26004_Background_rpf_2x0_par0: 0.13872047514459693 +/- 0.05498858564621585
CMS_EXO26004_Background_rpf_2x0_par1: 0.5802651407320744 +/- 4.847126545070418
CMS_EXO26004_Background_rpf_2x0_par2: -2.6033759006170373e-05 +/- 0.0
CMS_EXO26004_Background_rpf_2x0_par3: 0.006014379864128674 +/- 0.0
