CMS_EXO26004_Background_rpf_2x0_par0: 0.057741192620589764 +/- 0.01058912161006926
CMS_EXO26004_Background_rpf_2x0_par1: 0.999746522772434 +/- 0.1768398231918263
CMS_EXO26004_Background_rpf_2x0_par2: -0.907077910587098 +/- 0.24323854399211342
CMS_EXO26004_Background_rpf_2x0_par3: 1.474807526347293 +/- 0.26488035880831157
