CMS_AN23122_Background_rpf_2x0_par0: 0.0672131441563641 +/- 0.01848327125145624
CMS_AN23122_Background_rpf_2x0_par1: 0.6024076695892496 +/- 1.5234095225611668
CMS_AN23122_Background_rpf_2x0_par3: 0.06845633120705465 +/- 0.0
