CMS_AN23122_Background_rpf_2x0_par0: 0.07582962494977041 +/- 0.014480878444179833
CMS_AN23122_Background_rpf_2x0_par1: 0.5541497275626802 +/- 1.1655499773270017
CMS_AN23122_Background_rpf_2x0_par3: 0.015666693381536784 +/- 0.0
