CMS_EXO26004_Background_rpf_2x0_par0: 0.5675308556642308 +/- 1.9178104785865913
CMS_EXO26004_Background_rpf_2x0_par3: 0.001623721996011032 +/- 0.005437325644719971
