CMS_EXO26004_Background_rpf_2x0_par0: 0.16038088885775595 +/- 2.0953470621425048
CMS_EXO26004_Background_rpf_2x0_par1: 0.9504988383574232 +/- 12.720549305759256
CMS_EXO26004_Background_rpf_2x0_par2: -0.3332066698397024 +/- 4.736742211574635
CMS_EXO26004_Background_rpf_2x0_par3: 0.0007588071961537159 +/- 0.009985667973790958
