Background_rpf_expo_par0: -0.9999999999999398 +/- 0.0
Background_rpf_expo_par1: -4.316195990441409 +/- 0.011565453606136847
