CMS_EXO26004_Background_rpf_2x0_par0: 0.08408121866521806 +/- 0.012650780113610214
CMS_EXO26004_Background_rpf_2x0_par1: 0.5015937168003141 +/- 0.13630203741579325
CMS_EXO26004_Background_rpf_2x0_par2: -0.17763634547195528 +/- 0.19537961158233969
CMS_EXO26004_Background_rpf_2x0_par3: 0.0014440080812915285 +/- 0.0
