CMS_AN23122_Background_rpf_2x0_par0: 0.4158184258471758 +/- 1.108697117967698
CMS_AN23122_Background_rpf_2x0_par3: 0.007573770523475642 +/- 0.01972303936842755
