CMS_AN23122_Background_rpf_2x0_par0: 0.056886500465340266 +/- 0.0210059489639767
CMS_AN23122_Background_rpf_2x0_par1: 0.505212717370712 +/- 1.833895748682381
CMS_AN23122_Background_rpf_2x0_par2: -5.042883453429685e-06 +/- 21.687043354254534
CMS_AN23122_Background_rpf_2x0_par3: 0.013603336908897463 +/- 0.0
