CMS_EXO26004_Background_rpf_2x0_par0: 0.028540638551677926 +/- 0.012925967737845469
CMS_EXO26004_Background_rpf_2x0_par1: 0.5010655369123169 +/- 0.7844680324475382
CMS_EXO26004_Background_rpf_2x0_par2: -8.877918770586971e-08 +/- 0.0
CMS_EXO26004_Background_rpf_2x0_par3: 0.025988678137318824 +/- 0.0
