CMS_EXO26004_Background_rpf_2x0_par0: 0.04619948163675439 +/- 0.013212644186393535
CMS_EXO26004_Background_rpf_2x0_par1: 0.5001979796537406 +/- 0.6193626781003453
CMS_EXO26004_Background_rpf_2x0_par2: -9.437979911486316e-16 +/- 0.0
CMS_EXO26004_Background_rpf_2x0_par3: 0.017620527858151415 +/- 0.0
