CMS_AN23122_Background_rpf_2x0_par0: 0.8447605088996801 +/- 3.4136391061725013
CMS_AN23122_Background_rpf_2x0_par3: 0.02419987864965835 +/- 0.09720557208222992
