CMS_AN23122_Background_rpf_2x0_par0: 0.9850201777346229 +/- 0.48727222428964584
CMS_AN23122_Background_rpf_2x0_par3: 0.000867850058489645 +/- 0.0004373805863844226
