CMS_AN23122_Background_rpf_2x0_par0: 0.07785585626993734 +/- 0.9691341576679614
CMS_AN23122_Background_rpf_2x0_par1: 0.5543405815793614 +/- 8.423516983985555
CMS_AN23122_Background_rpf_2x0_par3: 0.015272239575694962 +/- 0.19292402745470916
