CMS_AN23122_Background_rpf_2x0_par0: 0.8197995070634968 +/- 3.4629926573302257
CMS_AN23122_Background_rpf_2x0_par3: 0.024935051869187225 +/- 0.10463427360668989
