CMS_EXO26004_Background_rpf_2x0_par0: 0.08173691337807643 +/- 0.024403872983346186
CMS_EXO26004_Background_rpf_2x0_par1: 0.9999996764057636 +/- 0.0
CMS_EXO26004_Background_rpf_2x0_par2: -1.9381606978336689e-07 +/- 1.9221889038155695
CMS_EXO26004_Background_rpf_2x0_par3: 1.9999999999999998 +/- 0.4648016499250179
