Background_rpf_2x0_par0: 1.006950787113389 +/- 0.16234539142404922
Background_rpf_2x0_par1: 50.74067045731221 +/- 10.745396698165099
Background_rpf_2x0_par2: -49.999951192123014 +/- 138.68363141421824
Background_rpf_2x0_par3: 0.060211816728878986 +/- 0.0
