Background_rpf_2x0_par0: 1.0068245451596136 +/- 0.07236566954859373
Background_rpf_2x0_par1: 50.742425584022655 +/- 3.5447839462316333
Background_rpf_2x0_par2: -49.99973604618535 +/- 0.0
Background_rpf_2x0_par3: 0.06021479865638952 +/- 0.0
