Background_rpf_2x0_par0: 1.5361274186378167 +/- 0.0414222076690181
Background_rpf_2x0_par1: 50.071397952931704 +/- 3.651500741752087
Background_rpf_2x0_par2: -49.999888895337 +/- 0.0
Background_rpf_2x0_par3: 0.05918673873472799 +/- 0.0
