Background_rpf_2x0_par0: 1.9496740135277841 +/- 0.051541661062015666
Background_rpf_2x0_par1: 62.589682021826256 +/- 4.509150843984239
Background_rpf_2x0_par2: -49.99999895520599 +/- 0.0
Background_rpf_2x0_par3: 0.04677993533854972 +/- 0.0
