Background_rpf_2x0_par0: 1.0068349995592214 +/- 2.6471128214177204
Background_rpf_2x0_par1: 50.743034069640444 +/- 122.54932718343086
Background_rpf_2x0_par2: -49.99973340154213 +/- 0.0
Background_rpf_2x0_par3: 0.06021410197427587 +/- 0.15313658460559235
