CMS_EXO26004_Background_rpf_2x0_par0: 0.483605770535941 +/- 6.30061527592146
CMS_EXO26004_Background_rpf_2x0_par3: 0.0019021125417404833 +/- 0.024538910194556694
