CMS_AN23122_Background_rpf_2x0_par0: 0.06715968616170623 +/- 0.395436691088087
CMS_AN23122_Background_rpf_2x0_par1: 0.6074590790255626 +/- 4.967238753920508
CMS_AN23122_Background_rpf_2x0_par3: 0.06845362981593815 +/- 0.41366955142024286
