CMS_EXO26004_Background_rpf_2x0_par0: 0.08370520787911383 +/- 0.01260460500073691
CMS_EXO26004_Background_rpf_2x0_par1: 0.5006136017641504 +/- 0.1359675446726499
CMS_EXO26004_Background_rpf_2x0_par2: -0.17846182148861403 +/- 0.19503319994258986
CMS_EXO26004_Background_rpf_2x0_par3: 0.0014497822996247939 +/- 0.0
