CMS_EXO26004_Background_rpf_2x0_par0: 0.09960030206704985 +/- 0.030857934892079573
CMS_EXO26004_Background_rpf_2x0_par1: 0.5190746729983597 +/- 2.924861723427021
CMS_EXO26004_Background_rpf_2x0_par2: -1.1440828935449076e-06 +/- 0.0
CMS_EXO26004_Background_rpf_2x0_par3: 0.008243400016026255 +/- 0.0
