CMS_EXO26004_Background_rpf_2x0_par0: 0.11979823130387976 +/- 0.6115988758958526
CMS_EXO26004_Background_rpf_2x0_par1: 0.51638951234885 +/- 3.3681475139374646
CMS_EXO26004_Background_rpf_2x0_par3: 0.007599679273301412 +/- 0.039747325039479954
