CMS_EXO26004_Background_rpf_2x0_par0: 0.05936861156476657 +/- 0.011869317864981296
CMS_EXO26004_Background_rpf_2x0_par1: 0.5173920394970617 +/- 0.7061463599657761
CMS_EXO26004_Background_rpf_2x0_par2: -0.00011263480377716171 +/- 0.0
CMS_EXO26004_Background_rpf_2x0_par3: 0.013500305317771607 +/- 0.0
