CMS_EXO26004_Background_rpf_2x0_par0: 0.024295560205636713 +/- 0.026278838821121996
CMS_EXO26004_Background_rpf_2x0_par1: 0.503790373670658 +/- 1.9700669510132784
CMS_EXO26004_Background_rpf_2x0_par2: -1.2848770004772816e-09 +/- 0.0
CMS_EXO26004_Background_rpf_2x0_par3: 0.02942450899936422 +/- 0.0
