CMS_AN23122_Background_rpf_2x0_par0: 10.698235480844142 +/- 30.984589152682467
CMS_AN23122_Background_rpf_2x0_par1: 50.00049990520335 +/- 0.0
CMS_AN23122_Background_rpf_2x0_par3: 0.0004579208691760851 +/- 0.0012389648511927228
