CMS_EXO26004_Background_rpf_2x0_par0: 0.023139505222966757 +/- 0.003949883118658235
CMS_EXO26004_Background_rpf_2x0_par1: 0.5047326518787936 +/- 0.0
CMS_EXO26004_Background_rpf_2x0_par2: -1.9948835224123038e-08 +/- 0.0
CMS_EXO26004_Background_rpf_2x0_par3: 0.030592226297936738 +/- 0.0
