CMS_EXO26004_Background_rpf_2x0_par0: 0.06498517244329824 +/- 0.023633099216604916
CMS_EXO26004_Background_rpf_2x0_par1: 0.5042950553460567 +/- 2.3925490154190583
CMS_EXO26004_Background_rpf_2x0_par2: -9.913613016197982e-08 +/- 0.0
CMS_EXO26004_Background_rpf_2x0_par3: 0.012415549473933807 +/- 0.0
