CMS_EXO26004_Background_rpf_2x0_par0: 0.023197165053865328 +/- 0.004094178470353828
CMS_EXO26004_Background_rpf_2x0_par1: 0.504626801307426 +/- 0.0
CMS_EXO26004_Background_rpf_2x0_par2: -2.875156834868716e-08 +/- 0.0
CMS_EXO26004_Background_rpf_2x0_par3: 0.030490839198970714 +/- 0.0
