CMS_EXO26004_Background_rpf_2x0_par0: 0.09511674052486496 +/- 0.04173782434293898
CMS_EXO26004_Background_rpf_2x0_par1: 0.5005710524124963 +/- 2.9555899068358276
CMS_EXO26004_Background_rpf_2x0_par2: -0.00020897182024998866 +/- 34.84579845192518
CMS_EXO26004_Background_rpf_2x0_par3: 0.009359405859137734 +/- 0.0
