CMS_EXO26004_Background_rpf_2x0_par0: 0.0009309864878862622 +/- 0.0001334973705408858
CMS_EXO26004_Background_rpf_2x0_par1: 6.668788556042551e-09 +/- 0.0
CMS_EXO26004_Background_rpf_2x0_par2: 0.07553488548531605 +/- 0.109927536053318
