CMS_AN23122_Background_rpf_2x0_par0: 0.4980330680126522 +/- 1.5643436843113792
CMS_AN23122_Background_rpf_2x0_par3: 0.006524513743771535 +/- 0.020193197112884365
