CMS_AN23122_Background_rpf_2x0_par0: 13.894868382588259 +/- 29.16021461437401
CMS_AN23122_Background_rpf_2x0_par1: 50.00068624947848 +/- 0.0
CMS_AN23122_Background_rpf_2x0_par2: -49.999844171366504 +/- 58.35214654947376
CMS_AN23122_Background_rpf_2x0_par3: 0.00028791669078381046 +/- 0.0004873174818111845
