CMS_AN23122_Background_rpf_2x0_par0: 36.849287934187366 +/- 53.879263453525816
CMS_AN23122_Background_rpf_2x0_par1: 50.00090594391563 +/- 0.0
CMS_AN23122_Background_rpf_2x0_par2: -49.99848004455876 +/- 0.0
CMS_AN23122_Background_rpf_2x0_par3: 0.00012896938557189032 +/- 0.00016731873231794921
