CMS_AN23122_Background_rpf_2x0_par0: 31.13932482135566 +/- 45.83862726059378
CMS_AN23122_Background_rpf_2x0_par1: 50.00101450983734 +/- 0.0
CMS_AN23122_Background_rpf_2x0_par2: -49.99863693491967 +/- 38.90097737452752
CMS_AN23122_Background_rpf_2x0_par3: 0.00015060620665389619 +/- 0.0001932436142942382
