CMS_AN23122_Background_rpf_2x0_par0: 20.233640398442436 +/- 24.913333268857404
CMS_AN23122_Background_rpf_2x0_par1: 50.00006485914858 +/- 0.0
CMS_AN23122_Background_rpf_2x0_par2: -49.999971330686925 +/- 0.0
CMS_AN23122_Background_rpf_2x0_par3: 0.00021566621872060802 +/- 0.0002205932373574767
