CMS_AN23122_Background_rpf_2x0_par0: 20.117819978327933 +/- 42.2622337267613
CMS_AN23122_Background_rpf_2x0_par1: 50.0000981220013 +/- 0.0
CMS_AN23122_Background_rpf_2x0_par2: -49.99998798890068 +/- 55.456127382094785
CMS_AN23122_Background_rpf_2x0_par3: 0.0002165342796085469 +/- 0.0003833282730400002
