CMS_EXO26004_Background_rpf_2x0_par0: 0.0007105812590989986 +/- 0.00017081826944801768
CMS_EXO26004_Background_rpf_2x0_par1: 0.015183675864662799 +/- 0.00825221579158998
CMS_EXO26004_Background_rpf_2x0_par2: -1.5802528313246106e-08 +/- 3.562788279448962
