CMS_AN23122_Background_rpf_2x0_par0: 0.09280091973670401 +/- 0.028697751539440174
CMS_AN23122_Background_rpf_2x0_par1: 0.5000017149298158 +/- 2.5071326559494937
CMS_AN23122_Background_rpf_2x0_par2: -0.0003173520348561953 +/- 24.324213144477966
CMS_AN23122_Background_rpf_2x0_par3: 0.008489723451582106 +/- 0.0
