Background_rpf_1x0_par0: 0.30257832612895136 +/- 0.018536596414169472
Background_rpf_1x0_par1: 2.1360117360860182 +/- 0.0
