Background_rpf_2x0_par0: 9.253148344773788 +/- 0.09251116040256062
Background_rpf_2x0_par1: 50.16599482722998 +/- 4.777399441592374
Background_rpf_2x0_par2: -8.291978215169138e-16 +/- 0.0
Background_rpf_2x0_par3: 0.012138566294438902 +/- 0.0
