Background_rpf_2x0_par0: 8.575672938850879 +/- 0.3179617398151824
Background_rpf_2x0_par1: 50.07297517617316 +/- 14.547014862318553
Background_rpf_2x0_par2: -0.0002700904632381429 +/- 0.0
Background_rpf_2x0_par3: 0.00386897866722702 +/- 0.0
