Background_rpf_2x0_par0: 64.83838893247365 +/- 0.0
Background_rpf_2x0_par1: 50.000014218611 +/- 40.40672430461389
Background_rpf_2x0_par2: -1.8679126433163162e-05 +/- 0.0
Background_rpf_2x0_par3: 0.0018129884723548807 +/- 1.9129113635663233e-05
