Background_rpf_2x0_par0: 4.5840847721161735 +/- 0.15511136110891185
Background_rpf_2x0_par1: 50.04087690771184 +/- 6.333016356791855
Background_rpf_2x0_par2: -1.1477804403182273e-05 +/- 0.0
Background_rpf_2x0_par3: 0.006735263829157771 +/- 0.0
