Background_rpf_2x0_par0: 8.559048871044135 +/- 0.31749152053244445
Background_rpf_2x0_par1: 50.04643847922256 +/- 14.527909048539842
Background_rpf_2x0_par2: -0.00010652250909941319 +/- 0.0
Background_rpf_2x0_par3: 0.0038756786903354546 +/- 0.0
