Background_rpf_2x0_par0: 1.0146716659507988 +/- 0.03544114877938764
Background_rpf_2x0_par1: 50.000012116697796 +/- 0.0
Background_rpf_2x0_par2: -49.99999999959463 +/- 52.753933884880205
Background_rpf_2x0_par3: 0.051389327705997793 +/- 0.0
