CMS_AN23122_Background_rpf_2x0_par0: 3.2900699385204524 +/- 0.48286032246745014
CMS_AN23122_Background_rpf_2x0_par1: 50.00000078791566 +/- 25.027010139133143
CMS_AN23122_Background_rpf_2x0_par2: -49.99982337502212 +/- 0.0
CMS_AN23122_Background_rpf_2x0_par3: 0.006933883591466206 +/- 0.0
