CMS_EXO26004_Background_rpf_1x0_par0: 0.015195429464243288 +/- 0.009565035180433841
CMS_EXO26004_Background_rpf_1x0_par1: 0.39809744955064214 +/- 0.2475026847772373
