CMS_EXO26004_Background_rpf_1x0_par0: 0.015194635445027556 +/- 0.0112646464857763
CMS_EXO26004_Background_rpf_1x0_par1: 0.3981344910712473 +/- 0.3891805896843126
