CMS_AN23122_Background_rpf_2x0_par0: 0.05365903736939951 +/- 0.020373813405959975
CMS_AN23122_Background_rpf_2x0_par1: 0.5077951928335608 +/- 1.7892811792889889
CMS_AN23122_Background_rpf_2x0_par2: -4.554355050405195e-05 +/- 21.154827572456952
CMS_AN23122_Background_rpf_2x0_par3: 0.014366326197335683 +/- 0.0
