CMS_AN23122_Background_rpf_2x0_par0: 0.07587628459145322 +/- 0.02015186600030162
CMS_AN23122_Background_rpf_2x0_par1: 0.5158816889436892 +/- 0.6817923645743966
CMS_AN23122_Background_rpf_2x0_par2: -2.5218762707453213e-09 +/- 0.0
CMS_AN23122_Background_rpf_2x0_par3: 0.04099791284349255 +/- 0.0
