CMS_EXO26004_Background_rpf_2x0_par0: 0.0008958277548142162 +/- 0.0003104030697493238
CMS_EXO26004_Background_rpf_2x0_par1: 2.2248271611515283e-10 +/- 0.019890707591362196
CMS_EXO26004_Background_rpf_2x0_par2: 0.14759765206254513 +/- 0.18988661281633865
