CMS_EXO26004_Background_rpf_1x0_par0: 0.0006938178781668621 +/- 0.0001511852397315676
CMS_EXO26004_Background_rpf_1x0_par1: 0.017216025164225657 +/- 0.0047659223332054594
