CMS_EXO26004_Background_rpf_1x0_par0: 0.0007969817848462175 +/- 0.00017066302185395768
CMS_EXO26004_Background_rpf_1x0_par1: 0.010480462356175495 +/- 0.006458771034592496
