CMS_EXO26004_Background_rpf_2x0_par0: 0.5227446288749626 +/- 1.128555941827979
CMS_EXO26004_Background_rpf_2x0_par3: 0.0017615643721316083 +/- 0.00376674518088078
