CMS_AN23122_Background_rpf_2x0_par0: 0.12517118349841305 +/- 0.026441903824432053
CMS_AN23122_Background_rpf_2x0_par1: 1.0 +/- 0.17244101200313014
CMS_AN23122_Background_rpf_2x0_par2: -0.49999999999999994 +/- 0.6702464425985648
CMS_AN23122_Background_rpf_2x0_par3: 1.0 +/- 0.17758183793026647
