CMS_AN23122_Background_rpf_2x0_par0: 3.7574948183737513 +/- 0.5689710492342337
CMS_AN23122_Background_rpf_2x0_par1: 50.000000572920385 +/- 0.0
CMS_AN23122_Background_rpf_2x0_par2: -49.99999984981591 +/- 0.0
CMS_AN23122_Background_rpf_2x0_par3: 0.03316841498441946 +/- 0.0037513083766806386
