CMS_AN23122_Background_rpf_2x0_par0: 3.43976783261669 +/- 0.3957742169095963
CMS_AN23122_Background_rpf_2x0_par1: 50.000000025446425 +/- 0.0
CMS_AN23122_Background_rpf_2x0_par2: -50.0 +/- 4.764907864495683
CMS_AN23122_Background_rpf_2x0_par3: 0.03396012443903284 +/- 0.00281861617678132
