CMS_AN23122_Background_rpf_2x0_par0: 3.7577560226782776 +/- 0.45537639985583883
CMS_AN23122_Background_rpf_2x0_par1: 50.00000000004765 +/- 0.0
CMS_AN23122_Background_rpf_2x0_par2: -50.0 +/- 4.9690808023595645
CMS_AN23122_Background_rpf_2x0_par3: 0.033163678574189684 +/- 0.002935453389908806
