CMS_AN23122_Background_rpf_2x0_par0: 3.4406529241284716 +/- 0.5006835759820718
CMS_AN23122_Background_rpf_2x0_par1: 50.000000152751916 +/- 0.0
CMS_AN23122_Background_rpf_2x0_par2: -49.999999999999886 +/- 0.0
CMS_AN23122_Background_rpf_2x0_par3: 0.03395751126385928 +/- 0.0036459625999810965
