CMS_AN23122_Background_rpf_2x0_par0: 0.12517151170833607 +/- 0.03406004981964114
CMS_AN23122_Background_rpf_2x0_par1: 1.0 +/- 0.19500713246137513
CMS_AN23122_Background_rpf_2x0_par2: -0.5 +/- 1.3425068517556655
CMS_AN23122_Background_rpf_2x0_par3: 0.9999999999999999 +/- 0.22389101209187168
