CMS_EXO26004_Background_rpf_2x0_par0: 0.04637654820682977 +/- 0.012814920264503503
CMS_EXO26004_Background_rpf_2x0_par1: 0.5002840734733585 +/- 0.6003712321354421
CMS_EXO26004_Background_rpf_2x0_par2: -3.059732891293361e-08 +/- 0.0
CMS_EXO26004_Background_rpf_2x0_par3: 0.017521997694407716 +/- 0.0
