CMS_EXO26004_Background_rpf_2x0_par0: 0.0009057180573382221 +/- 0.00012862438688799414
CMS_EXO26004_Background_rpf_2x0_par1: 2.0324252060521276e-09 +/- 0.0
CMS_EXO26004_Background_rpf_2x0_par2: 0.11349317355901276 +/- 0.17835281267361972
