CMS_AN23122_Background_rpf_2x0_par0: 0.48897684754094906 +/- 1.8375357649714914
CMS_AN23122_Background_rpf_2x0_par3: 0.006603052848061044 +/- 0.02443678848175026
