CMS_EXO26004_Background_rpf_2x0_par0: 0.0007808576423168777 +/- 0.0013667262896501684
CMS_EXO26004_Background_rpf_2x0_par1: 0.00997409085363641 +/- 0.050712981131698774
CMS_EXO26004_Background_rpf_2x0_par2: -1.0836118620352435e-08 +/- 45.92300027544278
