CMS_EXO26004_Background_rpf_2x0_par0: 0.10083879155964316 +/- 0.021536513639277076
CMS_EXO26004_Background_rpf_2x0_par1: 0.5135511179452172 +/- 0.7684963186514617
CMS_EXO26004_Background_rpf_2x0_par3: 0.008974223256534289 +/- 0.0
