CMS_EXO26004_Background_rpf_2x0_par0: 0.000930255809392894 +/- 0.00018158197063101927
CMS_EXO26004_Background_rpf_2x0_par1: 0.002278565708133489 +/- 0.006216845494601969
CMS_EXO26004_Background_rpf_2x0_par2: 0.02596612337629176 +/- 0.0
