CMS_EXO26004_Background_rpf_2x0_par0: 0.0007124094512970863 +/- 0.00016994061643113676
CMS_EXO26004_Background_rpf_2x0_par1: 0.01507475357006144 +/- 0.008190040248560225
CMS_EXO26004_Background_rpf_2x0_par2: -1.2392714167532145e-07 +/- 3.3235061807248916
