CMS_AN23122_Background_rpf_2x0_par0: 0.0703463240709053 +/- 0.009521398114071017
CMS_AN23122_Background_rpf_2x0_par1: 0.5144955484090014 +/- 0.0
CMS_AN23122_Background_rpf_2x0_par3: 0.016897582507578786 +/- 0.0
