CMS_AN23122_Background_rpf_2x0_par0: 0.7453030809730498 +/- 3.994931664125568
CMS_AN23122_Background_rpf_2x0_par3: 0.0043782839249563695 +/- 0.023235813050245115
