CMS_EXO26004_Background_rpf_2x0_par0: 0.0008976610272386692 +/- 0.0003106403477184885
CMS_EXO26004_Background_rpf_2x0_par1: 8.897230757590018e-09 +/- 0.020166084222035797
CMS_EXO26004_Background_rpf_2x0_par2: 0.1457984426208557 +/- 0.1922759249807586
