CMS_EXO26004_Background_rpf_2x0_par0: 0.02409894047179837 +/- 0.012512333097441295
CMS_EXO26004_Background_rpf_2x0_par1: 0.5041483160840613 +/- 0.821922395091213
CMS_EXO26004_Background_rpf_2x0_par2: -2.959871930885427e-17 +/- 6.501059442563479
CMS_EXO26004_Background_rpf_2x0_par3: 0.02969802012864036 +/- 0.0
