CMS_AN23122_Background_rpf_2x0_par0: 4.661485135823335 +/- 10.314533303599413
CMS_AN23122_Background_rpf_2x0_par1: 54.50448125461525 +/- 127.39310546648633
CMS_AN23122_Background_rpf_2x0_par2: -0.0038491743400560115 +/- 344.4933291649367
CMS_AN23122_Background_rpf_2x0_par3: 0.010963222173088113 +/- 0.024393002104729982
