CMS_AN23122_Background_rpf_2x0_par0: 0.057326008738427775 +/- 0.021462562430743144
CMS_AN23122_Background_rpf_2x0_par1: 0.5002010073764008 +/- 1.9368432111987979
CMS_AN23122_Background_rpf_2x0_par2: -1.2569881858041487e-05 +/- 21.761730299973603
CMS_AN23122_Background_rpf_2x0_par3: 0.013488513637133421 +/- 0.0
