CMS_EXO26004_Background_rpf_2x0_par0: 0.08382714210608272 +/- 0.012636310182574285
CMS_EXO26004_Background_rpf_2x0_par1: 0.5002831523886044 +/- 0.1362289687939085
CMS_EXO26004_Background_rpf_2x0_par2: -0.17843406627143815 +/- 0.1951839751041014
CMS_EXO26004_Background_rpf_2x0_par3: 0.001448472825501249 +/- 0.0
