CMS_EXO26004_Background_rpf_2x0_par0: 0.9921344460666756 +/- 0.5557967723888011
CMS_EXO26004_Background_rpf_2x0_par3: 0.0008792381088468025 +/- 0.0005046369136405796
