CMS_AN23122_Background_rpf_2x0_par0: 3.6945389294792874 +/- 1.068995437432609
CMS_AN23122_Background_rpf_2x0_par1: 50.00001264628813 +/- 42.535473749351794
CMS_AN23122_Background_rpf_2x0_par3: 0.000886388441140435 +/- 0.0
