CMS_EXO26004_Background_rpf_2x0_par0: 0.0008983070503696392 +/- 0.0004242255128351609
CMS_EXO26004_Background_rpf_2x0_par1: 7.892360147311508e-09 +/- 0.028957026794976096
CMS_EXO26004_Background_rpf_2x0_par2: 0.1303045185137904 +/- 0.35558873227503507
