CMS_AN23122_Background_rpf_2x0_par0: 0.058273553724437904 +/- 0.020720163986577545
CMS_AN23122_Background_rpf_2x0_par1: 0.5002935949529883 +/- 1.78222300087599
CMS_AN23122_Background_rpf_2x0_par2: -2.757964186799822e-05 +/- 21.13545250337279
CMS_AN23122_Background_rpf_2x0_par3: 0.013242245754554422 +/- 0.0
