Background_rpf_1x0_par0: 0.3025672119238788 +/- 0.015537489908765044
Background_rpf_1x0_par1: 2.136474325653717 +/- 0.0
