CMS_AN23122_Background_rpf_2x0_par0: 10.712165234804655 +/- 3.0543674714189977
CMS_AN23122_Background_rpf_2x0_par1: 50.000002274215746 +/- 123.81358662345097
CMS_AN23122_Background_rpf_2x0_par3: 0.0004573566315045404 +/- 0.0
