CMS_AN23122_Background_rpf_2x0_par0: 3.5545953616947 +/- 0.07223560752814308
CMS_AN23122_Background_rpf_2x0_par1: 50.00078086108473 +/- 2.047847443370571
CMS_AN23122_Background_rpf_2x0_par2: -47.569714465652275 +/- 3.6008827151497775
CMS_AN23122_Background_rpf_2x0_par3: 0.023696307015125918 +/- 0.0
