CMS_AN23122_Background_rpf_2x0_par0: 3.5542767203825694 +/- 0.07481579201253966
CMS_AN23122_Background_rpf_2x0_par1: 50.00018140693755 +/- 2.202488302967501
CMS_AN23122_Background_rpf_2x0_par2: -47.56551879819277 +/- 3.7733787884830843
CMS_AN23122_Background_rpf_2x0_par3: 0.023697452416487092 +/- 0.0
