CMS_AN23122_Background_rpf_1x0_par0: 0.04953142610133002 +/- 0.002726861305297977
CMS_AN23122_Background_rpf_1x0_par1: 0.7111683597141734 +/- 0.0884488127525106
