CMS_AN23122_Background_rpf_1x0_par0: 0.050872555771032016 +/- 0.0033725365506967926
CMS_AN23122_Background_rpf_1x0_par1: 0.6132414146660206 +/- 0.16872780177367377
