CMS_EXO26004_Background_rpf_2x0_par0: 0.083135589801075 +/- 0.012577140814840558
CMS_EXO26004_Background_rpf_2x0_par1: 0.5000322394023488 +/- 0.13584461471034312
CMS_EXO26004_Background_rpf_2x0_par2: -0.18057731393266774 +/- 0.1948382627343565
CMS_EXO26004_Background_rpf_2x0_par3: 0.0014562756950368108 +/- 0.0
