CMS_AN23122_Background_rpf_2x0_par0: 0.0737051093670402 +/- 0.01597396155294291
CMS_AN23122_Background_rpf_2x0_par1: 0.6642558485223599 +/- 1.1611142445501383
CMS_AN23122_Background_rpf_2x0_par2: -5.5022715698963584e-05 +/- 14.723381572794551
CMS_AN23122_Background_rpf_2x0_par3: 0.010478770007961059 +/- 0.0
