CMS_AN23122_Background_rpf_2x0_par0: 10.798578423098823 +/- 3.591937106755834
CMS_AN23122_Background_rpf_2x0_par1: 50.00004745360933 +/- 156.89937868008298
CMS_AN23122_Background_rpf_2x0_par3: 0.0004538476465866915 +/- 0.0
