CMS_EXO26004_Background_rpf_2x0_par0: 0.04967850297789208 +/- 0.009158481419276821
CMS_EXO26004_Background_rpf_2x0_par1: 0.5001956238127646 +/- 0.3419886324926585
CMS_EXO26004_Background_rpf_2x0_par2: -1.396490847439813e-09 +/- 0.0
CMS_EXO26004_Background_rpf_2x0_par3: 0.015985605911277876 +/- 0.0
