CMS_EXO26004_Background_rpf_2x0_par0: 0.0948483065213295 +/- 0.020377352743731342
CMS_EXO26004_Background_rpf_2x0_par1: 0.5443643546478917 +/- 0.733344241180561
CMS_EXO26004_Background_rpf_2x0_par2: -1.9810271962381725 +/- 0.0
CMS_EXO26004_Background_rpf_2x0_par3: 0.009427621179281809 +/- 0.0
