CMS_EXO26004_Background_rpf_2x0_par0: 0.0008959650723303603 +/- 0.0002925212508002295
CMS_EXO26004_Background_rpf_2x0_par1: 1.0638434901619805e-08 +/- 0.018580788653409317
CMS_EXO26004_Background_rpf_2x0_par2: 0.15486943853847723 +/- 0.1542835928726992
