CMS_AN23122_Background_rpf_2x0_par0: 0.5525538128454527 +/- 2.5905211944171023
CMS_AN23122_Background_rpf_2x0_par3: 0.005893133253690907 +/- 0.02727598075441537
