CMS_AN23122_Background_rpf_2x0_par0: 0.06477872304506738 +/- 0.0163969278029799
CMS_AN23122_Background_rpf_2x0_par1: 0.5610453982046529 +/- 1.3867422149393538
CMS_AN23122_Background_rpf_2x0_par3: 0.0771301634343053 +/- 0.0
