CMS_EXO26004_Background_rpf_2x0_par0: 0.08172525059911705 +/- 0.024172244773076085
CMS_EXO26004_Background_rpf_2x0_par1: 0.9999998052968121 +/- 0.0
CMS_EXO26004_Background_rpf_2x0_par2: -2.5389585348370696e-06 +/- 1.877793640975084
CMS_EXO26004_Background_rpf_2x0_par3: 2.0 +/- 0.4608977016182496
