CMS_AN23122_Background_rpf_2x0_par0: 8.724646409498288 +/- 16.520700949571147
CMS_AN23122_Background_rpf_2x0_par1: 50.00004269638218 +/- 0.0
CMS_AN23122_Background_rpf_2x0_par3: 0.0001645557157169913 +/- 0.00028911858865355287
