CMS_AN23122_Background_rpf_2x0_par0: 21.942480707753788 +/- 50.063417145929165
CMS_AN23122_Background_rpf_2x0_par1: 50.17470626438921 +/- 213.76693047136484
CMS_AN23122_Background_rpf_2x0_par3: 6.651149882688804e-05 +/- 0.0001529655650978691
