CMS_EXO26004_Background_rpf_2x0_par0: 0.0008962323756795557 +/- 0.0002956371677316975
CMS_EXO26004_Background_rpf_2x0_par1: 3.5384226318847627e-08 +/- 0.018816994564653293
CMS_EXO26004_Background_rpf_2x0_par2: 0.15536730600790394 +/- 0.156030027801074
