CMS_EXO26004_Background_rpf_2x0_par0: 0.9996711609480887 +/- 0.5184404719594159
CMS_EXO26004_Background_rpf_2x0_par3: 0.0009264857064079055 +/- 0.0004906834512192624
