CMS_EXO26004_Background_rpf_2x0_par0: 0.0009010352177483937 +/- 0.00011644622548819637
CMS_EXO26004_Background_rpf_2x0_par1: 8.810206735161696e-08 +/- 0.0
CMS_EXO26004_Background_rpf_2x0_par2: 0.12103253428935384 +/- 0.0
