CMS_EXO26004_Background_rpf_2x0_par0: 0.08355677235888806 +/- 0.012563639576993803
CMS_EXO26004_Background_rpf_2x0_par1: 0.5001186040227968 +/- 0.1354049772370158
CMS_EXO26004_Background_rpf_2x0_par2: -0.1785369325282839 +/- 0.19422842353770683
CMS_EXO26004_Background_rpf_2x0_par3: 0.0014519880811882902 +/- 0.0
