CMS_AN23122_Background_rpf_2x0_par0: 0.12259605116397486 +/- 0.1818563208106649
CMS_AN23122_Background_rpf_2x0_par3: 0.025399402329506805 +/- 0.033185849471759454
