Background_rpf_2x0_par0: 2.8511416578995132 +/- 8.886200268455628
Background_rpf_2x0_par1: 52.14865272716157 +/- 164.3302587271885
Background_rpf_2x0_par2: -39.65555852896967 +/- 181.96444228708316
Background_rpf_2x0_par3: 0.05296760657559465 +/- 0.165327372432231
