CMS_EXO26004_Background_rpf_2x0_par0: 0.05766431805409005 +/- 0.010284441586859943
CMS_EXO26004_Background_rpf_2x0_par1: 0.9999847210921269 +/- 0.17162814965184625
CMS_EXO26004_Background_rpf_2x0_par2: -0.9079504067465259 +/- 0.1626301621471798
CMS_EXO26004_Background_rpf_2x0_par3: 1.4761097940871284 +/- 0.2577182237208778
