CMS_EXO26004_Background_rpf_2x0_par0: 0.999992791059471 +/- 0.5522006274041802
CMS_EXO26004_Background_rpf_2x0_par3: 0.0009012701209350634 +/- 0.0005078362688287889
