CMS_EXO26004_Background_rpf_2x0_par0: 0.06933467966026219 +/- 0.026310644176828248
CMS_EXO26004_Background_rpf_2x0_par1: 0.5000870625319315 +/- 0.0
CMS_EXO26004_Background_rpf_2x0_par2: -0.6716687890739815 +/- 0.13776028824279926
CMS_EXO26004_Background_rpf_2x0_par3: 0.0015690379312857468 +/- 0.0003852723577203208
