CMS_EXO26004_Background_rpf_2x0_par0: 0.0007069813254668723 +/- 0.0001559523577647242
CMS_EXO26004_Background_rpf_2x0_par1: 0.015441073693949663 +/- 0.007427384582337039
CMS_EXO26004_Background_rpf_2x0_par2: -5.078852530332185e-07 +/- 2.67499316578603
