Background_rpf_2x0_par0: 2.8103978848289133 +/- 0.11928452148884656
Background_rpf_2x0_par1: 51.46079788695584 +/- 7.276786342929065
Background_rpf_2x0_par2: -39.50027556620493 +/- 60.27464627190324
Background_rpf_2x0_par3: 0.053727186302536416 +/- 0.0
