CMS_EXO26004_Background_rpf_2x0_par0: 0.05739576802001864 +/- 0.011089963476691231
CMS_EXO26004_Background_rpf_2x0_par1: 0.9938954497188239 +/- 0.15889686229924677
CMS_EXO26004_Background_rpf_2x0_par2: -0.9018530549660948 +/- 0.0
CMS_EXO26004_Background_rpf_2x0_par3: 1.4836007222933167 +/- 0.2747135208893688
