CMS_EXO26004_Background_rpf_2x0_par0: 0.0825542496672538 +/- 0.019076268278411655
CMS_EXO26004_Background_rpf_2x0_par1: 0.5183043175917535 +/- 0.7975896325108741
CMS_EXO26004_Background_rpf_2x0_par2: -2.590673509551746e-07 +/- 0.0
CMS_EXO26004_Background_rpf_2x0_par3: 0.010392941843037495 +/- 0.0
