CMS_EXO26004_Background_rpf_2x0_par0: 0.0009065009978650686 +/- 0.00012632667014383044
CMS_EXO26004_Background_rpf_2x0_par1: 1.983504506475331e-11 +/- 0.0
CMS_EXO26004_Background_rpf_2x0_par2: 0.08470104012339306 +/- 0.16309445077225793
