CMS_AN23122_Background_rpf_2x0_par0: 0.07573995724609113 +/- 0.3207361650165645
CMS_AN23122_Background_rpf_2x0_par1: 0.5531213417947454 +/- 3.086385338982491
CMS_AN23122_Background_rpf_2x0_par3: 0.015687487530016943 +/- 0.06739920276799248
