CMS_EXO26004_Background_rpf_2x0_par0: 0.08173170833588053 +/- 0.025620887360700235
CMS_EXO26004_Background_rpf_2x0_par1: 0.9999998564449117 +/- 0.0
CMS_EXO26004_Background_rpf_2x0_par2: -1.636403363374124e-07 +/- 2.531871470081809
CMS_EXO26004_Background_rpf_2x0_par3: 1.9999999999999998 +/- 0.4839574094401023
