CMS_EXO26004_Background_rpf_2x0_par0: 0.07275959258474347 +/- 0.017932851015019464
CMS_EXO26004_Background_rpf_2x0_par1: 0.500016721099469 +/- 0.8215387107075883
CMS_EXO26004_Background_rpf_2x0_par2: -6.47883806093705e-05 +/- 0.0
CMS_EXO26004_Background_rpf_2x0_par3: 0.011655601906568183 +/- 0.0
