CMS_EXO26004_Background_rpf_2x0_par0: 0.08173146885823573 +/- 0.024538039787821743
CMS_EXO26004_Background_rpf_2x0_par1: 0.9999996770930687 +/- 0.0
CMS_EXO26004_Background_rpf_2x0_par2: -1.203607223766571e-06 +/- 2.055202966113154
CMS_EXO26004_Background_rpf_2x0_par3: 1.9999999999999984 +/- 0.4664974488281093
