Background_rpf_2x0_par0: 1.5320047837910278 +/- 0.04458491296725685
Background_rpf_2x0_par1: 50.00254452893981 +/- 4.893158522525041
Background_rpf_2x0_par2: -49.99999885742129 +/- 0.0
Background_rpf_2x0_par3: 0.05931773825066962 +/- 0.0
