CMS_EXO26004_Background_rpf_2x0_par0: 0.0009003500965150393 +/- 0.0001823189456128883
CMS_EXO26004_Background_rpf_2x0_par1: 0.005911755012619571 +/- 0.006170929383933594
