CMS_EXO26004_Background_rpf_2x0_par0: 0.08388330555758887 +/- 0.012652099347414337
CMS_EXO26004_Background_rpf_2x0_par1: 0.5002025715984887 +/- 0.136514681762958
CMS_EXO26004_Background_rpf_2x0_par2: -0.17984344319147397 +/- 0.1959376392682194
CMS_EXO26004_Background_rpf_2x0_par3: 0.0014458883111064659 +/- 0.0
