CMS_AN23122_Background_rpf_2x0_par0: 0.8917616240911616 +/- 5.36212764565952
CMS_AN23122_Background_rpf_2x0_par3: 0.022932611954655235 +/- 0.1390069915110677
