CMS_EXO26004_Background_rpf_2x0_par0: 0.0817100363506511 +/- 0.0268034796500749
CMS_EXO26004_Background_rpf_2x0_par1: 0.9999998995795522 +/- 0.0
CMS_EXO26004_Background_rpf_2x0_par2: -9.673464714107446e-08 +/- 2.819889545410367
CMS_EXO26004_Background_rpf_2x0_par3: 2.0 +/- 0.5086248669797593
