CMS_EXO26004_Background_rpf_2x0_par0: 0.08411391714882782 +/- 0.012715151784389481
CMS_EXO26004_Background_rpf_2x0_par1: 0.500001038142241 +/- 0.1373328776683526
CMS_EXO26004_Background_rpf_2x0_par2: -0.18358107220220216 +/- 0.19699076697381526
CMS_EXO26004_Background_rpf_2x0_par3: 0.0014455419994273298 +/- 0.0
