CMS_EXO26004_Background_rpf_2x0_par0: 0.0007150271313458053 +/- 0.00015972407610917222
CMS_EXO26004_Background_rpf_2x0_par1: 0.012986217273529738 +/- 0.012278383497652326
CMS_EXO26004_Background_rpf_2x0_par2: -9.873022181009373e-05 +/- 6.315090518242336
