CMS_EXO26004_Background_rpf_2x0_par0: 0.05688346618958545 +/- 0.0010501267911955012
CMS_EXO26004_Background_rpf_2x0_par1: 0.9848698420835846 +/- 0.0360582801417022
CMS_EXO26004_Background_rpf_2x0_par2: -0.8935705461386348 +/- 0.062265691908961474
CMS_EXO26004_Background_rpf_2x0_par3: 1.497053568266676 +/- 0.0
