CMS_EXO26004_Background_rpf_2x0_par0: 0.000912791259057949 +/- 0.00013612269215839128
CMS_EXO26004_Background_rpf_2x0_par1: 6.314474130749738e-09 +/- 0.0
CMS_EXO26004_Background_rpf_2x0_par2: 0.11698684218664371 +/- 0.2347748041842945
