CMS_EXO26004_Background_rpf_2x0_par0: 0.000902881501816176 +/- 0.0002927797813771078
CMS_EXO26004_Background_rpf_2x0_par1: 8.53690243902928e-09 +/- 0.01868505030500704
CMS_EXO26004_Background_rpf_2x0_par2: 0.16039291079792814 +/- 0.15454241534913615
