CMS_AN23122_Background_rpf_2x0_par0: 3.290421571320632 +/- 0.4095494920701545
CMS_AN23122_Background_rpf_2x0_par1: 50.00000070692841 +/- 22.527103652608442
CMS_AN23122_Background_rpf_2x0_par2: -49.99981352682891 +/- 0.0
CMS_AN23122_Background_rpf_2x0_par3: 0.006932641474543383 +/- 0.0
