CMS_EXO26004_Background_rpf_2x0_par0: 0.06115626256987762 +/- 0.0011470903090286416
CMS_EXO26004_Background_rpf_2x0_par1: 0.9814731178565648 +/- 0.053674297697115306
CMS_EXO26004_Background_rpf_2x0_par2: -0.8743054415264998 +/- 0.08154718726679346
CMS_EXO26004_Background_rpf_2x0_par3: 1.4060825041920062 +/- 0.0
