CMS_AN23122_Background_rpf_2x0_par0: 10.725916188013743 +/- 1.6042800054763964
CMS_AN23122_Background_rpf_2x0_par1: 50.00000191322585 +/- 0.0
CMS_AN23122_Background_rpf_2x0_par3: 0.00045674203953097517 +/- 0.0
