CMS_EXO26004_Background_rpf_2x0_par0: 0.0007081299803490609 +/- 0.0002200802463394604
CMS_EXO26004_Background_rpf_2x0_par1: 0.015386821782143713 +/- 0.011046489374791465
CMS_EXO26004_Background_rpf_2x0_par2: -1.131219673811178e-07 +/- 5.560619827095166
