CMS_EXO26004_Background_rpf_2x0_par0: 0.05763553330669425 +/- 0.01091853725147952
CMS_EXO26004_Background_rpf_2x0_par1: 0.9979376710201052 +/- 0.18350940575515218
CMS_EXO26004_Background_rpf_2x0_par2: -0.9055245300105421 +/- 0.2534994723585005
CMS_EXO26004_Background_rpf_2x0_par3: 1.4774796399005763 +/- 0.27462860320611926
