CMS_EXO26004_Background_rpf_2x0_par0: 0.046989527749110784 +/- 0.00865023843176207
CMS_EXO26004_Background_rpf_2x0_par1: 0.5045194202370256 +/- 0.3004652082785054
CMS_EXO26004_Background_rpf_2x0_par2: -6.67958017730886e-07 +/- 0.0
CMS_EXO26004_Background_rpf_2x0_par3: 0.016834757549454467 +/- 0.0
