CMS_AN23122_Background_rpf_2x0_par0: 10.86055389376334 +/- 54.383832894829
CMS_AN23122_Background_rpf_2x0_par1: 50.00422191437784 +/- 0.0
CMS_AN23122_Background_rpf_2x0_par3: 0.0004516750392184777 +/- 0.002139250185367853
