CMS_EXO26004_Background_rpf_2x0_par0: 0.05741993834118239 +/- 0.0010416867917004545
CMS_EXO26004_Background_rpf_2x0_par1: 0.9904376155662822 +/- 0.03453022039965046
CMS_EXO26004_Background_rpf_2x0_par2: -0.9021636310556962 +/- 0.062070498795697336
CMS_EXO26004_Background_rpf_2x0_par3: 1.484444003038335 +/- 0.0
