CMS_EXO26004_Background_rpf_2x0_par0: 0.0007037319911403664 +/- 0.0001566757291252898
CMS_EXO26004_Background_rpf_2x0_par1: 0.014099559184175619 +/- 0.011908447154504002
CMS_EXO26004_Background_rpf_2x0_par2: -1.5237599751308055e-09 +/- 5.94289095374736
