CMS_AN23122_Background_rpf_2x0_par0: 0.06551391593009384 +/- 0.020272601057012014
CMS_AN23122_Background_rpf_2x0_par1: 0.5002488084971366 +/- 0.0
CMS_AN23122_Background_rpf_2x0_par3: 0.018099857006205235 +/- 0.0
