CMS_EXO26004_Background_rpf_2x0_par0: 0.02573314628298258 +/- 0.005671325294660837
CMS_EXO26004_Background_rpf_2x0_par1: 0.5028418574753661 +/- 0.2039077325992387
CMS_EXO26004_Background_rpf_2x0_par2: -2.8959254185206146e-09 +/- 0.0
CMS_EXO26004_Background_rpf_2x0_par3: 0.028138534181344953 +/- 0.0
