CMS_AN23122_Background_rpf_2x0_par0: 0.796590297190492 +/- 0.13208425136641064
CMS_AN23122_Background_rpf_2x0_par3: 0.02566270829591255 +/- 0.0
