CMS_AN23122_Background_rpf_2x0_par0: 0.9975730063595754 +/- 0.5329202815272598
CMS_AN23122_Background_rpf_2x0_par3: 0.0008027592968493713 +/- 0.00044191731064906214
