CMS_AN23122_Background_rpf_2x0_par0: 0.05724064400397459 +/- 0.021273505409600383
CMS_AN23122_Background_rpf_2x0_par1: 0.5223042329102698 +/- 1.86161107235376
CMS_AN23122_Background_rpf_2x0_par2: -4.6275893781520935e-05 +/- 22.066467858206966
CMS_AN23122_Background_rpf_2x0_par3: 0.013512429198005894 +/- 0.0
