CMS_EXO26004_Background_rpf_2x0_par0: 0.0009112623736532005 +/- 0.0001806630238368868
CMS_EXO26004_Background_rpf_2x0_par1: 0.0025153901782500286 +/- 0.0066696527610712675
