CMS_EXO26004_Background_rpf_2x0_par0: 0.000894393232333156 +/- 0.0003215338789788521
CMS_EXO26004_Background_rpf_2x0_par1: 7.785286036177987e-09 +/- 0.020536875464467044
CMS_EXO26004_Background_rpf_2x0_par2: 0.14570827032920675 +/- 0.191517361166965
