CMS_EXO26004_Background_rpf_2x0_par0: 0.024008874862358195 +/- 0.012523689717940729
CMS_EXO26004_Background_rpf_2x0_par1: 0.5042868899715895 +/- 0.8110833801920991
CMS_EXO26004_Background_rpf_2x0_par2: -1.4585733289565472e-07 +/- 6.590260288767287
CMS_EXO26004_Background_rpf_2x0_par3: 0.029666893607403634 +/- 0.0
