CMS_EXO26004_Background_rpf_2x0_par0: 0.0007146086504077869 +/- 0.00020239192151111902
CMS_EXO26004_Background_rpf_2x0_par1: 0.014957488073854679 +/- 0.009694297290259937
CMS_EXO26004_Background_rpf_2x0_par2: -4.665794853254122e-07 +/- 4.314304113294323
