CMS_EXO26004_Background_rpf_2x0_par0: 0.0008959473786142758 +/- 0.0002943311900910041
CMS_EXO26004_Background_rpf_2x0_par1: 4.857742467827275e-08 +/- 0.018700137113266842
CMS_EXO26004_Background_rpf_2x0_par2: 0.15452461060805317 +/- 0.1550509500709335
