CMS_AN23122_Background_rpf_2x0_par0: 3.694792295316942 +/- 0.8372100836804977
CMS_AN23122_Background_rpf_2x0_par1: 50.000000296437754 +/- 28.654662956088394
CMS_AN23122_Background_rpf_2x0_par3: 0.000886062261953958 +/- 0.0
