CMS_AN23122_Background_rpf_2x0_par0: 0.05698734691420206 +/- 0.02113663506550286
CMS_AN23122_Background_rpf_2x0_par1: 0.5150142382461612 +/- 1.854562248876264
CMS_AN23122_Background_rpf_2x0_par2: -6.68790273735515e-06 +/- 21.811725120966962
CMS_AN23122_Background_rpf_2x0_par3: 0.013547882259152492 +/- 0.0
