CMS_EXO26004_Background_rpf_2x0_par0: 0.08423415052390103 +/- 0.01266774255953433
CMS_EXO26004_Background_rpf_2x0_par1: 0.5000597241093692 +/- 0.136373617292463
CMS_EXO26004_Background_rpf_2x0_par2: -0.176605918550956 +/- 0.19553719836103908
CMS_EXO26004_Background_rpf_2x0_par3: 0.0014436781721267576 +/- 0.0
