CMS_EXO26004_Background_rpf_2x0_par0: 0.0817359356550031 +/- 0.02412415111237574
CMS_EXO26004_Background_rpf_2x0_par1: 0.9999999025120546 +/- 0.0
CMS_EXO26004_Background_rpf_2x0_par2: -7.933972766731648e-07 +/- 1.768789063509048
CMS_EXO26004_Background_rpf_2x0_par3: 1.9999999999999996 +/- 0.4604792060394816
