CMS_EXO26004_Background_rpf_2x0_par0: 0.057010621798017365 +/- 0.0010225625862286278
CMS_EXO26004_Background_rpf_2x0_par1: 0.986872893532426 +/- 0.03332629518685637
CMS_EXO26004_Background_rpf_2x0_par2: -0.9005443503605477 +/- 0.06908999544908889
CMS_EXO26004_Background_rpf_2x0_par3: 1.4938741068018422 +/- 0.0
