CMS_EXO26004_Background_rpf_2x0_par0: 0.0578885167468099 +/- 0.001038603597360696
CMS_EXO26004_Background_rpf_2x0_par1: 0.9643317343352141 +/- 0.04712745340045948
CMS_EXO26004_Background_rpf_2x0_par2: -0.861261993226167 +/- 0.07630200123150807
CMS_EXO26004_Background_rpf_2x0_par3: 1.4692384775381884 +/- 0.0
