CMS_AN23122_Background_rpf_2x0_par0: 0.0646608205286534 +/- 0.4894923364880216
CMS_AN23122_Background_rpf_2x0_par1: 0.5749983762799179 +/- 5.626717393454127
CMS_AN23122_Background_rpf_2x0_par3: 0.0770406370524103 +/- 0.5951622304261148
