CMS_AN23122_Background_rpf_2x0_par0: 0.07618444978769182 +/- 0.016482504388935008
CMS_AN23122_Background_rpf_2x0_par1: 0.680666327946231 +/- 1.2014223907877346
CMS_AN23122_Background_rpf_2x0_par2: -1.8411954692952918e-05 +/- 15.297448286544974
CMS_AN23122_Background_rpf_2x0_par3: 0.010152120450695221 +/- 0.0
