CMS_EXO26004_Background_rpf_2x0_par0: 0.0007065550055130718 +/- 0.0001692680499946727
CMS_EXO26004_Background_rpf_2x0_par1: 0.015441521322600403 +/- 0.008635009772171486
CMS_EXO26004_Background_rpf_2x0_par2: -2.1263257519196603e-09 +/- 3.3548853908467824
