Background_rpf_2x0_par0: 2.886497943953297 +/- 0.11673886760831406
Background_rpf_2x0_par1: 50.40406451605857 +/- 6.044721550861796
Background_rpf_2x0_par3: 0.05262825635073803 +/- 0.0
