Background_rpf_2x0_par0: 9.315035037317376 +/- 1.82127761578396
Background_rpf_2x0_par1: 50.73734296837633 +/- 0.0
Background_rpf_2x0_par2: -8.575706999882499e-05 +/- 716.493548977044
Background_rpf_2x0_par3: 0.03669625633911406 +/- 0.0
