CMS_EXO26004_Background_rpf_2x0_par0: 0.0007368569124773297 +/- 0.0001457612177558767
CMS_EXO26004_Background_rpf_2x0_par1: 0.01124363196668597 +/- 0.006744330765365793
