CMS_EXO26004_Background_rpf_2x0_par0: 0.02272812584203062 +/- 0.004123769095289288
CMS_EXO26004_Background_rpf_2x0_par1: 0.5052659750554759 +/- 0.0
CMS_EXO26004_Background_rpf_2x0_par2: -3.708914836635536e-07 +/- 0.0
CMS_EXO26004_Background_rpf_2x0_par3: 0.030985772336395222 +/- 0.0
