Background_rpf_1x0_par0: 0.09569234084776573 +/- 0.009124406992305581
Background_rpf_1x0_par1: 0.19321490854228685 +/- 0.07317006493104646
