Background_rpf_1x0_par0: 0.09572361247057805 +/- 0.009127614940926659
Background_rpf_1x0_par1: 0.19265251802102618 +/- 0.07323353431686094
