CMS_AN23122_Background_rpf_2x0_par0: 16.69392223565161 +/- 91.62347538172928
CMS_AN23122_Background_rpf_2x0_par1: 50.16456441100383 +/- 363.8018963688982
CMS_AN23122_Background_rpf_2x0_par3: 8.795969674194764e-05 +/- 0.0004901876820623754
