CMS_AN23122_Background_rpf_2x0_par0: 8.723085836790087 +/- 20.384134672561178
CMS_AN23122_Background_rpf_2x0_par1: 50.000042770744024 +/- 0.0
CMS_AN23122_Background_rpf_2x0_par3: 0.00016458174554782805 +/- 0.0003612104097136577
