Background_rpf_2x0_par0: 5.810491659588689 +/- 0.06482130940660527
Background_rpf_2x0_par1: 50.18693328965211 +/- 4.161994374033076
Background_rpf_2x0_par2: -3.2078506517763117e-14 +/- 0.0
Background_rpf_2x0_par3: 0.017216678446489404 +/- 0.0
