Background_rpf_2x0_par0: 5.11226222809057 +/- 0.05364851548882663
Background_rpf_2x0_par1: 51.02955990919083 +/- 3.019098816022546
Background_rpf_2x0_par2: -1.0120376758848693e-14 +/- 0.0
Background_rpf_2x0_par3: 0.019340093920934956 +/- 0.0
