Background_rpf_1x0_par0: 0.02046273662850488 +/- 0.0011956741495290904
Background_rpf_1x0_par1: 0.5787658926330459 +/- 0.03997352225088215
