Background_rpf_1x0_par0: 0.020480461458296077 +/- 0.0011437464680180707
Background_rpf_1x0_par1: 0.5770931185233 +/- 0.03811520959860965
