Background_rpf_1x0_par0: 0.020708871520202458 +/- 0.001143053547840424
Background_rpf_1x0_par1: 0.5657161256288163 +/- 0.03878887041041903
