Background_rpf_1x0_par0: 0.02050051294810002 +/- 0.0011561435164598945
Background_rpf_1x0_par1: 0.5858108237545181 +/- 0.03945700030354622
