Background_rpf_1x0_par0: 0.020268358309705393 +/- 0.0011301320467019384
Background_rpf_1x0_par1: 0.5968425480526274 +/- 0.03802673963245885
