Background_rpf_1x0_par0: 0.020656775921518634 +/- 0.0012088492730815334
Background_rpf_1x0_par1: 0.5669520259788702 +/- 0.041016123507020656
