Background_rpf_1x0_par0: 0.020465706772769265 +/- 0.0011343407450481611
Background_rpf_1x0_par1: 0.5766796638540246 +/- 0.0379226313319179
