Background_rpf_1x0_par0: 0.02043316256951418 +/- 0.0011269187452767877
Background_rpf_1x0_par1: 0.5803105391585908 +/- 0.03781538041013442
