CMS_AN23122_Background_rpf_2x0_par0: 0.0992919083921725 +/- 0.030046789177324715
CMS_AN23122_Background_rpf_2x0_par1: 0.500058755405748 +/- 2.5555585638368394
CMS_AN23122_Background_rpf_2x0_par2: -0.0005094995215629304 +/- 26.531816343061227
CMS_AN23122_Background_rpf_2x0_par3: 0.007964372432174809 +/- 0.0
