CMS_EXO26004_Background_rpf_2x0_par0: 0.05782635234562794 +/- 0.010493883707772923
CMS_EXO26004_Background_rpf_2x0_par1: 0.9998221957694563 +/- 0.17506496032596397
CMS_EXO26004_Background_rpf_2x0_par2: -0.9081336709471604 +/- 0.1660166251488455
CMS_EXO26004_Background_rpf_2x0_par3: 1.473080650669676 +/- 0.26258256244498085
