CMS_EXO26004_Background_rpf_2x0_par0: 0.023436459089743636 +/- 0.0040644465147690705
CMS_EXO26004_Background_rpf_2x0_par1: 0.5044502376173868 +/- 0.0
CMS_EXO26004_Background_rpf_2x0_par2: -9.00618886867828e-10 +/- 0.0
CMS_EXO26004_Background_rpf_2x0_par3: 0.030207909290799955 +/- 0.0
