CMS_EXO26004_Background_rpf_2x0_par0: 0.000704103345162087 +/- 0.00015418649419469561
CMS_EXO26004_Background_rpf_2x0_par1: 0.014004589868436716 +/- 0.011834012270887482
CMS_EXO26004_Background_rpf_2x0_par2: -0.00028041044995213884 +/- 5.801270716277831
