CMS_AN23122_Background_rpf_2x0_par0: 0.05354748178995156 +/- 0.019789377142281496
CMS_AN23122_Background_rpf_2x0_par1: 0.5063162813566402 +/- 1.7307480172153415
CMS_AN23122_Background_rpf_2x0_par2: -2.2756942103197833e-05 +/- 20.47775197836722
CMS_AN23122_Background_rpf_2x0_par3: 0.014397576114494747 +/- 0.0
