CMS_EXO26004_Background_rpf_2x0_par0: 0.12086571533226524 +/- 0.025859493183868914
CMS_EXO26004_Background_rpf_2x0_par1: 0.5228814994431147 +/- 0.9449384905590458
CMS_EXO26004_Background_rpf_2x0_par3: 0.007575302507086187 +/- 0.0
