CMS_EXO26004_Background_rpf_2x0_par0: 0.0008960971834268356 +/- 0.000294503693630824
CMS_EXO26004_Background_rpf_2x0_par1: 1.725117521300364e-08 +/- 0.018743809339641943
CMS_EXO26004_Background_rpf_2x0_par2: 0.15533604507923535 +/- 0.15561742989570385
