CMS_EXO26004_Background_rpf_2x0_par0: 0.000929527743635572 +/- 0.00018225470105140556
CMS_EXO26004_Background_rpf_2x0_par1: 0.002668736978088504 +/- 0.0063498032672052165
CMS_EXO26004_Background_rpf_2x0_par2: 0.019033404729703617 +/- 0.0
