CMS_EXO26004_Background_rpf_2x0_par0: 0.024415438060152454 +/- 0.004262785784765075
CMS_EXO26004_Background_rpf_2x0_par1: 0.5037359794602569 +/- 0.0
CMS_EXO26004_Background_rpf_2x0_par2: -1.6274319978009516e-08 +/- 0.0
CMS_EXO26004_Background_rpf_2x0_par3: 0.029229372566126552 +/- 0.0
