CMS_EXO26004_Background_rpf_2x0_par0: 0.0933022789543893 +/- 0.037165276321518746
CMS_EXO26004_Background_rpf_2x0_par1: 0.5123181858288869 +/- 2.5590949377636516
CMS_EXO26004_Background_rpf_2x0_par2: -0.035532147923521544 +/- 29.116571522099065
CMS_EXO26004_Background_rpf_2x0_par3: 0.00968250866350971 +/- 0.0
