CMS_EXO26004_Background_rpf_2x0_par0: 0.052801697016945426 +/- 0.0010380300351507932
CMS_EXO26004_Background_rpf_2x0_par1: 0.9141746510836332 +/- 0.042614826627456616
CMS_EXO26004_Background_rpf_2x0_par2: -0.8294263503880482 +/- 0.18828981868512593
CMS_EXO26004_Background_rpf_2x0_par3: 1.612757290234999 +/- 0.0
