CMS_EXO26004_Background_rpf_2x0_par0: 0.08380126590354416 +/- 0.012591210917985915
CMS_EXO26004_Background_rpf_2x0_par1: 0.5001306607133096 +/- 0.13551563483355364
CMS_EXO26004_Background_rpf_2x0_par2: -0.17885068488844091 +/- 0.19434120851987374
CMS_EXO26004_Background_rpf_2x0_par3: 0.001448650463758909 +/- 0.0
