CMS_AN23122_Background_rpf_2x0_par0: 0.7625042290542227 +/- 3.774589106845514
CMS_AN23122_Background_rpf_2x0_par3: 0.02679592954545571 +/- 0.13165813059750167
