CMS_EXO26004_Background_rpf_2x0_par0: 0.051019041296673805 +/- 0.009492197244099998
CMS_EXO26004_Background_rpf_2x0_par1: 0.5151083214958629 +/- 0.392327304187564
CMS_EXO26004_Background_rpf_2x0_par2: -2.033403882885712e-05 +/- 0.0
CMS_EXO26004_Background_rpf_2x0_par3: 0.01557067491959597 +/- 0.0
