CMS_EXO26004_Background_rpf_2x0_par0: 0.08172595824548565 +/- 0.024950725689921828
CMS_EXO26004_Background_rpf_2x0_par1: 0.9999994328322446 +/- 0.0
CMS_EXO26004_Background_rpf_2x0_par2: -6.6163643836018296e-06 +/- 2.315896942241649
CMS_EXO26004_Background_rpf_2x0_par3: 2.0 +/- 0.47283828198306466
