CMS_AN23122_Background_rpf_1x0_par0: 0.0017739959197223115 +/- 7.376784514687837e-05
CMS_AN23122_Background_rpf_1x0_par1: -0.0014250059780579053 +/- 0.0001357972272462151
