CMS_AN23122_Background_rpf_1x0_par0: 0.0017749318179397322 +/- 7.565143470459254e-05
CMS_AN23122_Background_rpf_1x0_par1: -0.001444911760840537 +/- 0.00028985466942245473
