CMS_AN23122_Background_rpf_1x0_par0: 4.768370066207244e-05 +/- 0.0
CMS_AN23122_Background_rpf_1x0_par1: -0.004792632923283046 +/- 0.004367466106926959
