Background_rpf_2x0_par0: 0.29316880312175836 +/- 0.013281292262414264
Background_rpf_2x0_par1: 11.717831645884075 +/- 1.4671798727560226
Background_rpf_2x0_par2: -41.30834779375625 +/- 24.663396568247165
Background_rpf_2x0_par3: 0.29604868430192377 +/- 0.0
