CMS_AN23122_Background_rpf_2x0_par0: 0.07834535180535664 +/- 0.01234020313210467
CMS_AN23122_Background_rpf_2x0_par1: 0.5282599742294317 +/- 0.0
CMS_AN23122_Background_rpf_2x0_par3: 0.01519715300338588 +/- 0.0
