CMS_AN23122_Background_rpf_2x0_par0: 0.8638570251152482 +/- 2.1340118554331573
CMS_AN23122_Background_rpf_2x0_par3: 0.0036686201313792443 +/- 0.009003057293150672
