CMS_EXO26004_Background_rpf_2x0_par0: 0.057341712195664425 +/- 0.010588614832322558
CMS_EXO26004_Background_rpf_2x0_par1: 0.992820309225531 +/- 0.17897900349867488
CMS_EXO26004_Background_rpf_2x0_par2: -0.900802772984925 +/- 0.24981338146231577
CMS_EXO26004_Background_rpf_2x0_par3: 1.4850770711995944 +/- 0.2692563503736149
