CMS_EXO26004_Background_rpf_2x0_par0: 0.0008955360008851369 +/- 0.0003152738561629814
CMS_EXO26004_Background_rpf_2x0_par1: 5.690051615916004e-09 +/- 0.020210448244117486
CMS_EXO26004_Background_rpf_2x0_par2: 0.14758654571750512 +/- 0.18704673788250104
