CMS_AN23122_Background_rpf_2x0_par0: 0.33185713816502505 +/- 0.7613609637922071
CMS_AN23122_Background_rpf_2x0_par3: 0.009672359106263309 +/- 0.021694816387241234
