CMS_AN23122_Background_rpf_2x0_par0: 0.7282412331099511 +/- 0.1206575791085147
CMS_AN23122_Background_rpf_2x0_par3: 0.028049309283055088 +/- 0.0
