CMS_EXO26004_Background_rpf_2x0_par0: 0.08439615892270746 +/- 0.012686375516170903
CMS_EXO26004_Background_rpf_2x0_par1: 0.5009773351727006 +/- 0.13655697797662558
CMS_EXO26004_Background_rpf_2x0_par2: -0.17603706715943282 +/- 0.19571996809850883
CMS_EXO26004_Background_rpf_2x0_par3: 0.001441505502068438 +/- 0.0
