CMS_AN23122_Background_rpf_2x0_par0: 0.06716055992528656 +/- 0.01845479638765874
CMS_AN23122_Background_rpf_2x0_par1: 0.6057847029833308 +/- 1.5166993787669394
CMS_AN23122_Background_rpf_2x0_par3: 0.06844996003602931 +/- 0.0
