CMS_AN23122_Background_rpf_2x0_par0: 0.0756866398968246 +/- 0.014503353083216795
CMS_AN23122_Background_rpf_2x0_par1: 0.5515576333284343 +/- 1.1670888318393677
CMS_AN23122_Background_rpf_2x0_par3: 0.015704499396144853 +/- 0.0
