CMS_AN23122_Background_rpf_2x0_par0: 10.81197890740616 +/- 2.1251741690235435
CMS_AN23122_Background_rpf_2x0_par1: 50.001533982355916 +/- 64.9010268530409
CMS_AN23122_Background_rpf_2x0_par3: 0.00045335728439157544 +/- 0.0
