CMS_AN23122_Background_rpf_2x0_par0: 0.06721820588736191 +/- 0.38997925704719516
CMS_AN23122_Background_rpf_2x0_par1: 0.6016406311809408 +/- 5.043763034011661
CMS_AN23122_Background_rpf_2x0_par3: 0.06845940640488009 +/- 0.40956754481825436
