Background_rpf_2x0_par0: 0.1278114955963706 +/- 0.031435298299047856
Background_rpf_2x0_par1: -2.2394525709026856 +/- 0.5077358600301699
Background_rpf_2x0_par2: 49.95892635762417 +/- 11.213554701722712
Background_rpf_2x0_par3: 1.235168373111684 +/- 0.3090231355652194
