Background_rpf_2x0_par0: 0.12791716429063685 +/- 0.028483642423988854
Background_rpf_2x0_par1: -2.2413217594815706 +/- 0.49108283562195265
Background_rpf_2x0_par2: 49.99999765572737 +/- 10.876433419112473
Background_rpf_2x0_par3: 1.2341794818876142 +/- 0.2768312805557284
