CMS_EXO26004_Background_rpf_2x0_par0: 0.07642821045325275 +/- 0.017486088638598768
CMS_EXO26004_Background_rpf_2x0_par1: 0.5004042644023831 +/- 1.592590424303322
CMS_EXO26004_Background_rpf_2x0_par2: -2.0023982711776843e-05 +/- 0.0
CMS_EXO26004_Background_rpf_2x0_par3: 0.010542126524629322 +/- 0.0
