CMS_EXO26004_Background_rpf_2x0_par0: 0.08172943579755644 +/- 0.02574860123674334
CMS_EXO26004_Background_rpf_2x0_par1: 0.9999998713319729 +/- 0.0
CMS_EXO26004_Background_rpf_2x0_par2: -1.5643208771051742e-07 +/- 2.636453794293525
CMS_EXO26004_Background_rpf_2x0_par3: 1.999999999999999 +/- 0.48584617286306403
