CMS_AN23122_Background_rpf_2x0_par0: 3.698292076519794 +/- 0.8374690003737894
CMS_AN23122_Background_rpf_2x0_par1: 50.00000262288563 +/- 28.65307966044079
CMS_AN23122_Background_rpf_2x0_par3: 0.00088537971869446 +/- 0.0
