CMS_EXO26004_Background_rpf_2x0_par0: 0.0007971446488351725 +/- 0.00026491960234898223
CMS_EXO26004_Background_rpf_2x0_par1: 0.009708755376742841 +/- 0.009327218565465789
CMS_EXO26004_Background_rpf_2x0_par2: -5.806283301626312e-05 +/- 8.34898722075268
