CMS_EXO26004_Background_rpf_2x0_par0: 0.020804574166382834 +/- 0.008996137057054359
CMS_EXO26004_Background_rpf_2x0_par1: 0.5001460036874995 +/- 0.0
CMS_EXO26004_Background_rpf_2x0_par2: -1.7189305123908154 +/- 0.1163778277131299
CMS_EXO26004_Background_rpf_2x0_par3: 0.0040669760551211185 +/- 0.0008376404669260598
