CMS_EXO26004_Background_rpf_2x0_par0: 0.08167082161764322 +/- 0.02545130675829802
CMS_EXO26004_Background_rpf_2x0_par1: 0.9999998904516469 +/- 0.0
CMS_EXO26004_Background_rpf_2x0_par2: -1.210364909932319e-07 +/- 2.4968858471354642
CMS_EXO26004_Background_rpf_2x0_par3: 2.0 +/- 0.49188106951923966
