CMS_EXO26004_Background_rpf_2x0_par0: 0.08173143682337118 +/- 0.024627223397091298
CMS_EXO26004_Background_rpf_2x0_par1: 0.9999997110688259 +/- 0.0
CMS_EXO26004_Background_rpf_2x0_par2: -2.4380449969827085e-06 +/- 2.2405581363706295
CMS_EXO26004_Background_rpf_2x0_par3: 1.9999999999999996 +/- 0.4674393250777113
