CMS_EXO26004_Background_rpf_2x0_par0: 0.051373425435884836 +/- 0.009480952125352809
CMS_EXO26004_Background_rpf_2x0_par1: 0.5017881205086292 +/- 0.36804841032302066
CMS_EXO26004_Background_rpf_2x0_par2: -4.766724742177094e-07 +/- 0.0
CMS_EXO26004_Background_rpf_2x0_par3: 0.015408364500301563 +/- 0.0
