CMS_EXO26004_Background_rpf_2x0_par0: 0.052368443102790936 +/- 0.009840594729402309
CMS_EXO26004_Background_rpf_2x0_par1: 0.5099378562631521 +/- 0.402559156676032
CMS_EXO26004_Background_rpf_2x0_par2: -3.373722276121382e-06 +/- 0.0
CMS_EXO26004_Background_rpf_2x0_par3: 0.015229444716545908 +/- 0.0
