CMS_EXO26004_Background_rpf_2x0_par0: 0.0007096115102920984 +/- 0.0001889755767982341
CMS_EXO26004_Background_rpf_2x0_par1: 0.01523474602229787 +/- 0.009238330695625798
CMS_EXO26004_Background_rpf_2x0_par2: -1.360751908030468e-07 +/- 4.937366755495149
