Background_rpf_2x0_par0: 8.836417253665353 +/- 2.4893241577916947
Background_rpf_2x0_par1: 51.143339636608545 +/- 103.22658839555176
Background_rpf_2x0_par2: -0.0005702264920618809 +/- 1204.1393381158985
Background_rpf_2x0_par3: 0.03778972388693464 +/- 0.0
