Background_rpf_2x0_par0: 2.895451090405501 +/- 3.550930803802246
Background_rpf_2x0_par1: 50.419136545955766 +/- 0.0
Background_rpf_2x0_par2: -5.723760079241378 +/- 1018.4955932048562
Background_rpf_2x0_par3: 0.052541327719916195 +/- 0.055462942909670465
