CMS_AN23122_Background_rpf_1x0_par0: 0.0008404314527115097 +/- 0.0001294624491922956
CMS_AN23122_Background_rpf_1x0_par1: 0.01347405003350863 +/- 0.007961196363320563
