CMS_AN23122_Background_rpf_1x0_par0: 0.0008501042040306476 +/- 0.00013036212869615638
CMS_AN23122_Background_rpf_1x0_par1: 0.012647003443864173 +/- 0.008000047261858781
