CMS_AN23122_Background_rpf_1x0_par0: 0.0008447936293113959 +/- 0.0001318502937525112
CMS_AN23122_Background_rpf_1x0_par1: 0.013603692542883973 +/- 0.008351444727291614
