CMS_AN23122_Background_rpf_1x0_par0: 0.0008904702906034005 +/- 0.00016103294566712046
CMS_AN23122_Background_rpf_1x0_par1: 0.0039013088941562885 +/- 0.020553294858031392
