CMS_AN23122_Background_rpf_1x0_par0: 0.0008801048452304248 +/- 0.00016431964525483433
CMS_AN23122_Background_rpf_1x0_par1: 0.004639739547270226 +/- 0.02235837624686633
