CMS_AN23122_Background_rpf_2x0_par0: 0.08547813527815677 +/- 0.01630173573619314
CMS_AN23122_Background_rpf_2x0_par1: 0.564579816757079 +/- 1.317170625542318
CMS_AN23122_Background_rpf_2x0_par3: 0.013912856236077324 +/- 0.0
