Background_rpf_expo_par0: -0.9999999999823509 +/- 0.41542804136615824
Background_rpf_expo_par1: -5.550772382284656 +/- 0.0211067720960283
