Background_rpf_expo_par0: -0.999999974184621 +/- 0.4334080374228335
Background_rpf_expo_par1: -5.564078148112106 +/- 0.02128179245529697
