Background_rpf_expo_par0: -0.9999999994202421 +/- 0.4334090588627166
Background_rpf_expo_par1: -5.56404537291359 +/- 0.021281418821223225
