CMS_EXO26004_Background_rpf_2x0_par0: 0.0009122639039261108 +/- 0.00018222874839351775
CMS_EXO26004_Background_rpf_2x0_par1: 0.004365735940373451 +/- 0.006688134006832109
