CMS_AN23122_Background_rpf_2x0_par0: 0.07548738191232064 +/- 0.014443781913736482
CMS_AN23122_Background_rpf_2x0_par1: 0.5498200910566682 +/- 1.163057181540636
CMS_AN23122_Background_rpf_2x0_par3: 0.015752264946161856 +/- 0.0
