CMS_AN23122_Background_rpf_2x0_par0: 0.07282138791752694 +/- 0.019374130349204027
CMS_AN23122_Background_rpf_2x0_par1: 0.5026760858296456 +/- 0.6566448966602827
CMS_AN23122_Background_rpf_2x0_par2: -3.1146381208790788e-06 +/- 0.0
CMS_AN23122_Background_rpf_2x0_par3: 0.04264004170948403 +/- 0.0
