CMS_EXO26004_Background_rpf_2x0_par0: 0.1399190845524629 +/- 0.3532424455326366
CMS_EXO26004_Background_rpf_2x0_par1: 0.5121020679834969 +/- 1.8192940464942553
CMS_EXO26004_Background_rpf_2x0_par3: 0.006528920040969139 +/- 0.016685986592918693
