CMS_EXO26004_Background_rpf_2x0_par0: 0.08357763946402041 +/- 0.012524732380629743
CMS_EXO26004_Background_rpf_2x0_par1: 0.5007759753462213 +/- 0.13465821708420697
CMS_EXO26004_Background_rpf_2x0_par2: -0.17901727779775192 +/- 0.19307335965775246
CMS_EXO26004_Background_rpf_2x0_par3: 0.001451221388233052 +/- 0.0
