CMS_EXO26004_Background_rpf_2x0_par0: 0.031330594523737425 +/- 0.006991898969975178
CMS_EXO26004_Background_rpf_2x0_par1: 0.5007807896874861 +/- 0.261532838894629
CMS_EXO26004_Background_rpf_2x0_par2: -1.0259017271597223e-06 +/- 0.0
CMS_EXO26004_Background_rpf_2x0_par3: 0.024015163566996803 +/- 0.0
