CMS_EXO26004_Background_rpf_2x0_par0: 0.14295039701795503 +/- 0.04683309969530302
CMS_EXO26004_Background_rpf_2x0_par1: 0.5636867596754448 +/- 4.329430084806959
CMS_EXO26004_Background_rpf_2x0_par2: -4.6034914399813165e-06 +/- 0.0
CMS_EXO26004_Background_rpf_2x0_par3: 0.005811181762696505 +/- 0.0
