CMS_EXO26004_Background_rpf_2x0_par0: 0.07282157862200654 +/- 0.01796620318076267
CMS_EXO26004_Background_rpf_2x0_par1: 0.5000305566021931 +/- 0.8236181227823638
CMS_EXO26004_Background_rpf_2x0_par2: -6.451603196200501e-05 +/- 0.0
CMS_EXO26004_Background_rpf_2x0_par3: 0.011647420325469896 +/- 0.0
