CMS_EXO26004_Background_rpf_2x0_par0: 0.0009068032171844049 +/- 0.00012506489114218083
CMS_EXO26004_Background_rpf_2x0_par1: 4.9359977205825495e-09 +/- 0.0
CMS_EXO26004_Background_rpf_2x0_par2: 0.08320358429600522 +/- 0.1972073841483912
