CMS_AN23122_Background_rpf_2x0_par0: 0.03229984333422297 +/- 0.0
CMS_AN23122_Background_rpf_2x0_par1: 0.5018015546070844 +/- 0.0
CMS_AN23122_Background_rpf_2x0_par3: 0.03178311704496091 +/- 0.005564788374754769
