CMS_EXO26004_Background_rpf_2x0_par0: 0.07293432524364575 +/- 0.01384256390769224
CMS_EXO26004_Background_rpf_2x0_par1: 0.5616212215083138 +/- 0.7668264983770522
CMS_EXO26004_Background_rpf_2x0_par2: -2.0595661302030377e-05 +/- 0.0
CMS_EXO26004_Background_rpf_2x0_par3: 0.010973843433016094 +/- 0.0
