CMS_AN23122_Background_rpf_2x0_par0: 0.0771337735450401 +/- 0.23502919254185548
CMS_AN23122_Background_rpf_2x0_par1: 0.5508670593294661 +/- 2.37187898112436
CMS_AN23122_Background_rpf_2x0_par3: 0.01542002255754647 +/- 0.04769677619788402
