Background_rpf_2x0_par0: 1.924397113823638 +/- 0.0971913921832193
Background_rpf_2x0_par1: 61.866201636581515 +/- 12.974208708834535
Background_rpf_2x0_par2: -49.99655734516521 +/- 0.0
Background_rpf_2x0_par3: 0.047376912802964355 +/- 0.0
