CMS_AN23122_Background_rpf_2x0_par0: 0.06721600625172687 +/- 0.41436627328349496
CMS_AN23122_Background_rpf_2x0_par1: 0.6029006741722591 +/- 5.306188272131563
CMS_AN23122_Background_rpf_2x0_par3: 0.06845995973593208 +/- 0.43502219004676324
