CMS_EXO26004_Background_rpf_2x0_par0: 0.0007171757910307433 +/- 0.00019780761190089935
CMS_EXO26004_Background_rpf_2x0_par1: 0.014588145644440926 +/- 0.009682254026047579
CMS_EXO26004_Background_rpf_2x0_par2: -3.0159070064450857e-09 +/- 5.071348450484178
