CMS_EXO26004_Background_rpf_2x0_par0: 0.0007051538901831564 +/- 0.00015579036868076292
CMS_EXO26004_Background_rpf_2x0_par1: 0.013895083538999464 +/- 0.011979080401129544
CMS_EXO26004_Background_rpf_2x0_par2: -3.238100891199446e-06 +/- 5.894882788173519
