CMS_EXO26004_Background_rpf_2x0_par0: 0.10566055327245484 +/- 0.032583578147071614
CMS_EXO26004_Background_rpf_2x0_par1: 0.5135314148261958 +/- 2.679557993956669
CMS_EXO26004_Background_rpf_2x0_par2: -3.1302283422779474e-05 +/- 0.0
CMS_EXO26004_Background_rpf_2x0_par3: 0.00785526441033149 +/- 0.0
