CMS_EXO26004_Background_rpf_2x0_par0: 0.02387645977038836 +/- 0.008056070278022206
CMS_EXO26004_Background_rpf_2x0_par1: 0.5041308913386273 +/- 0.4750719769767325
CMS_EXO26004_Background_rpf_2x0_par2: -1.1332905255618912e-07 +/- 0.0
CMS_EXO26004_Background_rpf_2x0_par3: 0.02986499595977323 +/- 0.0
