CMS_EXO26004_Background_rpf_2x0_par0: 0.022715535684502266 +/- 0.01472359643164932
CMS_EXO26004_Background_rpf_2x0_par1: 0.5050372731887064 +/- 0.9015808255878475
CMS_EXO26004_Background_rpf_2x0_par2: -1.1578538611704652e-06 +/- 12.368523770950587
CMS_EXO26004_Background_rpf_2x0_par3: 0.030990970933715983 +/- 0.0
