CMS_EXO26004_Background_rpf_2x0_par0: 0.0008961387399285649 +/- 0.00029336829274726665
CMS_EXO26004_Background_rpf_2x0_par1: 5.3261923228787016e-08 +/- 0.018626394718542848
CMS_EXO26004_Background_rpf_2x0_par2: 0.1550092049786797 +/- 0.15438707023160103
