CMS_AN23122_Background_rpf_2x0_par0: 0.07093723408540603 +/- 1.120657815356869
CMS_AN23122_Background_rpf_2x0_par1: 0.5253972992121085 +/- 0.0
CMS_AN23122_Background_rpf_2x0_par3: 0.016752991982829302 +/- 0.25861785834903545
