CMS_AN23122_Background_rpf_2x0_par0: 0.054856744362628274 +/- 0.02066179774790559
CMS_AN23122_Background_rpf_2x0_par1: 0.5066248913721298 +/- 1.8063646949146304
CMS_AN23122_Background_rpf_2x0_par2: -9.363938511829637e-05 +/- 21.443250258027344
CMS_AN23122_Background_rpf_2x0_par3: 0.014067443157811109 +/- 0.0
