CMS_AN23122_Background_rpf_2x0_par0: 0.0599063891957768 +/- 0.015200334815613515
CMS_AN23122_Background_rpf_2x0_par1: 0.6448970837807249 +/- 1.240195261838751
CMS_AN23122_Background_rpf_2x0_par3: 0.08315467905381971 +/- 0.0
