CMS_EXO26004_Background_rpf_2x0_par0: 0.33294995355794205 +/- 0.7688881152658934
CMS_EXO26004_Background_rpf_2x0_par3: 0.0028491502708823863 +/- 0.006402516396970165
