CMS_EXO26004_Background_rpf_2x0_par0: 0.000955466511815212 +/- 0.00022936830651950073
CMS_EXO26004_Background_rpf_2x0_par1: 0.0007779343941373897 +/- 0.010459891998504818
CMS_EXO26004_Background_rpf_2x0_par2: 0.00836743703934054 +/- 0.0
