CMS_EXO26004_Background_rpf_2x0_par0: 0.08172342746218937 +/- 0.026137701092069532
CMS_EXO26004_Background_rpf_2x0_par1: 0.9999998909566872 +/- 0.0
CMS_EXO26004_Background_rpf_2x0_par2: -1.0347849670210886e-07 +/- 2.4620284825274217
CMS_EXO26004_Background_rpf_2x0_par3: 2.0 +/- 0.49501051457586853
