CMS_AN23122_Background_rpf_2x0_par0: 0.0728620053157445 +/- 0.019389159413561462
CMS_AN23122_Background_rpf_2x0_par1: 0.5027887512067223 +/- 0.6570451789194682
CMS_AN23122_Background_rpf_2x0_par2: -1.0229876183664739e-06 +/- 0.0
CMS_AN23122_Background_rpf_2x0_par3: 0.0426109879609162 +/- 0.0
