CMS_AN23122_Background_rpf_2x0_par0: 0.0618757175785257 +/- 0.022844260097547968
CMS_AN23122_Background_rpf_2x0_par1: 0.5352192260138604 +/- 1.9851550838200422
CMS_AN23122_Background_rpf_2x0_par2: -1.7760948819718451e-07 +/- 23.19108939136285
CMS_AN23122_Background_rpf_2x0_par3: 0.012545130771280406 +/- 0.0
