CMS_EXO26004_Background_rpf_2x0_par0: 0.16391172372959156 +/- 0.0883801733461582
CMS_EXO26004_Background_rpf_2x0_par1: 0.9825745635637039 +/- 0.41656821172885866
CMS_EXO26004_Background_rpf_2x0_par2: -0.35682083377916224 +/- 0.2977336647311045
CMS_EXO26004_Background_rpf_2x0_par3: 0.0007399767405328486 +/- 0.00035296126206240996
