CMS_EXO26004_Background_rpf_2x0_par0: 0.0006991431738570392 +/- 0.00012867481716266483
CMS_EXO26004_Background_rpf_2x0_par1: 0.014564526599872493 +/- 0.0
CMS_EXO26004_Background_rpf_2x0_par2: -0.0003013897073709458 +/- 6.832485198316751
