CMS_AN23122_Background_rpf_2x0_par0: 0.06721535580619253 +/- 0.01854052741980876
CMS_AN23122_Background_rpf_2x0_par1: 0.6021781155180002 +/- 1.532322207672342
CMS_AN23122_Background_rpf_2x0_par3: 0.06845805714057512 +/- 0.0
