CMS_EXO26004_Background_rpf_2x0_par0: 0.704988845379993 +/- 0.0
CMS_EXO26004_Background_rpf_2x0_par3: 0.0013092149729910458 +/- 0.00020295322443660273
