CMS_EXO26004_Background_rpf_2x0_par0: 0.05766714994332999 +/- 0.010516193088624157
CMS_EXO26004_Background_rpf_2x0_par1: 0.9990297823402529 +/- 0.17796798804701303
CMS_EXO26004_Background_rpf_2x0_par2: -0.9068060851683433 +/- 0.264301798458536
CMS_EXO26004_Background_rpf_2x0_par3: 1.4764121036596234 +/- 0.26414021097257767
