CMS_AN23122_Background_rpf_2x0_par0: 0.30184483363777986 +/- 0.8379961982533538
CMS_AN23122_Background_rpf_2x0_par1: 0.8275939764747017 +/- 2.7517980600017897
CMS_AN23122_Background_rpf_2x0_par2: -3.697459603812028e-08 +/- 0.7660213666905002
CMS_AN23122_Background_rpf_2x0_par3: 0.0026531789822152206 +/- 0.007585415707955041
