CMS_AN23122_Background_rpf_2x0_par0: 0.18655091132044394 +/- 0.027529714271134837
CMS_AN23122_Background_rpf_2x0_par1: 0.501432823039733 +/- 0.26683115350967124
CMS_AN23122_Background_rpf_2x0_par2: -4.765582168318218e-08 +/- 0.3673793079200507
CMS_AN23122_Background_rpf_2x0_par3: 0.00430447729452034 +/- 0.0
