CMS_EXO26004_Background_rpf_1x0_par0: 0.00013723409260407753 +/- 1.3471046218432412e-05
CMS_EXO26004_Background_rpf_1x0_par1: 0.0005484850986608753 +/- 6.714196461458005e-05
