CMS_EXO26004_Background_rpf_1x0_par0: 0.0001372090785169448 +/- 1.3469282910822425e-05
CMS_EXO26004_Background_rpf_1x0_par1: 0.0005485055348143528 +/- 6.713791086473993e-05
