CMS_EXO26004_Background_rpf_2x0_par0: 0.028580578603247704 +/- 0.011955911421679063
CMS_EXO26004_Background_rpf_2x0_par1: 0.5014952307618007 +/- 0.7126346801575243
CMS_EXO26004_Background_rpf_2x0_par2: -1.1788347921751728e-07 +/- 0.0
CMS_EXO26004_Background_rpf_2x0_par3: 0.025950905384936034 +/- 0.0
