CMS_EXO26004_Background_rpf_2x0_par0: 0.9997723572051735 +/- 0.5168637666537083
CMS_EXO26004_Background_rpf_2x0_par3: 0.0008674571847949615 +/- 0.000457607761909465
