CMS_EXO26004_Background_rpf_2x0_par0: 0.10602927525517769 +/- 0.4526400314848747
CMS_EXO26004_Background_rpf_2x0_par1: 0.633271082008853 +/- 2.7994319682522546
CMS_EXO26004_Background_rpf_2x0_par2: -0.22501128506070647 +/- 1.091091988018817
CMS_EXO26004_Background_rpf_2x0_par3: 0.0011449965199550362 +/- 0.004937216120172635
