CMS_EXO26004_Background_rpf_2x0_par0: 0.08912197437744696 +/- 0.6191931116778066
CMS_EXO26004_Background_rpf_2x0_par1: 0.5116260174916735 +/- 4.076376750253302
CMS_EXO26004_Background_rpf_2x0_par3: 0.010080096756132313 +/- 0.07166956810020139
