CMS_EXO26004_Background_rpf_2x0_par0: 0.08172453428866383 +/- 0.025054855559273104
CMS_EXO26004_Background_rpf_2x0_par1: 0.9999999577992913 +/- 0.0
CMS_EXO26004_Background_rpf_2x0_par2: -7.912428004325234e-07 +/- 2.28894860451247
CMS_EXO26004_Background_rpf_2x0_par3: 2.0 +/- 0.4746899144521857
