CMS_AN23122_Background_rpf_2x0_par0: 0.05403549247868605 +/- 0.020850473032954682
CMS_AN23122_Background_rpf_2x0_par1: 0.5003338779710987 +/- 1.8351489054326113
CMS_AN23122_Background_rpf_2x0_par2: -0.00021904156122186467 +/- 21.702802166362684
CMS_AN23122_Background_rpf_2x0_par3: 0.01427464546156272 +/- 0.0
