CMS_EXO26004_Background_rpf_2x0_par0: 0.0009242172372788397 +/- 0.0001799726334491732
CMS_EXO26004_Background_rpf_2x0_par1: 0.0030195683299463227 +/- 0.006026430970728669
CMS_EXO26004_Background_rpf_2x0_par2: 0.024921128035888016 +/- 0.0
