CMS_EXO26004_Background_rpf_2x0_par0: 0.0008012664718875433 +/- 0.0002601152914125557
CMS_EXO26004_Background_rpf_2x0_par1: 0.009408653600272257 +/- 0.009270716428554109
CMS_EXO26004_Background_rpf_2x0_par2: -4.943177599229257e-05 +/- 8.077409159652875
