CMS_EXO26004_Background_rpf_2x0_par0: 0.08173439882081154 +/- 0.02467457357231348
CMS_EXO26004_Background_rpf_2x0_par1: 0.9999998920748492 +/- 0.0
CMS_EXO26004_Background_rpf_2x0_par2: -3.196165915676612e-08 +/- 2.296015932888586
CMS_EXO26004_Background_rpf_2x0_par3: 2.0 +/- 0.46814748805994844
