CMS_EXO26004_Background_rpf_2x0_par0: 0.04745808088713408 +/- 0.013188920719383728
CMS_EXO26004_Background_rpf_2x0_par1: 0.5002893920852425 +/- 0.67849643544114
CMS_EXO26004_Background_rpf_2x0_par2: -0.00045532102622152133 +/- 0.0
CMS_EXO26004_Background_rpf_2x0_par3: 0.016901951438293726 +/- 0.0
