CMS_EXO26004_Background_rpf_2x0_par0: 0.0838138739552155 +/- 0.012619383228316903
CMS_EXO26004_Background_rpf_2x0_par1: 0.5002010387011661 +/- 0.1358789527619653
CMS_EXO26004_Background_rpf_2x0_par2: -0.17763467696605614 +/- 0.19470267319777013
CMS_EXO26004_Background_rpf_2x0_par3: 0.0014489414896953275 +/- 0.0
