CMS_EXO26004_Background_rpf_2x0_par0: 0.05776272925057458 +/- 0.010772578338369622
CMS_EXO26004_Background_rpf_2x0_par1: 0.9999999996398533 +/- 0.1812606219778439
CMS_EXO26004_Background_rpf_2x0_par2: -0.9071723018206846 +/- 0.250679684911769
CMS_EXO26004_Background_rpf_2x0_par3: 1.474228969836435 +/- 0.26979495133862746
