CMS_EXO26004_Background_rpf_2x0_par0: 0.13540088733594347 +/- 0.029165697003673063
CMS_EXO26004_Background_rpf_2x0_par1: 0.5276760937662734 +/- 1.0912778256357931
CMS_EXO26004_Background_rpf_2x0_par3: 0.0068001707935306755 +/- 0.0
