CMS_EXO26004_Background_rpf_2x0_par0: 0.05185364747660132 +/- 0.009560371782010088
CMS_EXO26004_Background_rpf_2x0_par1: 0.5002678045807588 +/- 0.3666290961965061
CMS_EXO26004_Background_rpf_2x0_par2: -1.877498477136693e-07 +/- 0.0
CMS_EXO26004_Background_rpf_2x0_par3: 0.015275376400197625 +/- 0.0
