CMS_AN23122_Background_rpf_2x0_par0: 0.0765234636291724 +/- 0.020398265629401908
CMS_AN23122_Background_rpf_2x0_par1: 0.524226751883421 +/- 0.6910914442096495
CMS_AN23122_Background_rpf_2x0_par2: -0.000326519771886557 +/- 0.0
CMS_AN23122_Background_rpf_2x0_par3: 0.04052762353267595 +/- 0.0
