CMS_AN23122_Background_rpf_2x0_par0: 3.706514816041096 +/- 0.5829686915535032
CMS_AN23122_Background_rpf_2x0_par1: 50.00000000006898 +/- 0.0
CMS_AN23122_Background_rpf_2x0_par3: 0.0008840159477379768 +/- 0.0
