CMS_EXO26004_Background_rpf_2x0_par0: 0.05106239348047263 +/- 0.00944582315070299
CMS_EXO26004_Background_rpf_2x0_par1: 0.5101878041852074 +/- 0.3633658498445218
CMS_EXO26004_Background_rpf_2x0_par2: -5.852885114720433e-06 +/- 0.0
CMS_EXO26004_Background_rpf_2x0_par3: 0.015514353581030512 +/- 0.0
