CMS_EXO26004_Background_rpf_2x0_par0: 0.0009277630954613032 +/- 0.00013288079128326893
CMS_EXO26004_Background_rpf_2x0_par1: 5.531109934214101e-09 +/- 0.0
CMS_EXO26004_Background_rpf_2x0_par2: 0.08359019044399942 +/- 0.1110759366279863
