CMS_EXO26004_Background_rpf_2x0_par0: 0.08425134387952123 +/- 0.04060337620560536
CMS_EXO26004_Background_rpf_2x0_par1: 0.5011153125025077 +/- 2.937088498516962
CMS_EXO26004_Background_rpf_2x0_par2: -1.241279738673016e-05 +/- 35.522079094591255
CMS_EXO26004_Background_rpf_2x0_par3: 0.01045222131554102 +/- 0.0
