CMS_EXO26004_Background_rpf_2x0_par0: 0.08173592056708207 +/- 0.02465498320259082
CMS_EXO26004_Background_rpf_2x0_par1: 0.9999998885404622 +/- 0.0
CMS_EXO26004_Background_rpf_2x0_par2: -4.2088810020849896e-07 +/- 2.2489744297567937
CMS_EXO26004_Background_rpf_2x0_par3: 2.0 +/- 0.4679316817213727
