CMS_EXO26004_Background_rpf_2x0_par0: 0.0007074982744599153 +/- 0.00017287477778591822
CMS_EXO26004_Background_rpf_2x0_par1: 0.015350203866288057 +/- 0.008917697752533732
CMS_EXO26004_Background_rpf_2x0_par2: -3.1137546973702534e-08 +/- 3.516587355656699
