CMS_EXO26004_Background_rpf_2x0_par0: 0.05775146340013203 +/- 0.010623964284040877
CMS_EXO26004_Background_rpf_2x0_par1: 0.9997823885365821 +/- 0.17807752830698084
CMS_EXO26004_Background_rpf_2x0_par2: -0.907038936200073 +/- 0.24101082022583858
CMS_EXO26004_Background_rpf_2x0_par3: 1.4746153615560353 +/- 0.2659465955068076
