CMS_EXO26004_Background_rpf_2x0_par0: 0.05774861812626352 +/- 0.010683962072140138
CMS_EXO26004_Background_rpf_2x0_par1: 0.9999972601662163 +/- 0.17952204917294476
CMS_EXO26004_Background_rpf_2x0_par2: -0.9073713198971158 +/- 0.2585376625179569
CMS_EXO26004_Background_rpf_2x0_par3: 1.4745797634065436 +/- 0.2674229500128376
