CMS_EXO26004_Background_rpf_2x0_par0: 0.0007391178991000038 +/- 0.0001795251500224567
CMS_EXO26004_Background_rpf_2x0_par1: 0.011194738091448992 +/- 0.011002858929211622
