CMS_AN23122_Background_rpf_2x0_par0: 0.05946647222967122 +/- 0.0189545966323741
CMS_AN23122_Background_rpf_2x0_par1: 0.5510144722730622 +/- 1.6383029416625516
CMS_AN23122_Background_rpf_2x0_par2: -0.0047404273614987755 +/- 19.153490534259483
CMS_AN23122_Background_rpf_2x0_par3: 0.012974795162478993 +/- 0.0
