CMS_AN23122_Background_rpf_2x0_par0: 0.07291069777974164 +/- 0.01939539665847797
CMS_AN23122_Background_rpf_2x0_par1: 0.5026843416387631 +/- 0.6570305313792353
CMS_AN23122_Background_rpf_2x0_par2: -1.1286544615574101e-15 +/- 0.0
CMS_AN23122_Background_rpf_2x0_par3: 0.04259426687998102 +/- 0.0
