CMS_EXO26004_Background_rpf_2x0_par0: 0.08904828019290076 +/- 0.03875776428364099
CMS_EXO26004_Background_rpf_2x0_par1: 0.5000008655343586 +/- 2.638432567682452
CMS_EXO26004_Background_rpf_2x0_par2: -0.00014662779511523047 +/- 33.075370955614844
CMS_EXO26004_Background_rpf_2x0_par3: 0.009676076583050737 +/- 0.0
