CMS_EXO26004_Background_rpf_2x0_par0: 0.40357034185089347 +/- 0.07000160410852707
CMS_EXO26004_Background_rpf_2x0_par1: 0.5000003849741645 +/- 5.716777719589754
CMS_EXO26004_Background_rpf_2x0_par3: 0.0022747030540345462 +/- 0.0
