CMS_EXO26004_Background_rpf_2x0_par0: 0.0007033420309517156 +/- 0.0001576329777322634
CMS_EXO26004_Background_rpf_2x0_par1: 0.014126989303902326 +/- 0.011956000551436936
CMS_EXO26004_Background_rpf_2x0_par2: -5.891090574047233e-06 +/- 5.9419814887951485
