CMS_AN23122_Background_rpf_2x0_par0: 0.7561189356829668 +/- 3.242385885738528
CMS_AN23122_Background_rpf_2x0_par3: 0.0012185589433428461 +/- 0.00519150817940094
