CMS_EXO26004_Background_rpf_2x0_par0: 0.08173147077198527 +/- 0.025282923684757957
CMS_EXO26004_Background_rpf_2x0_par1: 0.9999997441742691 +/- 0.0
CMS_EXO26004_Background_rpf_2x0_par2: -5.270000986057517e-08 +/- 2.30577348920138
CMS_EXO26004_Background_rpf_2x0_par3: 1.9999999999999998 +/- 0.47935572779102337
