CMS_AN23122_Background_rpf_2x0_par0: 0.4456777036717701 +/- 1.2706431954966906
CMS_AN23122_Background_rpf_2x0_par3: 0.00705879455279245 +/- 0.019878286967411053
