CMS_EXO26004_Background_rpf_2x0_par0: 0.0008960470068901849 +/- 0.0002915516171848716
CMS_EXO26004_Background_rpf_2x0_par1: 1.7223025642384288e-08 +/- 0.01846490705676277
CMS_EXO26004_Background_rpf_2x0_par2: 0.15511242670698652 +/- 0.15316526142622847
