CMS_EXO26004_Background_rpf_2x0_par0: 0.4860500425162823 +/- 1.5304042082566183
CMS_EXO26004_Background_rpf_2x0_par3: 0.0019046270780809105 +/- 0.005897879264304346
