CMS_EXO26004_Background_rpf_2x0_par0: 0.02344015602435167 +/- 0.013696176197134282
CMS_EXO26004_Background_rpf_2x0_par1: 0.5045713683351851 +/- 0.8732129914558991
CMS_EXO26004_Background_rpf_2x0_par2: -3.476933579131189e-07 +/- 8.054450295344674
CMS_EXO26004_Background_rpf_2x0_par3: 0.030203837680044643 +/- 0.0
