CMS_EXO26004_Background_rpf_2x0_par0: 0.0008934701545027317 +/- 0.00032366160507196794
CMS_EXO26004_Background_rpf_2x0_par1: 3.527428978251923e-09 +/- 0.020486036842074676
CMS_EXO26004_Background_rpf_2x0_par2: 0.14806039555142927 +/- 0.1931673842034878
