CMS_EXO26004_Background_rpf_2x0_par0: 0.08374514375667705 +/- 0.012601590271212555
CMS_EXO26004_Background_rpf_2x0_par1: 0.5001251292595218 +/- 0.13584818661296946
CMS_EXO26004_Background_rpf_2x0_par2: -0.1782419102590467 +/- 0.1949070948113112
CMS_EXO26004_Background_rpf_2x0_par3: 0.0014494005398862696 +/- 0.0
