CMS_EXO26004_Background_rpf_2x0_par0: 0.058583710896168484 +/- 0.001106325064010928
CMS_EXO26004_Background_rpf_2x0_par1: 0.9772544413660343 +/- 0.04239939128641938
CMS_EXO26004_Background_rpf_2x0_par2: -0.8814432455674946 +/- 0.0692264668244128
CMS_EXO26004_Background_rpf_2x0_par3: 1.4641469767146245 +/- 0.0
