Background_rpf_1x0_par0: 0.057231942649874294 +/- 0.0006683449879930989
Background_rpf_1x0_par1: 0.19961585698884776 +/- 0.024514258153360936
