CMS_AN23122_Background_rpf_2x0_par0: 7.210493364945617 +/- 2.492888096726004
CMS_AN23122_Background_rpf_2x0_par1: 50.00021750205745 +/- 82.80343025787994
CMS_AN23122_Background_rpf_2x0_par3: 0.0002073616251223957 +/- 0.0
