CMS_EXO26004_Background_rpf_2x0_par0: 0.0007025001105821036 +/- 0.0001559727216141933
CMS_EXO26004_Background_rpf_2x0_par1: 0.015781928739984342 +/- 0.0074323378375732545
CMS_EXO26004_Background_rpf_2x0_par2: -7.681572392059799e-17 +/- 2.632218721925451
