CMS_EXO26004_Background_rpf_3x0_par0: 0.00013711283322577142 +/- 1.5614703133229355e-05
CMS_EXO26004_Background_rpf_3x0_par1: 0.0005489665266583577 +/- 0.00011268596006480779
CMS_EXO26004_Background_rpf_3x0_par2: 2.535251203579763e-08 +/- 0.0
CMS_EXO26004_Background_rpf_3x0_par3: 1.079045675782351e-09 +/- 0.0002288029755131565
