CMS_EXO26004_Background_rpf_3x0_par0: 0.00013715237657785622 +/- 1.5603861200643506e-05
CMS_EXO26004_Background_rpf_3x0_par1: 0.0005489105951516009 +/- 0.00011263997014278158
CMS_EXO26004_Background_rpf_3x0_par2: 2.685618010394913e-08 +/- 0.0
CMS_EXO26004_Background_rpf_3x0_par3: 7.568823768688143e-11 +/- 0.00022875825299313086
