CMS_EXO26004_Background_rpf_2x0_par0: 0.0006980677923582523 +/- 0.0
CMS_EXO26004_Background_rpf_2x0_par1: 0.016195459635213082 +/- 0.008645712265793437
CMS_EXO26004_Background_rpf_2x0_par2: -3.5530537756362857e-07 +/- 2.757177769927798
