CMS_EXO26004_Background_rpf_2x0_par0: 0.08172986011758099 +/- 0.02553385620030489
CMS_EXO26004_Background_rpf_2x0_par1: 0.9999999040235138 +/- 0.0
CMS_EXO26004_Background_rpf_2x0_par2: -6.367121953732447e-08 +/- 2.520419060767299
CMS_EXO26004_Background_rpf_2x0_par3: 2.0 +/- 0.4825425720575485
