CMS_EXO26004_Background_rpf_2x0_par0: 0.0006799297349314795 +/- 0.0002429243973542552
CMS_EXO26004_Background_rpf_2x0_par1: 0.014462055485674925 +/- 0.012265562104462344
CMS_EXO26004_Background_rpf_2x0_par2: -2.558095838145957e-08 +/- 5.863615863864033
