CMS_EXO26004_Background_rpf_2x0_par0: 0.08167222183128703 +/- 0.02490160061789803
CMS_EXO26004_Background_rpf_2x0_par1: 0.9999998815592542 +/- 0.0
CMS_EXO26004_Background_rpf_2x0_par2: -1.1046186225622829e-07 +/- 2.299782464426482
CMS_EXO26004_Background_rpf_2x0_par3: 1.9999999999999998 +/- 0.4804336129863704
