CMS_AN23122_Background_rpf_1x0_par0: 0.12040473819715494 +/- 0.0013612358863134963
CMS_AN23122_Background_rpf_1x0_par1: 0.1 +/- 0.021241982426383837
