CMS_AN23122_Background_rpf_1x0_par0: 0.12172749556003352 +/- 0.001293637353382624
CMS_AN23122_Background_rpf_1x0_par1: 0.09999999999999998 +/- 0.01603645607727153
