CMS_EXO26004_Background_rpf_2x0_par0: 0.05373457882820866 +/- 0.0010199307705905122
CMS_EXO26004_Background_rpf_2x0_par1: 0.8505608183258131 +/- 0.04683074461596962
CMS_EXO26004_Background_rpf_2x0_par2: -0.7508225281404193 +/- 0.07313473799566662
CMS_EXO26004_Background_rpf_2x0_par3: 1.6054871827425161 +/- 0.0
