CMS_EXO26004_Background_rpf_2x0_par0: 0.08173122227960557 +/- 0.023962578741812728
CMS_EXO26004_Background_rpf_2x0_par1: 0.9999998373976449 +/- 0.0
CMS_EXO26004_Background_rpf_2x0_par2: -1.3896103166251153e-06 +/- 1.638020311857909
CMS_EXO26004_Background_rpf_2x0_par3: 1.9999999999999993 +/- 0.45890557253947317
