CMS_EXO26004_Background_rpf_2x0_par0: 0.0009026456354964998 +/- 0.0001224240706554501
CMS_EXO26004_Background_rpf_2x0_par1: 1.0344776540916444e-08 +/- 0.0
CMS_EXO26004_Background_rpf_2x0_par2: 0.11938465355535562 +/- 0.13554960671116845
