CMS_EXO26004_Background_rpf_2x0_par0: 0.03608681521463261 +/- 0.01225552971181832
CMS_EXO26004_Background_rpf_2x0_par1: 0.5001984605648165 +/- 0.6579557156328553
CMS_EXO26004_Background_rpf_2x0_par2: -1.3076621647888e-06 +/- 0.0
CMS_EXO26004_Background_rpf_2x0_par3: 0.02153661491180221 +/- 0.0
