CMS_EXO26004_Background_rpf_2x0_par0: 0.41199278842524245 +/- 1.12442566699511
CMS_EXO26004_Background_rpf_2x0_par3: 0.002228767765111279 +/- 0.006012555562314455
