CMS_AN23122_Background_rpf_1x0_par0: 0.0045977505462680215 +/- 0.0011843983275832447
CMS_AN23122_Background_rpf_1x0_par1: 0.01851043364366054 +/- 0.041661236827534184
