CMS_AN23122_Background_rpf_1x0_par0: 0.0049388759200103315 +/- 0.0009221318056940567
CMS_AN23122_Background_rpf_1x0_par1: 0.020193810811600654 +/- 0.026478545348118335
