CMS_AN23122_Background_rpf_1x0_par0: 0.06077674917987578 +/- 0.0008550099653184425
CMS_AN23122_Background_rpf_1x0_par1: -4.995495020056214 +/- 0.0
