CMS_AN23122_Background_rpf_1x0_par0: 0.21279152864096454 +/- 0.0
CMS_AN23122_Background_rpf_1x0_par1: -41.062742718725076 +/- 0.0
