CMS_AN23122_Background_rpf_1x0_par0: 0.04090350590386099 +/- 0.0
CMS_AN23122_Background_rpf_1x0_par1: -2.7678888089210436 +/- 0.6111068016861247
