CMS_AN23122_Background_rpf_1x0_par0: 0.004597892463593885 +/- 0.0011832462718533875
CMS_AN23122_Background_rpf_1x0_par1: 0.018420529974608364 +/- 0.041640161682965145
