CMS_AN23122_Background_rpf_1x0_par0: 0.006923140608668662 +/- 0.0
CMS_AN23122_Background_rpf_1x0_par1: -17.12124129245927 +/- 0.0
