CMS_AN23122_Background_rpf_1x0_par0: 0.004994255279172074 +/- 0.001186342400804065
CMS_AN23122_Background_rpf_1x0_par1: 0.02494235081806407 +/- 0.04151142772856239
