CMS_AN23122_Background_rpf_1x0_par0: 0.013913706856593185 +/- 0.0
CMS_AN23122_Background_rpf_1x0_par1: -16.652078822657238 +/- 0.0
