CMS_AN23122_Background_rpf_1x0_par0: 0.004935500364872219 +/- 0.0009133836772874858
CMS_AN23122_Background_rpf_1x0_par1: 0.020235902382588506 +/- 0.02453252283686185
