CMS_AN23122_Background_rpf_2x0_par0: 0.053162606907871265 +/- 0.020678143851517103
CMS_AN23122_Background_rpf_2x0_par1: 0.5013814921816385 +/- 1.8244548080848866
CMS_AN23122_Background_rpf_2x0_par2: -0.00015468483709064266 +/- 21.582143328104884
CMS_AN23122_Background_rpf_2x0_par3: 0.01449415393903025 +/- 0.0
