CMS_EXO26004_Background_rpf_2x0_par0: 0.04767275457769457 +/- 0.008773192031302834
CMS_EXO26004_Background_rpf_2x0_par1: 0.5109203674599959 +/- 0.30467028237273713
CMS_EXO26004_Background_rpf_2x0_par2: -0.00017746157821813902 +/- 0.0
CMS_EXO26004_Background_rpf_2x0_par3: 0.016598431174784208 +/- 0.0
