CMS_EXO26004_Background_rpf_2x0_par0: 0.5090006949967252 +/- 1.1994810679227481
CMS_EXO26004_Background_rpf_2x0_par3: 0.0018087044134906267 +/- 0.004245474255598578
