CMS_EXO26004_Background_rpf_2x0_par0: 0.5580676767520225 +/- 1.395212686008369
CMS_EXO26004_Background_rpf_2x0_par3: 0.0016511160537851636 +/- 0.004091478086732499
