CMS_EXO26004_Background_rpf_2x0_par0: 0.022462490137778145 +/- 0.012374908554147492
CMS_EXO26004_Background_rpf_2x0_par1: 0.5053727813952509 +/- 0.8170234737554848
CMS_EXO26004_Background_rpf_2x0_par2: -1.279415516239335e-09 +/- 5.88744946827779
CMS_EXO26004_Background_rpf_2x0_par3: 0.03127913371457055 +/- 0.0
