CMS_EXO26004_Background_rpf_2x0_par0: 0.060053602492667335 +/- 0.012301595026217978
CMS_EXO26004_Background_rpf_2x0_par1: 0.5281874313326949 +/- 0.7932457862749772
CMS_EXO26004_Background_rpf_2x0_par2: -3.24419507503899e-05 +/- 0.0
CMS_EXO26004_Background_rpf_2x0_par3: 0.013318844505850583 +/- 0.0
