CMS_EXO26004_Background_rpf_2x0_par0: 0.057724951405324486 +/- 0.01069204031248245
CMS_EXO26004_Background_rpf_2x0_par1: 0.9964014130472895 +/- 0.17785149481773177
CMS_EXO26004_Background_rpf_2x0_par2: -0.9060109508323517 +/- 0.1680859196365795
CMS_EXO26004_Background_rpf_2x0_par3: 1.4763266354503621 +/- 0.268628573197603
