CMS_EXO26004_Background_rpf_2x0_par0: 0.5596126292894088 +/- 1.415498431555943
CMS_EXO26004_Background_rpf_2x0_par3: 0.001646707467361288 +/- 0.004197165023169297
