CMS_AN23122_Background_rpf_2x0_par0: 10.899714940003074 +/- 1.5465709477233962
CMS_AN23122_Background_rpf_2x0_par1: 50.00015622354791 +/- 0.0
CMS_AN23122_Background_rpf_2x0_par3: 0.0004500821282621088 +/- 0.0
