CMS_AN23122_Background_rpf_2x0_par0: 0.9540536624622831 +/- 0.6162158068134473
CMS_AN23122_Background_rpf_2x0_par3: 0.0032943845566564874 +/- 0.0022277044435621784
