CMS_AN23122_Background_rpf_2x0_par0: 0.8550542158487648 +/- 2.3772756474693457
CMS_AN23122_Background_rpf_2x0_par3: 0.003650420570336165 +/- 0.010104246573925805
