CMS_EXO26004_Background_rpf_2x0_par0: 0.05774325275667848 +/- 0.010764647056920372
CMS_EXO26004_Background_rpf_2x0_par1: 0.9998307293917292 +/- 0.1814479623493924
CMS_EXO26004_Background_rpf_2x0_par2: -0.9070884314832655 +/- 0.25039314206631363
CMS_EXO26004_Background_rpf_2x0_par3: 1.474701079163795 +/- 0.26980914077211865
