CMS_EXO26004_Background_rpf_2x0_par0: 0.0008042390277685591 +/- 0.00017932123799656774
CMS_EXO26004_Background_rpf_2x0_par1: 0.006761105775055433 +/- 0.010300341162787524
