CMS_EXO26004_Background_rpf_2x0_par0: 0.08331064187604925 +/- 0.012578833977282005
CMS_EXO26004_Background_rpf_2x0_par1: 0.5026895246688289 +/- 0.13581478251769527
CMS_EXO26004_Background_rpf_2x0_par2: -0.18196196279352 +/- 0.19467162613635558
CMS_EXO26004_Background_rpf_2x0_par3: 0.001452053312699056 +/- 0.0
