CMS_AN23122_Background_rpf_2x0_par0: 0.06915126693790352 +/- 0.0249787182436202
CMS_AN23122_Background_rpf_2x0_par1: 0.5535014024790075 +/- 2.1914043086270634
CMS_AN23122_Background_rpf_2x0_par2: -6.599713646658406e-06 +/- 25.133218931060266
CMS_AN23122_Background_rpf_2x0_par3: 0.01123990033735408 +/- 0.0
