CMS_EXO26004_Background_rpf_2x0_par0: 0.0009156316935555808 +/- 0.00018551458538457947
CMS_EXO26004_Background_rpf_2x0_par1: 0.00477721734917383 +/- 0.0066140878421728985
