CMS_EXO26004_Background_rpf_2x0_par0: 0.0007371799260221342 +/- 0.00015699283814702946
CMS_EXO26004_Background_rpf_2x0_par1: 0.013302943854721734 +/- 0.007461959733901486
CMS_EXO26004_Background_rpf_2x0_par2: -2.345552360303281e-08 +/- 3.0255856394536442
