CMS_EXO26004_Background_rpf_2x0_par0: 0.0007297515261563934 +/- 0.00016952467818324516
CMS_EXO26004_Background_rpf_2x0_par1: 0.011666638016197078 +/- 0.010516022610603772
