CMS_EXO26004_Background_rpf_2x0_par0: 0.09060417870055472 +/- 0.019145327375967174
CMS_EXO26004_Background_rpf_2x0_par1: 0.5137320050645955 +/- 0.6616168607107368
CMS_EXO26004_Background_rpf_2x0_par3: 0.009948489898105345 +/- 0.0
