CMS_EXO26004_Background_rpf_2x0_par0: 0.0009255178518865995 +/- 0.00017995797422191257
CMS_EXO26004_Background_rpf_2x0_par1: 0.0028987408408621997 +/- 0.005979104622355411
CMS_EXO26004_Background_rpf_2x0_par2: 0.0281121992995856 +/- 0.0
