CMS_EXO26004_Background_rpf_2x0_par0: 0.0008981034152989086 +/- 0.00042423061056441256
CMS_EXO26004_Background_rpf_2x0_par1: 7.664421311157077e-09 +/- 0.028702887796832385
CMS_EXO26004_Background_rpf_2x0_par2: 0.13329453629854496 +/- 0.3232328460691814
