CMS_EXO26004_Background_rpf_2x0_par0: 0.0007279632884010155 +/- 0.00036101321656671853
CMS_EXO26004_Background_rpf_2x0_par1: 0.013825256217927689 +/- 0.016663344704762155
CMS_EXO26004_Background_rpf_2x0_par2: -1.5270948218257664e-06 +/- 11.088402645051453
