CMS_EXO26004_Background_rpf_2x0_par0: 0.062058839148627386 +/- 0.0011400115069355738
CMS_EXO26004_Background_rpf_2x0_par1: 0.9843473122993333 +/- 0.055304678725149194
CMS_EXO26004_Background_rpf_2x0_par2: -0.8649110941452562 +/- 0.08716825549863254
CMS_EXO26004_Background_rpf_2x0_par3: 1.384612503208631 +/- 0.0
