CMS_EXO26004_Background_rpf_2x0_par0: 0.0008960880670917846 +/- 0.0002944918780560971
CMS_EXO26004_Background_rpf_2x0_par1: 1.7187272995610164e-08 +/- 0.01874355151264945
CMS_EXO26004_Background_rpf_2x0_par2: 0.15534084353940697 +/- 0.1556201980399055
