CMS_AN23122_Background_rpf_2x0_par0: 3.68375205270454 +/- 0.8277890085657965
CMS_AN23122_Background_rpf_2x0_par1: 50.00000000110826 +/- 27.25407981142577
CMS_AN23122_Background_rpf_2x0_par3: 0.0008880535216955954 +/- 0.0
