CMS_AN23122_Background_rpf_2x0_par0: 3.679371111817486 +/- 1.065687638305478
CMS_AN23122_Background_rpf_2x0_par1: 50.00000001992733 +/- 42.43455759976758
CMS_AN23122_Background_rpf_2x0_par3: 0.0008889119086028105 +/- 0.0
