CMS_AN23122_Background_rpf_2x0_par0: 0.09069848197812519 +/- 0.03395442684331353
CMS_AN23122_Background_rpf_2x0_par1: 0.5193826605433832 +/- 3.0836870648645585
CMS_AN23122_Background_rpf_2x0_par2: -7.51483354306335e-05 +/- 31.260014326342056
CMS_AN23122_Background_rpf_2x0_par3: 0.008675491648654278 +/- 0.0
