CMS_AN23122_Background_rpf_2x0_par0: 0.20918503880645056 +/- 0.698745896535956
CMS_AN23122_Background_rpf_2x0_par1: 0.9999873486464697 +/- 2.9801349703274522
CMS_AN23122_Background_rpf_2x0_par3: 0.015097039751399099 +/- 0.049263163574853275
