CMS_EXO26004_Background_rpf_2x0_par0: 0.08365710496773976 +/- 0.01254261599699806
CMS_EXO26004_Background_rpf_2x0_par1: 0.5000416226952108 +/- 0.13486028553350954
CMS_EXO26004_Background_rpf_2x0_par2: -0.182185082552564 +/- 0.1934097771020323
CMS_EXO26004_Background_rpf_2x0_par3: 0.00145024102587404 +/- 0.0
