Background_rpf_2x0_par0: 1.5319140015752013 +/- 0.04393880354081917
Background_rpf_2x0_par1: 50.00000025385439 +/- 4.604553105277101
Background_rpf_2x0_par2: -49.99999999999035 +/- 0.0
Background_rpf_2x0_par3: 0.0593234860827436 +/- 0.0
