CMS_EXO26004_Background_rpf_2x0_par0: 0.05972266367974086 +/- 0.011488270095663323
CMS_EXO26004_Background_rpf_2x0_par1: 0.9968133021871779 +/- 0.18221877708350592
CMS_EXO26004_Background_rpf_2x0_par2: -0.8991160392625059 +/- 0.17138570890199706
CMS_EXO26004_Background_rpf_2x0_par3: 1.4360704033823972 +/- 0.2702362177738236
