CMS_AN23122_Background_rpf_2x0_par0: 0.07284297489591372 +/- 0.019373967373016453
CMS_AN23122_Background_rpf_2x0_par1: 0.5028645419818903 +/- 0.6565251133851213
CMS_AN23122_Background_rpf_2x0_par2: -1.4728945416390884e-06 +/- 0.0
CMS_AN23122_Background_rpf_2x0_par3: 0.042632052823597645 +/- 0.0
