CMS_AN23122_Background_rpf_2x0_par0: 10.7626000638394 +/- 46.799356703134656
CMS_AN23122_Background_rpf_2x0_par1: 50.00021628145306 +/- 0.0
CMS_AN23122_Background_rpf_2x0_par3: 0.00045522460228312713 +/- 0.0018729390796097323
