CMS_AN23122_Background_rpf_expo_par0: -59.741255043187024 +/- 9.209980070555998
CMS_AN23122_Background_rpf_expo_par1: -7.5992645797071185 +/- 0.022223982274086333
