CMS_AN23122_Background_rpf_expo_par0: -59.90879260004078 +/- 0.0
CMS_AN23122_Background_rpf_expo_par1: -7.599605960468345 +/- 0.16110453625505583
