CMS_AN23122_Background_rpf_expo_par0: -4.12322164719846 +/- 4.679912953436742
CMS_AN23122_Background_rpf_expo_par1: -7.6001357625794705 +/- 0.1646419858349004
