CMS_AN23122_Background_rpf_expo_par0: -59.820788630798695 +/- 68.32656029011372
CMS_AN23122_Background_rpf_expo_par1: -7.599453864026266 +/- 0.16462958985271012
