CMS_AN23122_Background_rpf_expo_par0: -59.88580789358885 +/- 0.0
CMS_AN23122_Background_rpf_expo_par1: -7.5990799586624735 +/- 0.15844160165225238
