CMS_AN23122_Background_rpf_expo_par0: -59.82119162743514 +/- 68.32664227191185
CMS_AN23122_Background_rpf_expo_par1: -7.599458026712464 +/- 0.16462988417202554
