CMS_AN23122_Background_rpf_expo_par0: -59.895064264587546 +/- 0.0
CMS_AN23122_Background_rpf_expo_par1: -7.599534390659468 +/- 0.1810259872157525
