CMS_EXO26004_Background_rpf_2x0_par0: 0.9997512530463133 +/- 0.6028831701607328
CMS_EXO26004_Background_rpf_2x0_par3: 0.0007548226767162154 +/- 0.0004800210446429111
