CMS_EXO26004_Background_rpf_2x0_par0: 0.0007169471955345951 +/- 0.0001600411328474234
CMS_EXO26004_Background_rpf_2x0_par1: 0.012859242325989093 +/- 0.012257793537718796
CMS_EXO26004_Background_rpf_2x0_par2: -0.0003671871791382438 +/- 6.500125807799395
