CMS_AN23122_Background_rpf_2x0_par0: 0.940736029090553 +/- 2.594848400102781
CMS_AN23122_Background_rpf_2x0_par3: 0.0009090066412831395 +/- 0.0024885557914201845
