CMS_AN23122_Background_rpf_2x0_par0: 12.115775841750333 +/- 2.3470120821053304
CMS_AN23122_Background_rpf_2x0_par1: 50.13624039659819 +/- 65.79316309402209
CMS_AN23122_Background_rpf_2x0_par3: 0.0004071776057630547 +/- 0.0
