CMS_AN23122_Background_rpf_2x0_par0: 10.82139010927698 +/- 101.91796052388113
CMS_AN23122_Background_rpf_2x0_par1: 50.00011534686321 +/- 0.0
CMS_AN23122_Background_rpf_2x0_par3: 0.0004530096995914629 +/- 0.004027339361517041
