CMS_AN23122_Background_rpf_2x0_par0: 19.81933500861056 +/- 75.76321865126062
CMS_AN23122_Background_rpf_2x0_par1: 80.8696805319408 +/- 203.36772439319736
CMS_AN23122_Background_rpf_2x0_par3: 0.00024923384051993985 +/- 0.0009183982736200551
