CMS_AN23122_Background_rpf_2x0_par0: 0.05286894566138484 +/- 0.019462261623304587
CMS_AN23122_Background_rpf_2x0_par1: 0.5017488410666147 +/- 1.7027475611175418
CMS_AN23122_Background_rpf_2x0_par2: -4.760684542266759e-06 +/- 20.148811195340073
CMS_AN23122_Background_rpf_2x0_par3: 0.01456539719330263 +/- 0.0
