CMS_EXO26004_Background_rpf_2x0_par0: 0.0008960394211311742 +/- 0.000291657575917763
CMS_EXO26004_Background_rpf_2x0_par1: 1.5079284378777778e-08 +/- 0.01850750916876326
CMS_EXO26004_Background_rpf_2x0_par2: 0.1547771792412914 +/- 0.15363334453072083
