CMS_EXO26004_Background_rpf_2x0_par0: 0.05247453571601629 +/- 0.021527979663976737
CMS_EXO26004_Background_rpf_2x0_par1: 0.5000512116111199 +/- 2.0538892846915227
CMS_EXO26004_Background_rpf_2x0_par2: -9.753247774222512e-07 +/- 24.610224885795482
CMS_EXO26004_Background_rpf_2x0_par3: 0.015034849711892312 +/- 0.0
