CMS_EXO26004_Background_rpf_2x0_par0: 0.05818567489919172 +/- 0.011074388139834176
CMS_EXO26004_Background_rpf_2x0_par1: 0.5162906341553223 +/- 0.5567978151263403
CMS_EXO26004_Background_rpf_2x0_par2: -2.466553309243922e-06 +/- 0.0
CMS_EXO26004_Background_rpf_2x0_par3: 0.013747327819923555 +/- 0.0
