CMS_AN23122_Background_rpf_2x0_par0: 0.7875704110292875 +/- 3.1090493467742046
CMS_AN23122_Background_rpf_2x0_par3: 0.02595069368968685 +/- 0.0
