CMS_AN23122_Background_rpf_2x0_par0: 0.06070778494213306 +/- 0.01538689192297954
CMS_AN23122_Background_rpf_2x0_par1: 0.6403982192448333 +/- 1.2590072361828248
CMS_AN23122_Background_rpf_2x0_par3: 0.08205058238305442 +/- 0.0
