CMS_EXO26004_Background_rpf_2x0_par0: 0.08154498246923428 +/- 0.03199766881268898
CMS_EXO26004_Background_rpf_2x0_par1: 0.9999999171296982 +/- 0.0
CMS_EXO26004_Background_rpf_2x0_par2: -1.8124101686177278e-07 +/- 3.488411318547657
CMS_EXO26004_Background_rpf_2x0_par3: 2.0 +/- 0.6952492023368106
