CMS_EXO26004_Background_rpf_2x0_par0: 0.0008958637844941474 +/- 0.00032892415487534846
CMS_EXO26004_Background_rpf_2x0_par1: 5.336592088101954e-09 +/- 0.021266565028671094
CMS_EXO26004_Background_rpf_2x0_par2: 0.1392976461356883 +/- 0.225401557551391
