CMS_EXO26004_Background_rpf_2x0_par0: 0.026317613177090984 +/- 0.013254362287747307
CMS_EXO26004_Background_rpf_2x0_par1: 0.502866079369279 +/- 0.8622911335961729
CMS_EXO26004_Background_rpf_2x0_par2: -2.2682332146534666e-08 +/- 6.1990103201947075
CMS_EXO26004_Background_rpf_2x0_par3: 0.02766055651019803 +/- 0.0
