CMS_EXO26004_Background_rpf_2x0_par0: 0.023656437170609328 +/- 0.00404551128047056
CMS_EXO26004_Background_rpf_2x0_par1: 0.5041178458289532 +/- 0.0
CMS_EXO26004_Background_rpf_2x0_par2: -4.687998481165551e-09 +/- 0.0
CMS_EXO26004_Background_rpf_2x0_par3: 0.03004143450417934 +/- 0.0
