CMS_AN23122_Background_rpf_2x0_par0: 0.07814264126929972 +/- 0.2087570185759296
CMS_AN23122_Background_rpf_2x0_par1: 0.5544160803723305 +/- 2.1983980733730943
CMS_AN23122_Background_rpf_2x0_par3: 0.015219839794359744 +/- 0.041292299312669964
