CMS_EXO26004_Background_rpf_2x0_par0: 0.9958409280225801 +/- 0.4767129416939192
CMS_EXO26004_Background_rpf_2x0_par3: 0.0009284135126166349 +/- 0.00045258182282453455
