CMS_EXO26004_Background_rpf_2x0_par0: 0.4343603847323456 +/- 1.2116029282290715
CMS_EXO26004_Background_rpf_2x0_par3: 0.0021165313659277634 +/- 0.005890765846526921
