CMS_EXO26004_Background_rpf_2x0_par0: 0.10770209236282229 +/- 0.01472689177265974
CMS_EXO26004_Background_rpf_2x0_par1: 0.6438844073080808 +/- 0.15002283268095737
CMS_EXO26004_Background_rpf_2x0_par2: -0.22918389892436383 +/- 0.21966249034444352
CMS_EXO26004_Background_rpf_2x0_par3: 0.0011266479803688002 +/- 0.0
