CMS_AN23122_Background_rpf_2x0_par0: 0.09854872236573978 +/- 0.34745530029969635
CMS_AN23122_Background_rpf_2x0_par1: 0.5763216357378088 +/- 2.9795041447863335
CMS_AN23122_Background_rpf_2x0_par3: 0.012074763533659107 +/- 0.04318419641974726
