CMS_EXO26004_Background_rpf_2x0_par0: 0.0008945827896432836 +/- 0.00029467545052869204
CMS_EXO26004_Background_rpf_2x0_par1: 1.1576716622547882e-09 +/- 0.018750345240004206
CMS_EXO26004_Background_rpf_2x0_par2: 0.15533438296802912 +/- 0.1557223641077938
