CMS_AN23122_Background_rpf_2x0_par0: 0.06722309851705945 +/- 0.01865084058967614
CMS_AN23122_Background_rpf_2x0_par1: 0.5913913003435467 +/- 1.5968142880710343
CMS_AN23122_Background_rpf_2x0_par3: 0.06845173105115714 +/- 0.0
