Background_rpf_expo_par0: -0.999999999999992 +/- 0.6784341823586213
Background_rpf_expo_par1: -4.314770272323688 +/- 0.014176502099905341
