Background_rpf_expo_par0: -0.9999999999852238 +/- 0.0
Background_rpf_expo_par1: -4.317125145308255 +/- 0.011192598986603805
