CMS_EXO26004_Background_rpf_2x0_par0: 0.023559152665241535 +/- 0.003957076555292493
CMS_EXO26004_Background_rpf_2x0_par1: 0.504006964863132 +/- 0.0
CMS_EXO26004_Background_rpf_2x0_par2: -2.0346312528155778e-07 +/- 0.0
CMS_EXO26004_Background_rpf_2x0_par3: 0.03014275515496734 +/- 0.0
