CMS_AN23122_Background_rpf_1x0_par0: 0.0008029772111304756 +/- 8.716747077026941e-05
CMS_AN23122_Background_rpf_1x0_par1: 0.002158260531635539 +/- 0.000407588951631328
