CMS_AN23122_Background_rpf_1x0_par0: 0.0007976117462602679 +/- 8.682101632332748e-05
CMS_AN23122_Background_rpf_1x0_par1: 0.002213212929903746 +/- 0.00040630900585919176
