CMS_AN23122_Background_rpf_1x0_par0: 0.0008009913915801555 +/- 8.704801192774064e-05
CMS_AN23122_Background_rpf_1x0_par1: 0.0021942611936539313 +/- 0.0004067723455628414
