CMS_AN23122_Background_rpf_1x0_par0: 0.0008029895195067516 +/- 8.716920157821836e-05
CMS_AN23122_Background_rpf_1x0_par1: 0.0021591195777267646 +/- 0.0004075542748769477
