CMS_AN23122_Background_rpf_1x0_par0: 0.0007994378866758337 +/- 8.692820428599916e-05
CMS_AN23122_Background_rpf_1x0_par1: 0.0021782790124320783 +/- 0.0004070642013631578
