CMS_EXO26004_Background_rpf_2x0_par0: 0.0007844012631490134 +/- 0.00016408646423538025
CMS_EXO26004_Background_rpf_2x0_par1: 0.009796378794091194 +/- 0.0076683273509806
