CMS_EXO26004_Background_rpf_2x0_par0: 0.10375406986438407 +/- 0.2643483361419033
CMS_EXO26004_Background_rpf_2x0_par1: 0.6187653097381586 +/- 1.6378445250649258
CMS_EXO26004_Background_rpf_2x0_par2: -0.2233177399162856 +/- 0.6705807698003076
CMS_EXO26004_Background_rpf_2x0_par3: 0.001170142049728962 +/- 0.003009549766305937
