CMS_EXO26004_Background_rpf_2x0_par0: 0.000852658883191852 +/- 0.000271224786292247
CMS_EXO26004_Background_rpf_2x0_par1: 1.0346429558916702e-08 +/- 0.02062044520171896
