Background_rpf_2x0_par0: 0.2937895453954761 +/- 0.5774094625492832
Background_rpf_2x0_par1: 11.684783863522497 +/- 23.08694288790234
Background_rpf_2x0_par2: -40.870835479576826 +/- 85.08936212221042
Background_rpf_2x0_par3: 0.2957139395818825 +/- 0.5815519291405595
