CMS_EXO26004_Background_rpf_2x0_par0: 0.0009481855039896877 +/- 0.0001960895651499626
CMS_EXO26004_Background_rpf_2x0_par1: 0.00030019242734404244 +/- 0.007289976267664085
CMS_EXO26004_Background_rpf_2x0_par2: 0.04271576310735545 +/- 0.0
