CMS_EXO26004_Background_rpf_2x0_par0: 0.04316883802502913 +/- 0.0008507947989772102
CMS_EXO26004_Background_rpf_2x0_par1: 0.7474025556021314 +/- 0.03508610329852859
CMS_EXO26004_Background_rpf_2x0_par2: -0.6781955029798299 +/- 0.15673048655233474
CMS_EXO26004_Background_rpf_2x0_par3: 1.97273142405274 +/- 0.0
