CMS_EXO26004_Background_rpf_2x0_par0: 0.0007332876392950063 +/- 0.00020040765619047608
CMS_EXO26004_Background_rpf_2x0_par1: 0.01107567486643986 +/- 0.015340783673480768
