CMS_EXO26004_Background_rpf_2x0_par0: 0.0006990229475371525 +/- 0.00015341603210063757
CMS_EXO26004_Background_rpf_2x0_par1: 0.014560259229910123 +/- 0.011683217423952664
CMS_EXO26004_Background_rpf_2x0_par2: -1.6900509265505177e-05 +/- 5.562852269099449
