CMS_AN23122_Background_rpf_2x0_par0: 0.07824225693717915 +/- 0.2954960313770248
CMS_AN23122_Background_rpf_2x0_par1: 0.5557591680322742 +/- 2.815475500474525
CMS_AN23122_Background_rpf_2x0_par3: 0.015196750862014276 +/- 0.058181134172431176
