CMS_AN23122_Background_rpf_2x0_par0: 0.10142937749201775 +/- 0.038702568449055376
CMS_AN23122_Background_rpf_2x0_par1: 0.5017987922501751 +/- 3.5136789832450184
CMS_AN23122_Background_rpf_2x0_par2: -4.557762381736396e-05 +/- 32.14150893873348
CMS_AN23122_Background_rpf_2x0_par3: 0.007832370743795716 +/- 0.0
