CMS_AN23122_Background_rpf_2x0_par0: 0.1857816304919091 +/- 0.7360251825772998
CMS_AN23122_Background_rpf_2x0_par1: 0.9559494661392203 +/- 3.3157239093346966
CMS_AN23122_Background_rpf_2x0_par3: 0.01694437220093028 +/- 0.06566551946011757
