CMS_EXO26004_Background_rpf_2x0_par0: 0.9999364122827125 +/- 0.513360650401745
CMS_EXO26004_Background_rpf_2x0_par3: 0.0008660775484087562 +/- 0.00045354193588571605
