CMS_EXO26004_Background_rpf_2x0_par0: 0.08380774566119073 +/- 0.012600003079325586
CMS_EXO26004_Background_rpf_2x0_par1: 0.500073501654094 +/- 0.1357825028770711
CMS_EXO26004_Background_rpf_2x0_par2: -0.18006483208125174 +/- 0.19481057060533585
CMS_EXO26004_Background_rpf_2x0_par3: 0.0014490078893160908 +/- 0.0
