CMS_AN23122_Background_rpf_2x0_par0: 0.498468638232903 +/- 2.402602129855738
CMS_AN23122_Background_rpf_2x0_par3: 0.006336852002523692 +/- 0.0298187754778137
