CMS_EXO26004_Background_rpf_2x0_par0: 0.08173173098844908 +/- 0.024571731859331675
CMS_EXO26004_Background_rpf_2x0_par1: 0.9999997096035428 +/- 0.0
CMS_EXO26004_Background_rpf_2x0_par2: -9.694561095307565e-07 +/- 2.079418777373074
CMS_EXO26004_Background_rpf_2x0_par3: 1.9999999999999998 +/- 0.4669878161748872
