CMS_EXO26004_Background_rpf_2x0_par0: 0.07290824815641367 +/- 0.01716297627700313
CMS_EXO26004_Background_rpf_2x0_par1: 0.7326150398019736 +/- 1.3744465545048954
CMS_EXO26004_Background_rpf_2x0_par2: -2.0770819752106724e-05 +/- 17.64218150505952
CMS_EXO26004_Background_rpf_2x0_par3: 0.010883083041974844 +/- 0.0
