CMS_EXO26004_Background_rpf_2x0_par0: 0.000699495942142331 +/- 0.00015276121788244308
CMS_EXO26004_Background_rpf_2x0_par1: 0.014505107098991025 +/- 0.01161549931438067
CMS_EXO26004_Background_rpf_2x0_par2: -0.00014122262385773374 +/- 5.548563010096261
