CMS_EXO26004_Background_rpf_2x0_par0: 0.00092306111190478 +/- 0.00021140934378051468
CMS_EXO26004_Background_rpf_2x0_par1: 5.5597909517359975e-08 +/- 0.010300604811097373
