CMS_EXO26004_Background_rpf_2x0_par0: 0.44702336501451684 +/- 6.383348366516374
CMS_EXO26004_Background_rpf_2x0_par3: 0.002056137975268721 +/- 0.02905482778040438
