CMS_AN23122_Background_rpf_1x0_par0: 0.0007790760262765305 +/- 0.00013809531980159566
CMS_AN23122_Background_rpf_1x0_par1: 0.0049513888179847886 +/- 0.010009396977137644
