CMS_EXO26004_Background_rpf_2x0_par0: 0.0009254945696086209 +/- 0.00018135588201281864
CMS_EXO26004_Background_rpf_2x0_par1: 0.0027983044491430645 +/- 0.006182816399814852
CMS_EXO26004_Background_rpf_2x0_par2: 0.026738345993762055 +/- 0.0
