CMS_EXO26004_Background_rpf_2x0_par0: 0.08177327499620221 +/- 0.017555472782107794
CMS_EXO26004_Background_rpf_2x0_par1: 0.5108668646760112 +/- 0.6232764017465603
CMS_EXO26004_Background_rpf_2x0_par3: 0.010948448153018792 +/- 0.0
