CMS_EXO26004_Background_rpf_2x0_par0: 0.09168743047284032 +/- 0.03610374126074793
CMS_EXO26004_Background_rpf_2x0_par1: 0.51226798018909 +/- 2.4720615342373087
CMS_EXO26004_Background_rpf_2x0_par2: -0.0969645516846562 +/- 28.060015781399407
CMS_EXO26004_Background_rpf_2x0_par3: 0.009842871538021714 +/- 0.0
