CMS_AN23122_Background_rpf_2x0_par0: 0.07431514651932096 +/- 0.019771308179815556
CMS_AN23122_Background_rpf_2x0_par1: 0.5088924075856027 +/- 0.6695133986953056
CMS_AN23122_Background_rpf_2x0_par2: -0.00028943636509148147 +/- 0.0
CMS_AN23122_Background_rpf_2x0_par3: 0.04179616382756496 +/- 0.0
