CMS_AN23122_Background_rpf_2x0_par0: 0.05308581841992623 +/- 0.01905015293865505
CMS_AN23122_Background_rpf_2x0_par1: 0.5013353035197191 +/- 1.660977598527742
CMS_AN23122_Background_rpf_2x0_par2: -5.428940962345485e-05 +/- 19.676004588209928
CMS_AN23122_Background_rpf_2x0_par3: 0.014524027717327822 +/- 0.0
