CMS_EXO26004_Background_rpf_2x0_par0: 0.04525800157940546 +/- 0.0008978712675072592
CMS_EXO26004_Background_rpf_2x0_par1: 0.7835035003798435 +/- 0.03735707352045556
CMS_EXO26004_Background_rpf_2x0_par2: -0.7108702633423734 +/- 0.16543047491579424
CMS_EXO26004_Background_rpf_2x0_par3: 1.8816089625114902 +/- 0.0
