CMS_AN23122_Background_rpf_1x0_par0: 0.06581844369725828 +/- 0.0007292451364279907
CMS_AN23122_Background_rpf_1x0_par1: -5.927576468161272 +/- 0.0
