CMS_AN23122_Background_rpf_1x0_par0: -2.7197171808978644 +/- 0.0
CMS_AN23122_Background_rpf_1x0_par1: -58.35640436618945 +/- 0.0
