CMS_AN23122_Background_rpf_1x0_par0: 0.017550879232667516 +/- 0.0
CMS_AN23122_Background_rpf_1x0_par1: -17.674992353473954 +/- 8.75272087244893
