CMS_AN23122_Background_rpf_1x0_par0: -0.9363847552384061 +/- 0.0
CMS_AN23122_Background_rpf_1x0_par1: -287.27754213194424 +/- 0.0
