CMS_AN23122_Background_rpf_1x0_par0: 0.017550879229619176 +/- 0.0
CMS_AN23122_Background_rpf_1x0_par1: -17.67499238731786 +/- 8.742827931713283
