CMS_AN23122_Background_rpf_1x0_par0: 0.008889637870817422 +/- 0.0
CMS_AN23122_Background_rpf_1x0_par1: -32.43197382034098 +/- 0.0
