CMS_AN23122_Background_rpf_1x0_par0: -5.6097387782123995 +/- 0.0
CMS_AN23122_Background_rpf_1x0_par1: -999.3885434589333 +/- 0.0
