CMS_AN23122_Background_rpf_1x0_par0: 0.021364970364625757 +/- 0.0
CMS_AN23122_Background_rpf_1x0_par1: -1.583847782933605 +/- 0.6277466861419981
