CMS_EXO26004_Background_rpf_2x0_par0: 0.0802905011067743 +/- 0.017768835838336237
CMS_EXO26004_Background_rpf_2x0_par1: 0.5161267727884854 +/- 1.2955923661312485
CMS_EXO26004_Background_rpf_2x0_par2: -1.9316023983006895e-05 +/- 0.0
CMS_EXO26004_Background_rpf_2x0_par3: 0.010130838707908778 +/- 0.0
