CMS_EXO26004_Background_rpf_2x0_par0: 0.0008957515607401585 +/- 0.00030495709564004267
CMS_EXO26004_Background_rpf_2x0_par1: 1.2629057425750465e-08 +/- 0.019451049572082362
CMS_EXO26004_Background_rpf_2x0_par2: 0.14583595541809385 +/- 0.1853104467507309
