CMS_EXO26004_Background_rpf_2x0_par0: 0.08344449018619551 +/- 0.012574163611838678
CMS_EXO26004_Background_rpf_2x0_par1: 0.5000117130186298 +/- 0.13555662840757385
CMS_EXO26004_Background_rpf_2x0_par2: -0.1808338206346899 +/- 0.1943874978399071
CMS_EXO26004_Background_rpf_2x0_par3: 0.001453048760253449 +/- 0.0
