CMS_EXO26004_Background_rpf_2x0_par0: 0.000891869840648145 +/- 0.00018042616221863696
CMS_EXO26004_Background_rpf_2x0_par1: 0.0045964095454050675 +/- 0.006443669328964682
