CMS_AN23122_Background_rpf_2x0_par0: 0.06953932153851478 +/- 0.1865403474292454
CMS_AN23122_Background_rpf_2x0_par1: 10.104924271073681 +/- 0.0
CMS_AN23122_Background_rpf_2x0_par2: -802.2363015938895 +/- 2551.753806630425
CMS_AN23122_Background_rpf_2x0_par3: 0.06766966327393992 +/- 0.16360254135399577
