CMS_AN23122_Background_rpf_2x0_par0: 0.06995684643896766 +/- 0.4205450462165396
CMS_AN23122_Background_rpf_2x0_par1: 10.110325100164854 +/- 0.0
CMS_AN23122_Background_rpf_2x0_par2: -798.9033116699677 +/- 0.0
CMS_AN23122_Background_rpf_2x0_par3: 0.06728277055567278 +/- 0.37387995715317596
