CMS_AN23122_Background_rpf_2x0_par0: 0.6581409022195291 +/- 0.12724274017812437
CMS_AN23122_Background_rpf_2x0_par1: 50.000000380227284 +/- 65.5628581865622
CMS_AN23122_Background_rpf_2x0_par3: 0.007500002320419205 +/- 0.0
