CMS_AN23122_Background_rpf_2x0_par0: 0.6542666241027576 +/- 0.11533775517945939
CMS_AN23122_Background_rpf_2x0_par1: 50.0000002543887 +/- 0.0
CMS_AN23122_Background_rpf_2x0_par3: 0.007544151076889004 +/- 0.0
