CMS_AN23122_Background_rpf_2x0_par0: 8.806423117945775 +/- 1.7117639608034547
CMS_AN23122_Background_rpf_2x0_par1: 50.00000000712705 +/- 60.54066637048253
CMS_AN23122_Background_rpf_2x0_par3: 0.0005574407626056623 +/- 0.0
