CMS_AN23122_Background_rpf_2x0_par0: 0.06574694364961514 +/- 0.12436304138583384
CMS_AN23122_Background_rpf_2x0_par1: 0.6605473263202372 +/- 0.0
CMS_AN23122_Background_rpf_2x0_par2: -3.6251162088106805 +/- 7.0262317093791085
CMS_AN23122_Background_rpf_2x0_par3: 0.07149557914237759 +/- 0.12015490120704121
