CMS_AN23122_Background_rpf_2x0_par0: 0.07017844871709134 +/- 0.011925412656504446
CMS_AN23122_Background_rpf_2x0_par1: 10.230944741841864 +/- 0.0
CMS_AN23122_Background_rpf_2x0_par2: -813.2596152195358 +/- 0.0
CMS_AN23122_Background_rpf_2x0_par3: 0.06700172188691617 +/- 0.0
