CMS_AN23122_Background_rpf_2x0_par0: 0.06953932115151212 +/- 0.1865474088636171
CMS_AN23122_Background_rpf_2x0_par1: 10.104934998178939 +/- 0.0
CMS_AN23122_Background_rpf_2x0_par2: -802.2377692325795 +/- 2551.8497313306375
CMS_AN23122_Background_rpf_2x0_par3: 0.0676696590107993 +/- 0.1636087833237567
