CMS_AN23122_Background_rpf_2x0_par0: 8.62168220559656 +/- 21.145682146975677
CMS_AN23122_Background_rpf_2x0_par1: 50.201950975281356 +/- 0.0
CMS_AN23122_Background_rpf_2x0_par3: 0.0005692745440853898 +/- 0.0013563990052501316
