CMS_AN23122_Background_rpf_2x0_par0: 0.06592799061230609 +/- 0.11463048220198703
CMS_AN23122_Background_rpf_2x0_par1: 0.6615312463543647 +/- 0.0
CMS_AN23122_Background_rpf_2x0_par2: -3.7362140217303206 +/- 7.362686184133908
CMS_AN23122_Background_rpf_2x0_par3: 0.07125064067414161 +/- 0.109990885973431
