CMS_EXO26004_Background_rpf_2x0_par0: 0.05278077952946909 +/- 0.009758874139722925
CMS_EXO26004_Background_rpf_2x0_par1: 0.5186487029389212 +/- 0.3738712257277623
CMS_EXO26004_Background_rpf_2x0_par2: -1.1956071852431156e-05 +/- 0.0
CMS_EXO26004_Background_rpf_2x0_par3: 0.015061039357692317 +/- 0.0
