CMS_AN23122_Background_rpf_2x0_par0: 0.1591825926885306 +/- 0.0426973218898902
CMS_AN23122_Background_rpf_2x0_par1: 0.5017336516634375 +/- 1.6319569141121957
CMS_AN23122_Background_rpf_2x0_par3: 0.019998531473576067 +/- 0.0
