CMS_EXO26004_Background_rpf_2x0_par0: 0.000518431704174012 +/- 0.0007112590564272461
CMS_EXO26004_Background_rpf_2x0_par1: 0.017785532309502427 +/- 0.022176115161324998
CMS_EXO26004_Background_rpf_2x0_par2: -0.0014766554830811039 +/- 6.670519228480198
