CMS_EXO26004_Background_rpf_2x0_par0: 0.9997162227098033 +/- 0.5456514399669565
CMS_EXO26004_Background_rpf_2x0_par3: 0.0008065718368939906 +/- 0.0004542711380427938
