CMS_AN23122_Background_rpf_2x0_par0: 0.06834394342905573 +/- 0.5144874870285189
CMS_AN23122_Background_rpf_2x0_par1: 0.5187660235624059 +/- 5.197005206931437
CMS_AN23122_Background_rpf_2x0_par3: 0.017365897796377015 +/- 0.13327659420308513
