CMS_AN23122_Background_rpf_2x0_par0: 12.42416197882366 +/- 2.2309746361495164
CMS_AN23122_Background_rpf_2x0_par1: 50.14655843839499 +/- 85.11795965361127
CMS_AN23122_Background_rpf_2x0_par3: 0.00011808777075884932 +/- 0.0
