CMS_AN23122_Background_rpf_2x0_par0: 8.72376680188818 +/- 19.12354717985846
CMS_AN23122_Background_rpf_2x0_par1: 50.000042746618576 +/- 0.0
CMS_AN23122_Background_rpf_2x0_par3: 0.00016457023674017228 +/- 0.0003386168189805061
