CMS_EXO26004_Background_rpf_2x0_par0: 0.49067371471280574 +/- 0.0
CMS_EXO26004_Background_rpf_2x0_par3: 0.0018746621720828443 +/- 0.00019359673017636087
