CMS_EXO26004_Background_rpf_2x0_par0: 0.0007043841207272466 +/- 0.00015587786679971839
CMS_EXO26004_Background_rpf_2x0_par1: 0.015643674445670892 +/- 0.007418218791334794
CMS_EXO26004_Background_rpf_2x0_par2: -1.6898415559066975e-07 +/- 2.641829116873593
