CMS_AN23122_Background_rpf_2x0_par0: 0.502242815108432 +/- 1.3480181939594365
CMS_AN23122_Background_rpf_2x0_par3: 0.006219802824020998 +/- 0.016535694379363964
