CMS_EXO26004_Background_rpf_2x0_par0: 0.9234771573868462 +/- 3.6140095098579756
CMS_EXO26004_Background_rpf_2x0_par3: 0.0010010843511884773 +/- 0.0039154172292672085
