CMS_AN23122_Background_rpf_1x0_par0: 0.0011897772266771904 +/- 0.00021612249112295032
CMS_AN23122_Background_rpf_1x0_par1: 0.008569875544424886 +/- 0.016824943633971204
