CMS_EXO26004_Background_rpf_2x0_par0: 0.49755299084672777 +/- 0.0
CMS_EXO26004_Background_rpf_2x0_par3: 0.001849642652658328 +/- 0.00019112861772797434
