CMS_AN23122_Background_rpf_1x0_par0: 0.0032546548162591675 +/- 0.015503537746955983
CMS_AN23122_Background_rpf_1x0_par1: -0.009406387313491247 +/- 3.111275604681377
