CMS_AN23122_Background_rpf_1x0_par0: 0.002969333722528283 +/- 0.0007866596860564424
CMS_AN23122_Background_rpf_1x0_par1: 0.052675879692956756 +/- 0.04973995691841746
