CMS_AN23122_Background_rpf_1x0_par0: 0.003196272430279258 +/- 0.0008631616659865392
CMS_AN23122_Background_rpf_1x0_par1: -0.00757457955355583 +/- 0.07295896939455933
