CMS_AN23122_Background_rpf_1x0_par0: 0.0029231673147937717 +/- 0.0007939793347153725
CMS_AN23122_Background_rpf_1x0_par1: 0.05809071220692435 +/- 0.05207746226577954
