CMS_EXO26004_Background_rpf_2x0_par0: 0.0007061924943760748 +/- 0.00015686423542510817
CMS_EXO26004_Background_rpf_2x0_par1: 0.01381613033667716 +/- 0.01206092581091284
CMS_EXO26004_Background_rpf_2x0_par2: -0.00029467792804748616 +/- 5.954606534017517
