CMS_AN23122_Background_rpf_2x0_par0: 0.06290683226349382 +/- 0.01596461397571605
CMS_AN23122_Background_rpf_2x0_par1: 0.5991305087220856 +/- 1.320056494299708
CMS_AN23122_Background_rpf_2x0_par3: 0.07918221188666777 +/- 0.0
