CMS_AN23122_Background_rpf_2x0_par0: 0.08569473455635598 +/- 0.016425959897926574
CMS_AN23122_Background_rpf_2x0_par1: 0.5531512658664153 +/- 1.3538683465290517
CMS_AN23122_Background_rpf_2x0_par3: 0.013914497293255428 +/- 0.0
