CMS_AN23122_Background_rpf_2x0_par0: 0.06726980584142454 +/- 0.01401410139511293
CMS_AN23122_Background_rpf_2x0_par1: 0.5589626768087536 +/- 0.0
CMS_AN23122_Background_rpf_2x0_par3: 0.06844748404500192 +/- 0.0
