CMS_EXO26004_Background_rpf_2x0_par0: 0.05255740400719768 +/- 0.00979911655841615
CMS_EXO26004_Background_rpf_2x0_par1: 0.5309722757730491 +/- 0.4213349230421721
CMS_EXO26004_Background_rpf_2x0_par2: -9.777287703179082e-06 +/- 0.0
CMS_EXO26004_Background_rpf_2x0_par3: 0.015104014249684147 +/- 0.0
