CMS_AN23122_Background_rpf_2x0_par0: 0.9800793627381627 +/- 0.6099001128377521
CMS_AN23122_Background_rpf_2x0_par3: 0.003338300818669666 +/- 0.002145476222606862
