CMS_AN23122_Background_rpf_2x0_par0: 0.8598448830360932 +/- 2.6073850102996126
CMS_AN23122_Background_rpf_2x0_par3: 0.0037983868347292345 +/- 0.011441889404991565
