CMS_EXO26004_Background_rpf_2x0_par0: 0.5367833735218339 +/- 1.2751552185291257
CMS_EXO26004_Background_rpf_2x0_par3: 0.0017159341127999878 +/- 0.004036792843028861
