CMS_AN23122_Background_rpf_2x0_par0: 0.16392017460748307 +/- 0.4523819199097509
CMS_AN23122_Background_rpf_2x0_par1: 0.9365159079879098 +/- 2.383907044889147
CMS_AN23122_Background_rpf_2x0_par3: 0.01910410721324124 +/- 0.051352327462115405
