CMS_EXO26004_Background_rpf_2x0_par0: 0.5512573672537668 +/- 2.469087746259467
CMS_EXO26004_Background_rpf_2x0_par3: 0.0016706138842102858 +/- 0.007417849471293241
