CMS_AN23122_Background_rpf_2x0_par0: 0.5108884433559567 +/- 1.518572637410991
CMS_AN23122_Background_rpf_2x0_par3: 0.006080604537556132 +/- 0.017787274339604083
