CMS_EXO26004_Background_rpf_2x0_par0: 0.021767231096508285 +/- 0.005522474607233866
CMS_EXO26004_Background_rpf_2x0_par1: 0.5054731870425747 +/- 0.18167865961525892
CMS_EXO26004_Background_rpf_2x0_par2: -2.168404344971009e-19 +/- 0.0
CMS_EXO26004_Background_rpf_2x0_par3: 0.032059337368885554 +/- 0.0
