CMS_EXO26004_Background_rpf_2x0_par0: 0.8479451864713273 +/- 10.155734558211213
CMS_EXO26004_Background_rpf_2x0_par3: 0.0010895629674394051 +/- 0.01296898439602367
