CMS_AN23122_Background_rpf_2x0_par0: 10.608741971152739 +/- 2.078912383306331
CMS_AN23122_Background_rpf_2x0_par1: 50.000037021191346 +/- 60.841794117782136
CMS_AN23122_Background_rpf_2x0_par3: 0.0004610566006068089 +/- 0.0
