CMS_AN23122_Background_rpf_2x0_par0: 3.1190116553567138 +/- 0.058514022688281125
CMS_AN23122_Background_rpf_2x0_par1: 50.00443599569957 +/- 1.8959786419113633
CMS_AN23122_Background_rpf_2x0_par2: -46.67381419731402 +/- 3.575759378728408
CMS_AN23122_Background_rpf_2x0_par3: 0.023739293523381732 +/- 0.0
