CMS_AN23122_Background_rpf_2x0_par0: 3.1183221431004546 +/- 0.05758919161813249
CMS_AN23122_Background_rpf_2x0_par1: 50.001642582703454 +/- 1.8492053506005859
CMS_AN23122_Background_rpf_2x0_par2: -46.67885662435414 +/- 3.4421752771548215
CMS_AN23122_Background_rpf_2x0_par3: 0.02374271880505493 +/- 0.0
