CMS_AN23122_Background_rpf_2x0_par0: 3.554595365818288 +/- 0.07222484076546877
CMS_AN23122_Background_rpf_2x0_par1: 50.00078086035799 +/- 2.047246768577431
CMS_AN23122_Background_rpf_2x0_par2: -47.569714054414696 +/- 3.6004632123996885
CMS_AN23122_Background_rpf_2x0_par3: 0.023696306994834715 +/- 0.0
