CMS_AN23122_Background_rpf_2x0_par0: 3.554494702017972 +/- 0.07390052556965349
CMS_AN23122_Background_rpf_2x0_par1: 50.000987259827184 +/- 2.1488547891948024
CMS_AN23122_Background_rpf_2x0_par2: -47.56556988920306 +/- 3.681332716076823
CMS_AN23122_Background_rpf_2x0_par3: 0.023696723986632348 +/- 0.0
