CMS_AN23122_Background_rpf_2x0_par0: 3.1573206883185234 +/- 0.06441359364924228
CMS_AN23122_Background_rpf_2x0_par1: 50.00486308676559 +/- 1.9948296757915602
CMS_AN23122_Background_rpf_2x0_par2: -47.77601485836183 +/- 3.4754701625506836
CMS_AN23122_Background_rpf_2x0_par3: 0.02455726690263769 +/- 0.0
