CMS_AN23122_Background_rpf_2x0_par0: 4.3308503022090505 +/- 0.09653749840625082
CMS_AN23122_Background_rpf_2x0_par1: 50.17678251278264 +/- 2.412375485454298
CMS_AN23122_Background_rpf_2x0_par2: -47.41615037928391 +/- 4.118358487851194
CMS_AN23122_Background_rpf_2x0_par3: 0.02219423919909183 +/- 0.0
