CMS_AN23122_Background_rpf_2x0_par0: 4.329186379174843 +/- 0.09888918636817445
CMS_AN23122_Background_rpf_2x0_par1: 50.153441929746734 +/- 2.5482862109747138
CMS_AN23122_Background_rpf_2x0_par2: -47.39097563766278 +/- 4.168414797245841
CMS_AN23122_Background_rpf_2x0_par3: 0.02220300324576189 +/- 0.0
