CMS_AN23122_Background_rpf_2x0_par0: 3.1571273447381083 +/- 0.06275389301706638
CMS_AN23122_Background_rpf_2x0_par1: 50.004500098727384 +/- 1.8953636473870508
CMS_AN23122_Background_rpf_2x0_par2: -47.77703332055481 +/- 3.3627908791462304
CMS_AN23122_Background_rpf_2x0_par3: 0.02455824927547954 +/- 0.0
