CMS_EXO26004_Background_rpf_2x0_par0: 0.08880786983778227 +/- 0.06035398162842524
CMS_EXO26004_Background_rpf_2x0_par1: 0.5100209638062106 +/- 3.9036124291134513
CMS_EXO26004_Background_rpf_2x0_par3: 0.01011045705550488 +/- 0.0
