CMS_EXO26004_Background_rpf_2x0_par0: 0.1031399116988028 +/- 0.02185057119100686
CMS_EXO26004_Background_rpf_2x0_par1: 0.5224376959268343 +/- 0.803381821088445
CMS_EXO26004_Background_rpf_2x0_par3: 0.008736495215576505 +/- 0.0
