CMS_AN23122_Background_rpf_2x0_par0: 0.06313548899006506 +/- 0.023371308110638922
CMS_AN23122_Background_rpf_2x0_par1: 0.5264360890809853 +/- 2.0393801161165204
CMS_AN23122_Background_rpf_2x0_par2: -7.184246866550129e-08 +/- 23.86137259530389
CMS_AN23122_Background_rpf_2x0_par3: 0.012295156624958125 +/- 0.0
