CMS_EXO26004_Background_rpf_2x0_par0: 0.11413105240408 +/- 0.5606485096684874
CMS_EXO26004_Background_rpf_2x0_par1: 0.5111745555321653 +/- 2.7499131603071425
CMS_EXO26004_Background_rpf_2x0_par3: 0.007946386995371051 +/- 0.039590468019300995
