CMS_EXO26004_Background_rpf_2x0_par0: 0.0007073022021325307 +/- 0.00015485078216780096
CMS_EXO26004_Background_rpf_2x0_par1: 0.013803462133593628 +/- 0.011819504952189126
CMS_EXO26004_Background_rpf_2x0_par2: -0.0005747612658601878 +/- 5.90932214184284
