CMS_EXO26004_Background_rpf_2x0_par0: 0.0007081056344399343 +/- 0.00017302504798720402
CMS_EXO26004_Background_rpf_2x0_par1: 0.015392652990452213 +/- 0.00845447907147744
CMS_EXO26004_Background_rpf_2x0_par2: -1.3660947373317356e-17 +/- 3.3777607132250282
