CMS_AN23122_Background_rpf_2x0_par0: 0.07512916528084046 +/- 0.014372970754620316
CMS_AN23122_Background_rpf_2x0_par1: 0.5508445399960004 +/- 1.1564890945054374
CMS_AN23122_Background_rpf_2x0_par3: 0.015824105673425903 +/- 0.0
