CMS_AN23122_Background_rpf_2x0_par0: 0.2035929383444732 +/- 0.5104619433113635
CMS_AN23122_Background_rpf_2x0_par3: 0.015638299431103522 +/- 0.0369947124123296
