CMS_EXO26004_Background_rpf_2x0_par0: 0.04956120176364163 +/- 0.009189983057702088
CMS_EXO26004_Background_rpf_2x0_par1: 0.5008387604409809 +/- 0.35040752768513567
CMS_EXO26004_Background_rpf_2x0_par2: -1.6332560519239292e-06 +/- 0.0
CMS_EXO26004_Background_rpf_2x0_par3: 0.01603894119118439 +/- 0.0
