CMS_EXO26004_Background_rpf_2x0_par0: 0.9999901380140894 +/- 0.5270796253465875
CMS_EXO26004_Background_rpf_2x0_par3: 0.0008604390770384749 +/- 0.0004635061203173244
