CMS_AN23122_Background_rpf_2x0_par0: 0.07282691017513812 +/- 0.019392043332530386
CMS_AN23122_Background_rpf_2x0_par1: 0.5032953785292883 +/- 0.6564262662901206
CMS_AN23122_Background_rpf_2x0_par2: -2.7766594550655485e-07 +/- 0.0
CMS_AN23122_Background_rpf_2x0_par3: 0.04262665945522146 +/- 0.0
