CMS_AN23122_Background_rpf_2x0_par0: 0.05985094757571653 +/- 0.015162440488464803
CMS_AN23122_Background_rpf_2x0_par1: 0.6343357043646263 +/- 1.2471553843198147
CMS_AN23122_Background_rpf_2x0_par3: 0.08325994369531707 +/- 0.0
