CMS_AN23122_Background_rpf_2x0_par0: 0.08382677986397748 +/- 0.4936466062662889
CMS_AN23122_Background_rpf_2x0_par1: 0.5617426020212778 +/- 4.25799153329925
CMS_AN23122_Background_rpf_2x0_par3: 0.014191681991884036 +/- 0.08488086243925473
