CMS_AN23122_Background_rpf_2x0_par0: 3.673143940750349 +/- 0.25985190252779905
CMS_AN23122_Background_rpf_2x0_par1: 50.02313536692872 +/- 11.16964420427464
CMS_AN23122_Background_rpf_2x0_par2: -49.98973520964453 +/- 0.0
CMS_AN23122_Background_rpf_2x0_par3: 0.013672540396424047 +/- 0.0
