CMS_EXO26004_Background_rpf_2x0_par0: 0.0007038687817027289 +/- 0.00015444688709574263
CMS_EXO26004_Background_rpf_2x0_par1: 0.013920796549010225 +/- 0.0119249102348334
CMS_EXO26004_Background_rpf_2x0_par2: -1.232027087370315e-06 +/- 5.875974415516692
