CMS_EXO26004_Background_rpf_2x0_par0: 0.08172797795285874 +/- 0.0241048752249875
CMS_EXO26004_Background_rpf_2x0_par1: 0.9999999783139749 +/- 0.0
CMS_EXO26004_Background_rpf_2x0_par2: -2.4443833613685753e-07 +/- 1.7676822558179837
CMS_EXO26004_Background_rpf_2x0_par3: 2.0 +/- 0.46027489058546844
