CMS_EXO26004_Background_rpf_2x0_par0: 0.0007047200734613098 +/- 0.00015364863186623204
CMS_EXO26004_Background_rpf_2x0_par1: 0.013820284831293885 +/- 0.011842339655968717
CMS_EXO26004_Background_rpf_2x0_par2: -0.0004793887035676386 +/- 5.926696141292731
