CMS_AN23122_Background_rpf_2x0_par0: 19.146077683275493 +/- 13.707521195821988
CMS_AN23122_Background_rpf_2x0_par1: 50.00001921275718 +/- 946.8027365246576
CMS_AN23122_Background_rpf_2x0_par3: 5.864563958596224e-05 +/- 0.0
