CMS_AN23122_Background_rpf_2x0_par0: 6.050050830285744 +/- 0.7468230251954452
CMS_AN23122_Background_rpf_2x0_par1: 50.00002567632897 +/- 0.0
CMS_AN23122_Background_rpf_2x0_par3: 0.0002087675404527042 +/- 0.0
