CMS_EXO26004_Background_rpf_2x0_par0: 0.08956872970688977 +/- 0.018934056581089345
CMS_EXO26004_Background_rpf_2x0_par1: 0.5129836827552609 +/- 0.6551700326930052
CMS_EXO26004_Background_rpf_2x0_par3: 0.01005877362625147 +/- 0.0
