CMS_EXO26004_Background_rpf_2x0_par0: 0.2911066623806287 +/- 1.069104516864324
CMS_EXO26004_Background_rpf_2x0_par1: 0.5044609773616918 +/- 3.6435395630626224
CMS_EXO26004_Background_rpf_2x0_par3: 0.0031861711442436494 +/- 0.011830577663658663
