CMS_AN23122_Background_rpf_2x0_par0: 0.0747426317440452 +/- 0.019846811911048978
CMS_AN23122_Background_rpf_2x0_par1: 0.5064471838367629 +/- 0.6708244384793652
CMS_AN23122_Background_rpf_2x0_par2: -1.7811053300201014e-05 +/- 0.0
CMS_AN23122_Background_rpf_2x0_par3: 0.04162790003554734 +/- 0.0
