CMS_EXO26004_Background_rpf_2x0_par0: 0.08357098531899175 +/- 0.012579490713569496
CMS_EXO26004_Background_rpf_2x0_par1: 0.5000002353276358 +/- 0.13558069123224084
CMS_EXO26004_Background_rpf_2x0_par2: -0.18033836039067852 +/- 0.19449032258626675
CMS_EXO26004_Background_rpf_2x0_par3: 0.0014522954493452174 +/- 0.0
