CMS_EXO26004_Background_rpf_2x0_par0: 0.05902946852707687 +/- 0.011316669159311545
CMS_EXO26004_Background_rpf_2x0_par1: 0.5199003863669033 +/- 0.539957780179624
CMS_EXO26004_Background_rpf_2x0_par2: -3.597117385931831e-05 +/- 0.0
CMS_EXO26004_Background_rpf_2x0_par3: 0.013579449111819242 +/- 0.0
