CMS_EXO26004_Background_rpf_2x0_par0: 0.02381962288622986 +/- 0.004000149071861104
CMS_EXO26004_Background_rpf_2x0_par1: 0.5042391535620241 +/- 0.0
CMS_EXO26004_Background_rpf_2x0_par2: -4.010381361848822e-09 +/- 0.0
CMS_EXO26004_Background_rpf_2x0_par3: 0.029884809480559018 +/- 0.0
