CMS_EXO26004_Background_rpf_2x0_par0: 0.023362952126235514 +/- 0.014128662642855392
CMS_EXO26004_Background_rpf_2x0_par1: 0.5035800649460976 +/- 0.9616926458348262
CMS_EXO26004_Background_rpf_2x0_par2: -1.2557237311192244e-07 +/- 6.134888201653683
CMS_EXO26004_Background_rpf_2x0_par3: 0.030336458562903703 +/- 0.0
