CMS_EXO26004_Background_rpf_2x0_par0: 0.10353298857732593 +/- 0.025391283444344447
CMS_EXO26004_Background_rpf_2x0_par1: 0.5040148656656678 +/- 2.1825807274221884
CMS_EXO26004_Background_rpf_2x0_par2: -1.3811817559537072e-05 +/- 0.0
CMS_EXO26004_Background_rpf_2x0_par3: 0.007907223042463935 +/- 0.0
