CMS_EXO26004_Background_rpf_2x0_par0: 0.05776353026619031 +/- 0.010735684594263188
CMS_EXO26004_Background_rpf_2x0_par1: 0.999938400237763 +/- 0.18051297365094093
CMS_EXO26004_Background_rpf_2x0_par2: -0.9072303751353639 +/- 0.25061810830413367
CMS_EXO26004_Background_rpf_2x0_par3: 1.4742848217783673 +/- 0.268767231775708
