CMS_AN23122_Background_rpf_1x0_par0: 0.17210052095498057 +/- 0.004993578938986071
CMS_AN23122_Background_rpf_1x0_par1: 0.09999999999999962 +/- 0.07898181122171195
