CMS_AN23122_Background_rpf_2x0_par0: 0.24993935061213385 +/- 0.5291326961271834
CMS_AN23122_Background_rpf_2x0_par3: 0.012674118208766147 +/- 0.024819237649001458
