CMS_AN23122_Background_rpf_2x0_par0: 0.09599733614720933 +/- 0.01835700449130623
CMS_AN23122_Background_rpf_2x0_par1: 0.5710682869028064 +/- 1.5002378285358495
CMS_AN23122_Background_rpf_2x0_par3: 0.012431432800817785 +/- 0.0
