CMS_AN23122_Background_rpf_2x0_par0: 11.440180895952125 +/- 2.2365824594127
CMS_AN23122_Background_rpf_2x0_par1: 52.32748217911712 +/- 65.7199881052306
CMS_AN23122_Background_rpf_2x0_par3: 0.0004289291989517111 +/- 0.0
