CMS_AN23122_Background_rpf_2x0_par0: 0.07925277940743937 +/- 0.9785384181607782
CMS_AN23122_Background_rpf_2x0_par1: 0.5565180910190839 +/- 8.411400506529098
CMS_AN23122_Background_rpf_2x0_par3: 0.015010508453410454 +/- 0.18809230010697775
