CMS_EXO26004_Background_rpf_2x0_par0: 0.7905600782287011 +/- 0.12488072108533772
CMS_EXO26004_Background_rpf_2x0_par3: 0.0011683288558595245 +/- 0.0
