CMS_AN23122_Background_rpf_2x0_par0: 3.68393252225049 +/- 0.8267070093389163
CMS_AN23122_Background_rpf_2x0_par1: 50.000000001114586 +/- 27.195817100729034
CMS_AN23122_Background_rpf_2x0_par3: 0.0008880185321370731 +/- 0.0
