CMS_AN23122_Background_rpf_2x0_par0: 0.09614095693138669 +/- 0.02743651282248113
CMS_AN23122_Background_rpf_2x0_par1: 0.5000380097186641 +/- 2.1544939318109377
CMS_AN23122_Background_rpf_2x0_par2: -0.0003009672824003493 +/- 25.47561339832288
CMS_AN23122_Background_rpf_2x0_par3: 0.00828089627198709 +/- 0.0
