CMS_AN23122_Background_rpf_2x0_par0: 8.679999907329844 +/- 26.644547490740415
CMS_AN23122_Background_rpf_2x0_par1: 50.000004356501165 +/- 0.0
CMS_AN23122_Background_rpf_2x0_par3: 0.00016515717585824916 +/- 0.0004755257721550296
