CMS_AN23122_Background_rpf_2x0_par0: 13.672745199505247 +/- 2.455658253469031
CMS_AN23122_Background_rpf_2x0_par1: 50.099097580923306 +/- 94.01967860979036
CMS_AN23122_Background_rpf_2x0_par3: 0.00010721946559541024 +/- 0.0
