CMS_AN23122_Background_rpf_2x0_par0: 8.722509232305699 +/- 1.3314670642889521
CMS_AN23122_Background_rpf_2x0_par1: 50.00004281000847 +/- 36.01499749205875
CMS_AN23122_Background_rpf_2x0_par3: 0.00016459156023582774 +/- 0.0
