CMS_EXO26004_Background_rpf_2x0_par0: 0.0007842064268873505 +/- 0.00016587815950903784
CMS_EXO26004_Background_rpf_2x0_par1: 0.009774398458315387 +/- 0.007804967959866616
