CMS_AN23122_Background_rpf_2x0_par0: 21.945279033456536 +/- 3.9466194949274067
CMS_AN23122_Background_rpf_2x0_par1: 50.17380224446936 +/- 154.27852760013084
CMS_AN23122_Background_rpf_2x0_par3: 6.691880312887852e-05 +/- 0.0
