CMS_AN23122_Background_rpf_2x0_par0: 8.72304313931163 +/- 20.552078540897888
CMS_AN23122_Background_rpf_2x0_par1: 50.00004278851757 +/- 0.0
CMS_AN23122_Background_rpf_2x0_par3: 0.00016458250464633484 +/- 0.00036454775159001256
