CMS_EXO26004_Background_rpf_2x0_par0: 0.05691814858337875 +/- 0.010666667202570666
CMS_EXO26004_Background_rpf_2x0_par1: 0.5126881305645256 +/- 0.46122390539590213
CMS_EXO26004_Background_rpf_2x0_par2: -1.2463006326406297e-06 +/- 0.0
CMS_EXO26004_Background_rpf_2x0_par3: 0.014046446120037071 +/- 0.0
