CMS_EXO26004_Background_rpf_2x0_par0: 0.0007840868748142251 +/- 0.00017482085780767335
CMS_EXO26004_Background_rpf_2x0_par1: 0.008676172460015594 +/- 0.009485041016932674
