CMS_EXO26004_Background_rpf_2x0_par0: 0.8673667122275726 +/- 4.933868867743542
CMS_EXO26004_Background_rpf_2x0_par3: 0.0010658577595486398 +/- 0.006041358518446884
