CMS_AN23122_Background_rpf_2x0_par0: 0.8483627753854678 +/- 3.5108820205071747
CMS_AN23122_Background_rpf_2x0_par3: 0.024102056199066618 +/- 0.09910767660733102
