CMS_EXO26004_Background_rpf_2x0_par0: 0.0007261684004492841 +/- 0.00016731004805073998
CMS_EXO26004_Background_rpf_2x0_par1: 0.012116403812585825 +/- 0.010011094477772983
