CMS_AN23122_Background_rpf_2x0_par0: 0.06721379355806198 +/- 0.018495149501000698
CMS_AN23122_Background_rpf_2x0_par1: 0.6036738140216901 +/- 1.5184066201445685
CMS_AN23122_Background_rpf_2x0_par3: 0.06845903137251966 +/- 0.0
