CMS_AN23122_Background_rpf_2x0_par0: 0.0671823561895729 +/- 0.01850388523441627
CMS_AN23122_Background_rpf_2x0_par1: 0.6100236320879285 +/- 1.5174463643237277
CMS_AN23122_Background_rpf_2x0_par3: 0.06843827820001339 +/- 0.0
