CMS_AN23122_Background_rpf_2x0_par0: 0.08442211269742703 +/- 0.7492625675350508
CMS_AN23122_Background_rpf_2x0_par1: 0.563896817945909 +/- 6.2274627725787335
CMS_AN23122_Background_rpf_2x0_par3: 0.01409287280607992 +/- 0.126912072612662
