CMS_EXO26004_Background_rpf_2x0_par0: 0.08172157040395632 +/- 0.017563983521208703
CMS_EXO26004_Background_rpf_2x0_par1: 0.511201491515398 +/- 0.6254448878557303
CMS_EXO26004_Background_rpf_2x0_par3: 0.010953504840391374 +/- 0.0
