CMS_AN23122_Background_rpf_2x0_par0: 0.9828077744143828 +/- 0.49342678009470026
CMS_AN23122_Background_rpf_2x0_par3: 0.000865505801907907 +/- 0.00044309110153338
