CMS_EXO26004_Background_rpf_2x0_par0: 0.00012692080277258548 +/- 1.6518682035659825e-05
CMS_EXO26004_Background_rpf_2x0_par1: 0.0007446550962571772 +/- 0.00018919831029298877
CMS_EXO26004_Background_rpf_2x0_par2: -0.3344084793779088 +/- 0.24612171271314448
