CMS_EXO26004_Background_rpf_2x0_par0: 0.00012691638779186722 +/- 1.6521171795959674e-05
CMS_EXO26004_Background_rpf_2x0_par1: 0.000744688421322946 +/- 0.00018928166254758108
CMS_EXO26004_Background_rpf_2x0_par2: -0.3344519534854452 +/- 0.24623380623615296
