CMS_EXO26004_Background_rpf_2x0_par0: 0.02409259991727786 +/- 0.012421935531242477
CMS_EXO26004_Background_rpf_2x0_par1: 0.5042208040331085 +/- 0.8122529843162208
CMS_EXO26004_Background_rpf_2x0_par2: -3.306945186502645e-08 +/- 6.410846308789138
CMS_EXO26004_Background_rpf_2x0_par3: 0.02966966695271148 +/- 0.0
