CMS_EXO26004_Background_rpf_2x0_par0: 0.0008962709492546853 +/- 0.0003056224868320881
CMS_EXO26004_Background_rpf_2x0_par1: 1.3385957548298338e-08 +/- 0.019582556856379784
CMS_EXO26004_Background_rpf_2x0_par2: 0.1457610545662003 +/- 0.182890019978658
