Background_rpf_2x0_par0: 2.7132269676640806 +/- 0.1037062495071336
Background_rpf_2x0_par1: 50.12192223386167 +/- 5.724078899823925
Background_rpf_2x0_par2: -48.91568293645661 +/- 0.0
Background_rpf_2x0_par3: 0.05555722949221393 +/- 0.0
