CMS_AN23122_Background_rpf_2x0_par0: 4.396748371406052 +/- 6.637855945421758
CMS_AN23122_Background_rpf_2x0_par1: 54.2040236589833 +/- 90.96558167760016
CMS_AN23122_Background_rpf_2x0_par2: -0.0031536716020279867 +/- 320.79901266888066
CMS_AN23122_Background_rpf_2x0_par3: 0.011454548420768887 +/- 0.01762068774248309
