CMS_AN23122_Background_rpf_2x0_par0: 0.07607807500585796 +/- 0.014561798000145412
CMS_AN23122_Background_rpf_2x0_par1: 0.5536729239107875 +/- 1.1730559327680967
CMS_AN23122_Background_rpf_2x0_par3: 0.015625654765678485 +/- 0.0
