CMS_EXO26004_Background_rpf_2x0_par0: 0.021910804281453387 +/- 0.012648884775888571
CMS_EXO26004_Background_rpf_2x0_par1: 0.5093215912828671 +/- 0.8408865407378406
CMS_EXO26004_Background_rpf_2x0_par2: -1.4634188002008407e-07 +/- 5.895189150235039
CMS_EXO26004_Background_rpf_2x0_par3: 0.031798293491524285 +/- 0.0
