CMS_AN23122_Background_rpf_2x0_par0: 0.06782653368004439 +/- 0.02511390011561009
CMS_AN23122_Background_rpf_2x0_par1: 0.6024140764655238 +/- 2.189861753479568
CMS_AN23122_Background_rpf_2x0_par2: -1.0910547660178535e-05 +/- 25.674810955779837
CMS_AN23122_Background_rpf_2x0_par3: 0.011428980955714528 +/- 0.0
