CMS_EXO26004_Background_rpf_2x0_par0: 0.08170141998637279 +/- 0.024037840616823857
CMS_EXO26004_Background_rpf_2x0_par1: 0.9999994980936608 +/- 0.0
CMS_EXO26004_Background_rpf_2x0_par2: -9.340984027392165e-06 +/- 1.854619283214668
CMS_EXO26004_Background_rpf_2x0_par3: 2.0 +/- 0.45956389576775586
