CMS_AN23122_Background_rpf_2x0_par0: 3.670980029941242 +/- 1.220508546770898
CMS_AN23122_Background_rpf_2x0_par1: 50.00000000065986 +/- 54.04936464751982
CMS_AN23122_Background_rpf_2x0_par3: 0.0008904512330124974 +/- 0.0
