CMS_AN23122_Background_rpf_2x0_par0: 0.06569020805015348 +/- 0.5540930916576778
CMS_AN23122_Background_rpf_2x0_par1: 0.5437781949286262 +/- 0.0
CMS_AN23122_Background_rpf_2x0_par3: 0.076131849936077 +/- 0.6385274369708429
