CMS_EXO26004_Background_rpf_2x0_par0: 0.023217296950671727 +/- 0.0038937512950742146
CMS_EXO26004_Background_rpf_2x0_par1: 0.5044973807331209 +/- 0.0
CMS_EXO26004_Background_rpf_2x0_par2: -7.291304812814727e-08 +/- 0.0
CMS_EXO26004_Background_rpf_2x0_par3: 0.030495227593117624 +/- 0.0
