CMS_EXO26004_Background_rpf_2x0_par0: 0.0817241136594458 +/- 0.024433365148804936
CMS_EXO26004_Background_rpf_2x0_par1: 0.9999998712917608 +/- 0.0
CMS_EXO26004_Background_rpf_2x0_par2: -1.15256347228785e-08 +/- 2.284957988846344
CMS_EXO26004_Background_rpf_2x0_par3: 2.0 +/- 0.4649932041959907
