CMS_AN23122_Background_rpf_2x0_par0: 0.07516342305898144 +/- 4.871115666186169
CMS_AN23122_Background_rpf_2x0_par1: 0.5513014084478641 +/- 42.828430723570904
CMS_AN23122_Background_rpf_2x0_par3: 0.015806399183035877 +/- 1.038549255396409
