CMS_EXO26004_Background_rpf_2x0_par0: 0.0009265921267085392 +/- 0.00018588315605241843
CMS_EXO26004_Background_rpf_2x0_par1: 0.002396400787599176 +/- 0.007344221695500353
