CMS_EXO26004_Background_rpf_2x0_par0: 0.023003199463322646 +/- 0.004035127246559139
CMS_EXO26004_Background_rpf_2x0_par1: 0.5048173383505267 +/- 0.0
CMS_EXO26004_Background_rpf_2x0_par2: -3.9128856405001855e-15 +/- 0.0
CMS_EXO26004_Background_rpf_2x0_par3: 0.030689734541671544 +/- 0.0
