CMS_EXO26004_Background_rpf_2x0_par0: 0.585200405429628 +/- 6.08139852918422
CMS_EXO26004_Background_rpf_2x0_par3: 0.001574890564344754 +/- 0.016352185369183248
