CMS_EXO26004_Background_rpf_2x0_par0: 0.05771848291929818 +/- 0.010630784976533195
CMS_EXO26004_Background_rpf_2x0_par1: 0.999479062309428 +/- 0.17706088059111552
CMS_EXO26004_Background_rpf_2x0_par2: -0.9069233262483809 +/- 0.16728780247846034
CMS_EXO26004_Background_rpf_2x0_par3: 1.4752961385993195 +/- 0.2666877827759357
