CMS_AN23122_Background_rpf_2x0_par0: 4.543104376075548 +/- 30.96476513946125
CMS_AN23122_Background_rpf_2x0_par1: 55.44329127202127 +/- 405.12277507534475
CMS_AN23122_Background_rpf_2x0_par2: -0.003651273371162507 +/- 864.6812695627367
CMS_AN23122_Background_rpf_2x0_par3: 0.011154124300848254 +/- 0.07719506070350202
