CMS_AN23122_Background_rpf_2x0_par0: 0.06721568796235908 +/- 0.01860610604367371
CMS_AN23122_Background_rpf_2x0_par1: 0.5956030924058945 +/- 1.5676801425777303
CMS_AN23122_Background_rpf_2x0_par3: 0.0684522227160399 +/- 0.0
