Background_rpf_2x0_par0: 1.010317104365362 +/- 0.09474454028942286
Background_rpf_2x0_par1: 50.788451555780846 +/- 6.770781900657019
Background_rpf_2x0_par2: -49.9999997839722 +/- 0.0
Background_rpf_2x0_par3: 0.06009179768276062 +/- 0.0
