Background_rpf_2x0_par0: 1.0361332760416853 +/- 0.0978282181761083
Background_rpf_2x0_par1: 51.9301462112489 +/- 7.005344330577932
Background_rpf_2x0_par2: -49.99999905163491 +/- 0.0
Background_rpf_2x0_par3: 0.058668043429841776 +/- 0.0
