Background_rpf_2x0_par0: 1.0385791551280121 +/- 0.09779537332379674
Background_rpf_2x0_par1: 52.03771268661482 +/- 6.9956588798473
Background_rpf_2x0_par2: -49.99997349264656 +/- 0.0
Background_rpf_2x0_par3: 0.05853733935136799 +/- 0.0
