Background_rpf_2x0_par0: 1.8073080284510727 +/- 8.5594925016404
Background_rpf_2x0_par1: 58.310188348609 +/- 274.8243033720859
Background_rpf_2x0_par2: -49.99907589247541 +/- 0.0
Background_rpf_2x0_par3: 0.05040916350711098 +/- 0.23669624450631174
