Background_rpf_2x0_par0: 1.7366679005809715 +/- 0.04175565640831173
Background_rpf_2x0_par1: 56.16893194509046 +/- 7.777864822120565
Background_rpf_2x0_par2: -49.99816961777188 +/- 0.0
Background_rpf_2x0_par3: 0.052432778725360736 +/- 0.0
