Background_rpf_2x0_par0: 1.02536928251709 +/- 2.464770915575738
Background_rpf_2x0_par1: 51.456833508060896 +/- 119.1906209410962
Background_rpf_2x0_par2: -49.99999450087048 +/- 0.0
Background_rpf_2x0_par3: 0.059251696678076275 +/- 0.1395884393843924
