CMS_AN23122_Background_rpf_2x0_par0: 0.06408292845394614 +/- 0.016239960569758818
CMS_AN23122_Background_rpf_2x0_par1: 0.5764241966829868 +/- 1.3520466186219595
CMS_AN23122_Background_rpf_2x0_par3: 0.07792720120433592 +/- 0.0
