CMS_EXO26004_Background_rpf_2x0_par0: 0.12205155528955518 +/- 0.3452265652935475
CMS_EXO26004_Background_rpf_2x0_par1: 0.7316602800629164 +/- 2.1483702620583016
CMS_EXO26004_Background_rpf_2x0_par2: -0.2653111820685369 +/- 0.8737563173644379
CMS_EXO26004_Background_rpf_2x0_par3: 0.0009935694689277566 +/- 0.0028381614154097726
