CMS_EXO26004_Background_rpf_2x0_par0: 0.05258021447805801 +/- 0.009724270836399039
CMS_EXO26004_Background_rpf_2x0_par1: 0.5008022062234115 +/- 0.3774231231386566
CMS_EXO26004_Background_rpf_2x0_par2: -1.6395753456993623e-07 +/- 0.0
CMS_EXO26004_Background_rpf_2x0_par3: 0.015140420845722187 +/- 0.0
