CMS_EXO26004_Background_rpf_2x0_par0: 0.11717116293134013 +/- 0.8657259362055003
CMS_EXO26004_Background_rpf_2x0_par1: 0.5177608704348893 +/- 5.15053125402694
CMS_EXO26004_Background_rpf_2x0_par3: 0.007806161037683236 +/- 0.05944290306619307
