CMS_AN23122_Background_rpf_2x0_par0: 0.07309541414658444 +/- 0.01945126209196188
CMS_AN23122_Background_rpf_2x0_par1: 0.5031461419108313 +/- 0.6590998085988244
CMS_AN23122_Background_rpf_2x0_par2: -6.12086981512691e-07 +/- 0.0
CMS_AN23122_Background_rpf_2x0_par3: 0.04248620050066494 +/- 0.0
