CMS_EXO26004_Background_rpf_2x0_par0: 0.0008961177786077253 +/- 0.0003202156754748625
CMS_EXO26004_Background_rpf_2x0_par1: 5.757355645019408e-09 +/- 0.02068481785825435
CMS_EXO26004_Background_rpf_2x0_par2: 0.14954477194189048 +/- 0.196943325306884
