CMS_EXO26004_Background_rpf_2x0_par0: 0.0006977753420265153 +/- 0.00014512409462331382
CMS_EXO26004_Background_rpf_2x0_par1: 0.014830785506461818 +/- 0.007129057210477183
