CMS_EXO26004_Background_rpf_2x0_par0: 0.05776216100377133 +/- 0.01048233871065041
CMS_EXO26004_Background_rpf_2x0_par1: 0.9999999997287088 +/- 0.17578254115246766
CMS_EXO26004_Background_rpf_2x0_par2: -0.9073069123998629 +/- 0.25153220774756907
CMS_EXO26004_Background_rpf_2x0_par3: 1.4743151874314857 +/- 0.26208795285770603
