CMS_EXO26004_Background_rpf_2x0_par0: 0.04519742645920471 +/- 0.0
CMS_EXO26004_Background_rpf_2x0_par1: 0.5367389844674549 +/- 0.09668589365023746
CMS_EXO26004_Background_rpf_2x0_par2: -0.6938231440141833 +/- 0.16592131398425208
CMS_EXO26004_Background_rpf_2x0_par3: 0.0022250282740022775 +/- 0.00023916080275298519
