CMS_EXO26004_Background_rpf_2x0_par0: 0.0007067457253066172 +/- 0.00015614988003705363
CMS_EXO26004_Background_rpf_2x0_par1: 0.013820421642237086 +/- 0.011975939296365822
CMS_EXO26004_Background_rpf_2x0_par2: -3.659773866175083e-05 +/- 5.925429042735653
