CMS_EXO26004_Background_rpf_2x0_par0: 0.0388821836606139 +/- 0.01214493069736267
CMS_EXO26004_Background_rpf_2x0_par1: 0.5000060817707598 +/- 0.6786414961412535
CMS_EXO26004_Background_rpf_2x0_par2: -2.0352070914655615e-06 +/- 0.0
CMS_EXO26004_Background_rpf_2x0_par3: 0.02005423822633473 +/- 0.0
