CMS_EXO26004_Background_rpf_2x0_par0: 0.0007070455096841218 +/- 0.00016070238729978985
CMS_EXO26004_Background_rpf_2x0_par1: 0.015414821602372756 +/- 0.00790374184189052
CMS_EXO26004_Background_rpf_2x0_par2: -7.346487297763427e-08 +/- 2.9492989680912323
