CMS_EXO26004_Background_rpf_2x0_par0: 0.0864832257244716 +/- 0.013208032413744098
CMS_EXO26004_Background_rpf_2x0_par1: 0.5541845357646575 +/- 0.1284133999401484
CMS_EXO26004_Background_rpf_2x0_par2: -0.5232531801984347 +/- 0.3954025322834649
CMS_EXO26004_Background_rpf_2x0_par3: 0.0013388995359258481 +/- 0.0
