CMS_EXO26004_Background_rpf_2x0_par0: 0.08385041047832432 +/- 0.01260363775165947
CMS_EXO26004_Background_rpf_2x0_par1: 0.5001566165829294 +/- 0.1356310801805195
CMS_EXO26004_Background_rpf_2x0_par2: -0.17715884461984957 +/- 0.19447134445286876
CMS_EXO26004_Background_rpf_2x0_par3: 0.0014482300602178017 +/- 0.0
