CMS_AN23122_Background_rpf_2x0_par0: 0.06052778484409836 +/- 0.02194591926043759
CMS_AN23122_Background_rpf_2x0_par1: 0.5237468862752205 +/- 1.9066020172967524
CMS_AN23122_Background_rpf_2x0_par2: -3.527939094400247e-06 +/- 22.523580342385017
CMS_AN23122_Background_rpf_2x0_par3: 0.012813555238382637 +/- 0.0
