CMS_AN23122_Background_rpf_2x0_par0: 0.8404925835929176 +/- 3.100508238586597
CMS_AN23122_Background_rpf_2x0_par3: 0.02432207456999443 +/- 0.0891038961599328
