CMS_EXO26004_Background_rpf_2x0_par0: 0.9966391830292834 +/- 0.5175884459276985
CMS_EXO26004_Background_rpf_2x0_par3: 0.0008648879487479296 +/- 0.00045856016620781064
