Background_rpf_2x0_par0: 1.5318331475915037 +/- 0.047856686506300726
Background_rpf_2x0_par1: 50.00099754970413 +/- 5.190039828013576
Background_rpf_2x0_par2: -49.99957365466698 +/- 0.0
Background_rpf_2x0_par3: 0.059325766513581214 +/- 0.0
