CMS_EXO26004_Background_rpf_2x0_par0: 0.08171966074932518 +/- 0.02558145119943724
CMS_EXO26004_Background_rpf_2x0_par1: 0.9999998661216392 +/- 0.0
CMS_EXO26004_Background_rpf_2x0_par2: -1.3006386075629667e-07 +/- 2.3984776740904956
CMS_EXO26004_Background_rpf_2x0_par3: 1.999999999999999 +/- 0.4859553750059135
