CMS_EXO26004_Background_rpf_2x0_par0: 0.09093653441204352 +/- 0.019233525307452683
CMS_EXO26004_Background_rpf_2x0_par1: 0.5123611612597311 +/- 0.669973962510358
CMS_EXO26004_Background_rpf_2x0_par3: 0.009910781307926803 +/- 0.0
