CMS_EXO26004_Background_rpf_2x0_par0: 0.08173523961749994 +/- 0.02400185417377231
CMS_EXO26004_Background_rpf_2x0_par1: 0.9999996450852173 +/- 0.0
CMS_EXO26004_Background_rpf_2x0_par2: -1.7944505751026768e-07 +/- 1.60428188414944
CMS_EXO26004_Background_rpf_2x0_par3: 1.9999999999999973 +/- 0.4595583332476824
