CMS_EXO26004_Background_rpf_2x0_par0: 0.024351223965335556 +/- 0.013027005904808361
CMS_EXO26004_Background_rpf_2x0_par1: 0.5039361002598545 +/- 0.8583036799056168
CMS_EXO26004_Background_rpf_2x0_par2: -1.588411797058542e-09 +/- 6.201231409445495
CMS_EXO26004_Background_rpf_2x0_par3: 0.029304903164404057 +/- 0.0
