CMS_AN23122_Background_rpf_2x0_par0: 0.05945325125589931 +/- 0.022293982552895348
CMS_AN23122_Background_rpf_2x0_par1: 0.5431588706805014 +/- 1.9574837726459855
CMS_AN23122_Background_rpf_2x0_par2: -1.4205458090758459e-05 +/- 23.157722426876827
CMS_AN23122_Background_rpf_2x0_par3: 0.012972399720747358 +/- 0.0
