CMS_AN23122_Background_rpf_2x0_par0: 0.07320455963666252 +/- 0.01946641358405144
CMS_AN23122_Background_rpf_2x0_par1: 0.5031575358818994 +/- 0.6591802794970401
CMS_AN23122_Background_rpf_2x0_par2: -7.58173669968725e-06 +/- 0.0
CMS_AN23122_Background_rpf_2x0_par3: 0.04242884770586474 +/- 0.0
