CMS_AN23122_Background_rpf_1x0_par0: 0.010537263512767032 +/- 0.004421228888996311
CMS_AN23122_Background_rpf_1x0_par1: 0.1549906526613955 +/- 0.14536483612695125
