CMS_AN23122_Background_rpf_1x0_par0: 0.01723203083110103 +/- 0.0
CMS_AN23122_Background_rpf_1x0_par1: -4.622584900215357 +/- 0.0
