CMS_EXO26004_Background_rpf_2x0_par0: 0.08361417050878638 +/- 0.01254153010474729
CMS_EXO26004_Background_rpf_2x0_par1: 0.5000770669454841 +/- 0.13471978987217056
CMS_EXO26004_Background_rpf_2x0_par2: -0.18278278946504262 +/- 0.1931864069464074
CMS_EXO26004_Background_rpf_2x0_par3: 0.001451423032301604 +/- 0.0
