CMS_EXO26004_Background_rpf_2x0_par0: 0.0008251988933588583 +/- 0.00020897553702872384
CMS_EXO26004_Background_rpf_2x0_par1: 0.007528588685182271 +/- 0.008811116622942112
CMS_EXO26004_Background_rpf_2x0_par2: -5.0543508749979434e-05 +/- 6.515173644409723
