CMS_EXO26004_Background_rpf_2x0_par0: 0.000709611362394779 +/- 0.00016216858419334487
CMS_EXO26004_Background_rpf_2x0_par1: 0.01516808930356332 +/- 0.007875642489078445
CMS_EXO26004_Background_rpf_2x0_par2: -8.685139002320534e-08 +/- 3.257917963395119
