CMS_AN23122_Background_rpf_2x0_par0: 0.0671537365853252 +/- 0.6602601908986031
CMS_AN23122_Background_rpf_2x0_par1: 0.6079502734840628 +/- 8.315860535890536
CMS_AN23122_Background_rpf_2x0_par3: 0.06844791779491696 +/- 0.6947587644742479
