CMS_AN23122_Background_rpf_2x0_par0: 0.07496115101961182 +/- 0.01432929133626212
CMS_AN23122_Background_rpf_2x0_par1: 0.5512695382933321 +/- 1.1551657003701772
CMS_AN23122_Background_rpf_2x0_par3: 0.015851688070871367 +/- 0.0
