CMS_EXO26004_Background_rpf_2x0_par0: 0.024128328589698055 +/- 0.0041372779163006326
CMS_EXO26004_Background_rpf_2x0_par1: 0.5039968687643744 +/- 0.0
CMS_EXO26004_Background_rpf_2x0_par2: -1.0025506749214083e-08 +/- 0.0
CMS_EXO26004_Background_rpf_2x0_par3: 0.029549597377201198 +/- 0.0
