CMS_EXO26004_Background_rpf_2x0_par0: 0.05109041395190463 +/- 0.009608765176148384
CMS_EXO26004_Background_rpf_2x0_par1: 0.5197072039596645 +/- 0.38419624904579
CMS_EXO26004_Background_rpf_2x0_par2: -2.590004364112818e-07 +/- 0.0
CMS_EXO26004_Background_rpf_2x0_par3: 0.015559634343436024 +/- 0.0
