CMS_EXO26004_Background_rpf_2x0_par0: 0.0007502550280909568 +/- 0.0001648105226738762
CMS_EXO26004_Background_rpf_2x0_par1: 0.012506214363185596 +/- 0.007689899606538159
CMS_EXO26004_Background_rpf_2x0_par2: -3.0326448452006006e-07 +/- 3.4935839155503294
