CMS_AN23122_Background_rpf_2x0_par0: 0.0764547675794269 +/- 0.014617577151024744
CMS_AN23122_Background_rpf_2x0_par1: 0.5532320758061503 +/- 1.1768521011384676
CMS_AN23122_Background_rpf_2x0_par3: 0.015550006113594885 +/- 0.0
