CMS_EXO26004_Background_rpf_2x0_par0: 0.6951069852230597 +/- 1.8182104955583938
CMS_EXO26004_Background_rpf_2x0_par3: 0.0013281394892244937 +/- 0.003449231905553749
