CMS_EXO26004_Background_rpf_2x0_par0: 0.02629231395082455 +/- 0.005664796694129898
CMS_EXO26004_Background_rpf_2x0_par1: 0.5028539445863389 +/- 0.18885197636186002
CMS_EXO26004_Background_rpf_2x0_par2: -1.7096192580948015e-07 +/- 0.0
CMS_EXO26004_Background_rpf_2x0_par3: 0.02767718204471204 +/- 0.0
