CMS_AN23122_Background_rpf_2x0_par0: 0.05352857021075371 +/- 0.020180710393245305
CMS_AN23122_Background_rpf_2x0_par1: 0.5053963817600626 +/- 1.7718416118609766
CMS_AN23122_Background_rpf_2x0_par2: -5.217779733830306e-06 +/- 20.95454813251991
CMS_AN23122_Background_rpf_2x0_par3: 0.014408586730343727 +/- 0.0
