CMS_AN23122_Background_rpf_2x0_par0: 0.056018330505980755 +/- 0.02033864613426182
CMS_AN23122_Background_rpf_2x0_par1: 0.5005487035428415 +/- 1.7704899583584106
CMS_AN23122_Background_rpf_2x0_par2: -1.1262788964985088e-06 +/- 20.977408097838104
CMS_AN23122_Background_rpf_2x0_par3: 0.013809189894309447 +/- 0.0
