CMS_EXO26004_Background_rpf_2x0_par0: 0.9769849754355249 +/- 0.46024986021921044
CMS_EXO26004_Background_rpf_2x0_par3: 0.0009467509847456332 +/- 0.0005091696348538957
