CMS_AN23122_Background_rpf_2x0_par0: 3.293365928010187 +/- 3.0671607692975673
CMS_AN23122_Background_rpf_2x0_par1: 50.000001155728256 +/- 197.53632640002058
CMS_AN23122_Background_rpf_2x0_par2: -49.99957967406579 +/- 1728.7683975491022
CMS_AN23122_Background_rpf_2x0_par3: 0.006928829361769947 +/- 0.0
