CMS_AN23122_Background_rpf_2x0_par0: 3.2942752414232555 +/- 9.483333704989434
CMS_AN23122_Background_rpf_2x0_par1: 50.00000113632519 +/- 0.0
CMS_AN23122_Background_rpf_2x0_par2: -49.999958694607905 +/- 0.0
CMS_AN23122_Background_rpf_2x0_par3: 0.006927621891586195 +/- 0.016580148826484196
