CMS_AN23122_Background_rpf_2x0_par0: 3.630174218446991 +/- 6.117253335852002
CMS_AN23122_Background_rpf_2x0_par1: 50.000029064088075 +/- 0.0
CMS_AN23122_Background_rpf_2x0_par3: 0.0002709302576817121 +/- 0.0003709155277467269
