CMS_AN23122_Background_rpf_2x0_par0: 6.0479847615093725 +/- 13.77708980304441
CMS_AN23122_Background_rpf_2x0_par1: 50.0000288818472 +/- 0.0
CMS_AN23122_Background_rpf_2x0_par3: 0.0002088215379779667 +/- 0.00042611105084274577
