CMS_EXO26004_Background_rpf_2x0_par0: 0.0008951446359686222 +/- 0.0003074271487049978
CMS_EXO26004_Background_rpf_2x0_par1: 3.0300141996147945e-08 +/- 0.019639322536001137
CMS_EXO26004_Background_rpf_2x0_par2: 0.14662224947530308 +/- 0.17974955741148382
