CMS_EXO26004_Background_rpf_2x0_par0: 0.023841494133778084 +/- 0.012415144338468239
CMS_EXO26004_Background_rpf_2x0_par1: 0.5043518452628428 +/- 0.8128733490392465
CMS_EXO26004_Background_rpf_2x0_par2: -2.386179221336611e-09 +/- 6.074414960807495
CMS_EXO26004_Background_rpf_2x0_par3: 0.029881479178682235 +/- 0.0
