CMS_EXO26004_Background_rpf_2x0_par0: 0.0009051195709025827 +/- 0.0001287298880026358
CMS_EXO26004_Background_rpf_2x0_par1: 3.174469529203163e-09 +/- 0.0
CMS_EXO26004_Background_rpf_2x0_par2: 0.11682269546546606 +/- 0.17809865489987914
