CMS_EXO26004_Background_rpf_1x0_par0: 0.0007021563739400877 +/- 0.00014945323793659368
CMS_EXO26004_Background_rpf_1x0_par1: 0.016620262468027332 +/- 0.004594892909624185
