CMS_EXO26004_Background_rpf_1x0_par0: 0.0008253348329569199 +/- 0.0001985257498870976
CMS_EXO26004_Background_rpf_1x0_par1: 0.008627996458331517 +/- 0.00877601425031466
