CMS_AN23122_Background_rpf_2x0_par0: 0.06143635068545159 +/- 0.023078878794925796
CMS_AN23122_Background_rpf_2x0_par1: 0.5029958756396735 +/- 2.0194547239089267
CMS_AN23122_Background_rpf_2x0_par2: -6.429590072615406e-08 +/- 23.619714478996062
CMS_AN23122_Background_rpf_2x0_par3: 0.012654474917374701 +/- 0.0
