CMS_AN23122_Background_rpf_2x0_par0: 0.0756727736319125 +/- 0.4238096008628969
CMS_AN23122_Background_rpf_2x0_par1: 0.552687457992219 +/- 3.9361758604399415
CMS_AN23122_Background_rpf_2x0_par3: 0.015707037870321457 +/- 0.08922169465830918
