CMS_EXO26004_Background_rpf_2x0_par0: 0.058693442242639934 +/- 0.012930665756834556
CMS_EXO26004_Background_rpf_2x0_par1: 0.5027061805670464 +/- 0.944864430961363
CMS_EXO26004_Background_rpf_2x0_par2: -1.0038690375531456e-05 +/- 0.0
CMS_EXO26004_Background_rpf_2x0_par3: 0.013674244399905867 +/- 0.0
