CMS_AN23122_Background_rpf_2x0_par0: 0.07892428870352038 +/- 0.20625658398984228
CMS_AN23122_Background_rpf_2x0_par1: 0.5576284153815867 +/- 2.178943979482303
CMS_AN23122_Background_rpf_2x0_par3: 0.015063954982130087 +/- 0.03996374607807333
