CMS_EXO26004_Background_rpf_2x0_par0: 0.08367606091147275 +/- 0.012602022912832357
CMS_EXO26004_Background_rpf_2x0_par1: 0.5000078418671451 +/- 0.13582165282542205
CMS_EXO26004_Background_rpf_2x0_par2: -0.1831108343403724 +/- 0.19494176416926356
CMS_EXO26004_Background_rpf_2x0_par3: 0.0014502668497919807 +/- 0.0
