CMS_AN23122_Background_rpf_2x0_par0: 0.9905711379300122 +/- 0.4964911635012271
CMS_AN23122_Background_rpf_2x0_par3: 0.0008626652206679112 +/- 0.00044037980176092725
