CMS_EXO26004_Background_rpf_2x0_par0: 0.055869131044107644 +/- 0.0011031973006912195
CMS_EXO26004_Background_rpf_2x0_par1: 0.967260443229581 +/- 0.04563015668168495
CMS_EXO26004_Background_rpf_2x0_par2: -0.8776023188658214 +/- 0.20551651927001635
CMS_EXO26004_Background_rpf_2x0_par3: 1.524232818414331 +/- 0.0
