CMS_EXO26004_Background_rpf_2x0_par0: 0.05773847181199128 +/- 0.010458680972712811
CMS_EXO26004_Background_rpf_2x0_par1: 0.9996845727310579 +/- 0.17507050696550835
CMS_EXO26004_Background_rpf_2x0_par2: -0.9070314628802316 +/- 0.16557265566322885
CMS_EXO26004_Background_rpf_2x0_par3: 1.4748696491801914 +/- 0.2626569718515451
