CMS_AN23122_Background_rpf_2x0_par0: 0.06157636021499414 +/- 0.2781428789587083
CMS_AN23122_Background_rpf_2x0_par1: 0.6355972120316432 +/- 3.963123096398366
CMS_AN23122_Background_rpf_2x0_par3: 0.0808542537605025 +/- 0.3762688218966433
