CMS_EXO26004_Background_rpf_2x0_par0: 0.025934530089793278 +/- 0.013606430584888743
CMS_EXO26004_Background_rpf_2x0_par1: 0.5029674400313323 +/- 0.8881811435533434
CMS_EXO26004_Background_rpf_2x0_par2: -3.966005273762542e-07 +/- 7.1308007247154
CMS_EXO26004_Background_rpf_2x0_par3: 0.027974396712683036 +/- 0.0
