CMS_EXO26004_Background_rpf_2x0_par0: 0.9963340875260785 +/- 0.5162790618525677
CMS_EXO26004_Background_rpf_2x0_par3: 0.0008701678509422152 +/- 0.00046032726367424857
