CMS_EXO26004_Background_rpf_2x0_par0: 0.09321478308505832 +/- 0.0372289693357274
CMS_EXO26004_Background_rpf_2x0_par1: 0.5120154660971019 +/- 2.5624535935611017
CMS_EXO26004_Background_rpf_2x0_par2: -0.04209735365341294 +/- 29.140293448666018
CMS_EXO26004_Background_rpf_2x0_par3: 0.009691628338663376 +/- 0.0
