CMS_EXO26004_Background_rpf_2x0_par0: 0.0009200051081860686 +/- 0.00017933865294912692
CMS_EXO26004_Background_rpf_2x0_par1: 0.0034288630908848555 +/- 0.005956845350265898
CMS_EXO26004_Background_rpf_2x0_par2: 0.021184536848812233 +/- 0.0
