CMS_EXO26004_Background_rpf_2x0_par0: 0.022829666648751138 +/- 0.004308177413908088
CMS_EXO26004_Background_rpf_2x0_par1: 0.5051615166984009 +/- 0.0
CMS_EXO26004_Background_rpf_2x0_par2: -6.233693835319513e-08 +/- 0.0
CMS_EXO26004_Background_rpf_2x0_par3: 0.030838583657522633 +/- 0.0
