CMS_EXO26004_Background_rpf_2x0_par0: 0.08369871599945157 +/- 0.012606206473632548
CMS_EXO26004_Background_rpf_2x0_par1: 0.5000034607450726 +/- 0.1358494883056863
CMS_EXO26004_Background_rpf_2x0_par2: -0.17940058156885577 +/- 0.1948664092828333
CMS_EXO26004_Background_rpf_2x0_par3: 0.0014506488451256588 +/- 0.0
