CMS_EXO26004_Background_rpf_2x0_par0: 0.052038657098080476 +/- 0.009640285190171618
CMS_EXO26004_Background_rpf_2x0_par1: 0.5000770672502102 +/- 0.3717299628535879
CMS_EXO26004_Background_rpf_2x0_par2: -2.168404344971009e-19 +/- 0.0
CMS_EXO26004_Background_rpf_2x0_par3: 0.01531351845450044 +/- 0.0
