CMS_EXO26004_Background_rpf_2x0_par0: 0.0007580811341079436 +/- 0.0002145271765649259
CMS_EXO26004_Background_rpf_2x0_par1: 0.010387455668031174 +/- 0.012307161050548838
