CMS_EXO26004_Background_rpf_2x0_par0: 0.17582408584750123 +/- 1.0925134973380608
CMS_EXO26004_Background_rpf_2x0_par1: 0.5003513868593525 +/- 4.502760940343873
CMS_EXO26004_Background_rpf_2x0_par3: 0.005170288055983477 +/- 0.03279839211900085
