Background_rpf_2x0_par0: 1.532264266914771 +/- 0.04069639299102676
Background_rpf_2x0_par1: 50.001134493898725 +/- 3.966262991682927
Background_rpf_2x0_par2: -49.999302745566226 +/- 0.0
Background_rpf_2x0_par3: 0.05931445504640719 +/- 0.0
