CMS_AN23122_Background_rpf_2x0_par0: 0.8113451445250464 +/- 0.3815591373482295
CMS_AN23122_Background_rpf_2x0_par3: 0.025194067167472127 +/- 0.0
