Background_rpf_2x0_par0: 2.7648967178040884 +/- 0.1287392809131331
Background_rpf_2x0_par1: 50.1503251720074 +/- 9.144351687649547
Background_rpf_2x0_par2: -49.43916454033841 +/- 0.0
Background_rpf_2x0_par3: 0.05466670519160484 +/- 0.0
