Background_rpf_2x0_par0: 8.316758564296308 +/- 1.369218756552636
Background_rpf_2x0_par1: 50.19324004238108 +/- 90.7995610899362
Background_rpf_2x0_par2: -4.068559346119896e-05 +/- 982.5627761385623
Background_rpf_2x0_par3: 0.04143328470800502 +/- 0.0
