Background_rpf_2x0_par0: 2.809129536448746 +/- 0.07326460834521757
Background_rpf_2x0_par1: 50.05590448798766 +/- 0.0
Background_rpf_2x0_par2: -41.58744531961715 +/- 114.14963337133102
Background_rpf_2x0_par3: 0.053959972273690905 +/- 0.0
