Background_rpf_2x0_par0: 10.217764049310873 +/- 0.8744255259123531
Background_rpf_2x0_par1: 50.317880025496756 +/- 61.086276123841756
Background_rpf_2x0_par3: 0.03344091134921428 +/- 0.0
