Background_rpf_2x0_par0: 2.713982359801638 +/- 0.10380106629287007
Background_rpf_2x0_par1: 50.13506458964523 +/- 5.730764864337689
Background_rpf_2x0_par2: -48.867606862581404 +/- 0.0
Background_rpf_2x0_par3: 0.05554185501880836 +/- 0.0
