CMS_EXO26004_Background_rpf_2x0_par0: 0.0007082159316729538 +/- 0.00015434131961018
CMS_EXO26004_Background_rpf_2x0_par1: 0.013464857183031143 +/- 0.011904258023880543
CMS_EXO26004_Background_rpf_2x0_par2: -6.506860288558905e-06 +/- 5.997411550040085
