CMS_AN23122_Background_rpf_2x0_par0: 3.2986275650917483 +/- 0.3604175942339508
CMS_AN23122_Background_rpf_2x0_par1: 50.000001754265845 +/- 15.633819448799684
CMS_AN23122_Background_rpf_2x0_par2: -49.99978803032976 +/- 0.0
CMS_AN23122_Background_rpf_2x0_par3: 0.006921144868162289 +/- 0.0
