Background_rpf_2x0_par0: 2.6984988707695274 +/- 0.21407466399670355
Background_rpf_2x0_par1: 50.00228682656098 +/- 0.0
Background_rpf_2x0_par2: -41.95755083470711 +/- 490.54966993076175
Background_rpf_2x0_par3: 0.0558100676249106 +/- 0.0
