Background_rpf_2x0_par0: 2.9817478905085446 +/- 6.008987205194977
Background_rpf_2x0_par1: 52.844477299065986 +/- 106.4109404321055
Background_rpf_2x0_par2: -20.30190804384794 +/- 195.74409257748056
Background_rpf_2x0_par3: 0.05089032864407993 +/- 0.10234871803032743
