CMS_EXO26004_Background_rpf_2x0_par0: 0.08413236001297314 +/- 0.01268014472656078
CMS_EXO26004_Background_rpf_2x0_par1: 0.5002707702355238 +/- 0.13682212501256555
CMS_EXO26004_Background_rpf_2x0_par2: -0.17881608196012663 +/- 0.19633647819082573
CMS_EXO26004_Background_rpf_2x0_par3: 0.0014452182997336028 +/- 0.0
