CMS_EXO26004_Background_rpf_2x0_par0: 0.08353756904360025 +/- 0.012563392584322026
CMS_EXO26004_Background_rpf_2x0_par1: 0.5000919956884237 +/- 0.13531953782426764
CMS_EXO26004_Background_rpf_2x0_par2: -0.17845157398883713 +/- 0.19392090125378342
CMS_EXO26004_Background_rpf_2x0_par3: 0.0014523025436649077 +/- 0.0
