CMS_AN23122_Background_rpf_2x0_par0: 0.054431125311813155 +/- 0.0008981486575043658
CMS_AN23122_Background_rpf_2x0_par1: 0.9250324553015256 +/- 0.02950239445178941
CMS_AN23122_Background_rpf_2x0_par2: -0.8165162148178166 +/- 0.05538559744284118
CMS_AN23122_Background_rpf_2x0_par3: 1.5497458492110134 +/- 0.0
