CMS_AN23122_Background_rpf_2x0_par0: 0.05884914894375435 +/- 0.010626689006961126
CMS_AN23122_Background_rpf_2x0_par1: 0.9999561146356668 +/- 0.17523552583271593
CMS_AN23122_Background_rpf_2x0_par2: -0.8825407525018188 +/- 0.16060038775703894
CMS_AN23122_Background_rpf_2x0_par3: 1.4334933808716899 +/- 0.25509207882057294
