CMS_EXO26004_Background_rpf_2x0_par0: 0.9999620348065685 +/- 0.5230124195457089
CMS_EXO26004_Background_rpf_2x0_par3: 0.0008549542176229368 +/- 0.0004573071211544946
