CMS_EXO26004_Background_rpf_2x0_par0: 0.9274401781140229 +/- 0.0
CMS_EXO26004_Background_rpf_2x0_par3: 0.000996677945853755 +/- 0.00010283975386298814
