CMS_EXO26004_Background_rpf_2x0_par0: 0.49665877547744697 +/- 1.5439336119476346
CMS_EXO26004_Background_rpf_2x0_par3: 0.0018527046601533113 +/- 0.005703795051634979
