CMS_EXO26004_Background_rpf_2x0_par0: 0.10430758384148339 +/- 0.27334061622141165
CMS_EXO26004_Background_rpf_2x0_par1: 0.6230710585226079 +/- 1.6754669196868843
CMS_EXO26004_Background_rpf_2x0_par2: -0.2215063533161937 +/- 0.6641012384758939
CMS_EXO26004_Background_rpf_2x0_par3: 0.001163824723390954 +/- 0.003066272142747515
