CMS_EXO26004_Background_rpf_2x0_par0: 0.0007215331186250127 +/- 0.00017247918739811475
CMS_EXO26004_Background_rpf_2x0_par1: 0.012224809776443817 +/- 0.013283612006561264
CMS_EXO26004_Background_rpf_2x0_par2: -0.0001908185261625907 +/- 7.25811590260058
