CMS_AN23122_Background_rpf_2x0_par0: 0.06461834675879001 +/- 0.016370727822287802
CMS_AN23122_Background_rpf_2x0_par1: 0.5636453974486803 +/- 1.3829110275261232
CMS_AN23122_Background_rpf_2x0_par3: 0.07728427398310048 +/- 0.0
