CMS_EXO26004_Background_rpf_2x0_par0: 0.08439297163182678 +/- 0.012622890507890344
CMS_EXO26004_Background_rpf_2x0_par1: 0.5006691547498373 +/- 0.1355063207877135
CMS_EXO26004_Background_rpf_2x0_par2: -0.17548658227939712 +/- 0.1943433775063006
CMS_EXO26004_Background_rpf_2x0_par3: 0.001441726688293855 +/- 0.0
