CMS_EXO26004_Background_rpf_2x0_par0: 0.05771043761045068 +/- 0.010534387229563664
CMS_EXO26004_Background_rpf_2x0_par1: 0.9986342633558914 +/- 0.1761330124557836
CMS_EXO26004_Background_rpf_2x0_par2: -0.9076184595630424 +/- 0.16756158437832783
CMS_EXO26004_Background_rpf_2x0_par3: 1.475776113056019 +/- 0.26477408794752016
