CMS_EXO26004_Background_rpf_2x0_par0: 0.024039387583074175 +/- 0.004071892348851507
CMS_EXO26004_Background_rpf_2x0_par1: 0.5040399073906383 +/- 0.0
CMS_EXO26004_Background_rpf_2x0_par2: -2.5790278935676134e-08 +/- 0.0
CMS_EXO26004_Background_rpf_2x0_par3: 0.029653517412729872 +/- 0.0
