CMS_AN23122_Background_rpf_2x0_par0: 7.326617854567196 +/- 2.550492047921445
CMS_AN23122_Background_rpf_2x0_par1: 50.01725117465324 +/- 86.3426520989126
CMS_AN23122_Background_rpf_2x0_par3: 0.00020441717470027742 +/- 0.0
