CMS_AN23122_Background_rpf_2x0_par0: 0.10670507375535193 +/- 0.02815225704226618
CMS_AN23122_Background_rpf_2x0_par1: 0.500233997099495 +/- 0.9751723278705539
CMS_AN23122_Background_rpf_2x0_par3: 0.02945400090644247 +/- 0.0
