CMS_EXO26004_Background_rpf_2x0_par0: 0.08171199742078607 +/- 0.025705774824410662
CMS_EXO26004_Background_rpf_2x0_par1: 0.9999998979368279 +/- 0.0
CMS_EXO26004_Background_rpf_2x0_par2: -6.173842805805123e-08 +/- 2.3276967452745105
CMS_EXO26004_Background_rpf_2x0_par3: 2.0 +/- 0.48908268307355834
