CMS_AN23122_Background_rpf_2x0_par0: 0.17796483881086447 +/- 0.30051790247762195
CMS_AN23122_Background_rpf_2x0_par3: 0.01767695591797133 +/- 0.02676306635060989
