CMS_EXO26004_Background_rpf_2x0_par0: 0.05673190244244533 +/- 0.010894160987148096
CMS_EXO26004_Background_rpf_2x0_par1: 0.509855378736322 +/- 0.5896595243821809
CMS_EXO26004_Background_rpf_2x0_par2: -8.357338493614934e-05 +/- 0.0
CMS_EXO26004_Background_rpf_2x0_par3: 0.014073217072991508 +/- 0.0
