CMS_EXO26004_Background_rpf_2x0_par0: 0.000896187055185483 +/- 0.0001618707934337833
CMS_EXO26004_Background_rpf_2x0_par1: 6.991230240126906e-11 +/- 0.0
CMS_EXO26004_Background_rpf_2x0_par2: 0.15534037483389596 +/- 0.06575914008584859
