CMS_EXO26004_Background_rpf_2x0_par0: 0.021800216164455884 +/- 0.00785103441361506
CMS_EXO26004_Background_rpf_2x0_par1: 0.5054010337331103 +/- 0.0
CMS_EXO26004_Background_rpf_2x0_par2: -1.798686009944067e-08 +/- 0.0
CMS_EXO26004_Background_rpf_2x0_par3: 0.032041212662112364 +/- 0.0
