CMS_EXO26004_Background_rpf_2x0_par0: 0.024364012275261828 +/- 0.012890605524385305
CMS_EXO26004_Background_rpf_2x0_par1: 0.5037624852749739 +/- 0.8420065371421506
CMS_EXO26004_Background_rpf_2x0_par2: -1.1196363048889338e-07 +/- 6.281368147284178
CMS_EXO26004_Background_rpf_2x0_par3: 0.02927877305196547 +/- 0.0
