CMS_EXO26004_Background_rpf_2x0_par0: 0.0007092240034334673 +/- 0.0001550123316861142
CMS_EXO26004_Background_rpf_2x0_par1: 0.013526791348529833 +/- 0.011975121115219964
CMS_EXO26004_Background_rpf_2x0_par2: -0.000163371970257049 +/- 6.08614210559957
