CMS_AN23122_Background_rpf_2x0_par0: 0.07556875694779079 +/- 0.3672481133745556
CMS_AN23122_Background_rpf_2x0_par1: 0.5519524994752181 +/- 3.4770187086882722
CMS_AN23122_Background_rpf_2x0_par3: 0.01573285773780201 +/- 0.07758892886831814
