CMS_EXO26004_Background_rpf_2x0_par0: 0.0007023915587377796 +/- 0.00015339432835489886
CMS_EXO26004_Background_rpf_2x0_par1: 0.014204039006056978 +/- 0.01173195034530123
CMS_EXO26004_Background_rpf_2x0_par2: -9.411055445376231e-05 +/- 5.712038030811889
