CMS_AN23122_Background_rpf_2x0_par0: 8.055146585580669 +/- 1.6362479975704562
CMS_AN23122_Background_rpf_2x0_par1: 99.97939299004156 +/- 53.55620657165995
CMS_AN23122_Background_rpf_2x0_par3: 0.0004123826461568365 +/- 0.0
