CMS_AN23122_Background_rpf_2x0_par0: 0.061068404391147774 +/- 0.02305293067383947
CMS_AN23122_Background_rpf_2x0_par1: 0.5389533349523863 +/- 2.017701443336239
CMS_AN23122_Background_rpf_2x0_par2: -7.763046106770352e-09 +/- 23.872355911295525
CMS_AN23122_Background_rpf_2x0_par3: 0.012654851483239716 +/- 0.0
