CMS_EXO26004_Background_rpf_2x0_par0: 0.0008690876555567375 +/- 0.00018178234925575
CMS_EXO26004_Background_rpf_2x0_par1: 0.004501851762743488 +/- 0.007138025933064843
