CMS_EXO26004_Background_rpf_2x0_par0: 0.08171558853341208 +/- 0.03706257037176939
CMS_EXO26004_Background_rpf_2x0_par1: 0.9999999277316549 +/- 0.0
CMS_EXO26004_Background_rpf_2x0_par2: -3.915646215623715e-07 +/- 5.106511803383579
CMS_EXO26004_Background_rpf_2x0_par3: 2.0 +/- 0.6872191324824577
