CMS_AN23122_Background_rpf_2x0_par0: 0.22609824001484477 +/- 0.5221326416973765
CMS_AN23122_Background_rpf_2x0_par3: 0.013929105576334278 +/- 0.03007939725778034
