CMS_EXO26004_Background_rpf_2x0_par0: 0.04687709668856175 +/- 0.008627047288379363
CMS_EXO26004_Background_rpf_2x0_par1: 0.5031983360305922 +/- 0.29960534246581944
CMS_EXO26004_Background_rpf_2x0_par2: -3.316798570634485e-07 +/- 0.0
CMS_EXO26004_Background_rpf_2x0_par3: 0.016876766948407937 +/- 0.0
