CMS_EXO26004_Background_rpf_2x0_par0: 0.02497314072706377 +/- 0.013261607446324016
CMS_EXO26004_Background_rpf_2x0_par1: 0.503413065456771 +/- 0.8674915589184403
CMS_EXO26004_Background_rpf_2x0_par2: -1.3431030728848666e-07 +/- 6.200131559325113
CMS_EXO26004_Background_rpf_2x0_par3: 0.02879472359588058 +/- 0.0
