CMS_AN23122_Background_rpf_2x0_par0: 9.003177439848454e-07 +/- 0.0
CMS_AN23122_Background_rpf_2x0_par1: 0.7010621752330739 +/- 0.0
CMS_AN23122_Background_rpf_2x0_par2: -4.02408231688151e-05 +/- 4.2296004833015095
CMS_AN23122_Background_rpf_2x0_par3: 0.026657435193011666 +/- 0.010728364409462933
