CMS_AN23122_Background_rpf_2x0_par0: 0.7939833288942884 +/- 3.9460989416495145
CMS_AN23122_Background_rpf_2x0_par3: 0.02569505994426439 +/- 0.12733949584074183
