CMS_EXO26004_Background_rpf_2x0_par0: 0.07235699062945812 +/- 0.02538348595147584
CMS_EXO26004_Background_rpf_2x0_par1: 0.5028218371767207 +/- 0.0
CMS_EXO26004_Background_rpf_2x0_par2: -0.630756678939179 +/- 0.2889501428337766
CMS_EXO26004_Background_rpf_2x0_par3: 0.0015374136817666172 +/- 0.00033285748343788346
