CMS_AN23122_Background_rpf_2x0_par0: 0.9436816459387445 +/- 6.3536672322302294
CMS_AN23122_Background_rpf_2x0_par3: 0.0008771651940423981 +/- 0.005870710522574309
