CMS_EXO26004_Background_rpf_2x0_par0: 0.08380894924603277 +/- 0.012615285697813505
CMS_EXO26004_Background_rpf_2x0_par1: 0.5004301213495782 +/- 0.135846533293508
CMS_EXO26004_Background_rpf_2x0_par2: -0.17795141909759354 +/- 0.19469056595042225
CMS_EXO26004_Background_rpf_2x0_par3: 0.0014485555292218432 +/- 0.0
