CMS_AN23122_Background_rpf_2x0_par0: 0.9789334415878231 +/- 0.5123492575534755
CMS_AN23122_Background_rpf_2x0_par3: 0.0008191228439399306 +/- 0.000441559918328552
