CMS_AN23122_Background_rpf_2x0_par0: 0.0668777165624262 +/- 0.02538862905335503
CMS_AN23122_Background_rpf_2x0_par1: 0.5206239579692893 +/- 2.257424352949542
CMS_AN23122_Background_rpf_2x0_par2: -1.0517027876875973e-07 +/- 24.460704449240847
CMS_AN23122_Background_rpf_2x0_par3: 0.011657946815200833 +/- 0.0
