CMS_AN23122_Background_rpf_2x0_par0: 0.06716045233453449 +/- 0.018491147695309407
CMS_AN23122_Background_rpf_2x0_par1: 0.6071942435373052 +/- 1.5172477331581968
CMS_AN23122_Background_rpf_2x0_par3: 0.06845390440260275 +/- 0.0
