CMS_EXO26004_Background_rpf_2x0_par0: 0.5512302307053781 +/- 2.0944550038520595
CMS_EXO26004_Background_rpf_2x0_par3: 0.0016715612519304598 +/- 0.006291887419809667
