CMS_EXO26004_Background_rpf_2x0_par0: 0.05926333569805516 +/- 0.011029444920915062
CMS_EXO26004_Background_rpf_2x0_par1: 0.9999899462908176 +/- 0.17790467247563807
CMS_EXO26004_Background_rpf_2x0_par2: -0.9037487927954589 +/- 0.1674205810865755
CMS_EXO26004_Background_rpf_2x0_par3: 1.4444299538852212 +/- 0.2633754610001307
