CMS_EXO26004_Background_rpf_2x0_par0: 0.0007345601789817554 +/- 0.00021950168836583662
CMS_EXO26004_Background_rpf_2x0_par1: 0.013495290320681703 +/- 0.009725583414629748
CMS_EXO26004_Background_rpf_2x0_par2: -2.452583859315614e-06 +/- 5.683024726670242
