CMS_EXO26004_Background_rpf_2x0_par0: 0.08383168417930349 +/- 0.012624001429629801
CMS_EXO26004_Background_rpf_2x0_par1: 0.5000141929798199 +/- 0.13598882877174345
CMS_EXO26004_Background_rpf_2x0_par2: -0.17886786045756378 +/- 0.1950709962065997
CMS_EXO26004_Background_rpf_2x0_par3: 0.0014489415192832592 +/- 0.0
