CMS_EXO26004_Background_rpf_2x0_par0: 0.0007058965672342423 +/- 0.00016037211277184795
CMS_EXO26004_Background_rpf_2x0_par1: 0.015423968892257217 +/- 0.00795507563033584
CMS_EXO26004_Background_rpf_2x0_par2: -8.930632027133196e-09 +/- 3.1025153797079636
