CMS_AN23122_Background_rpf_2x0_par0: 0.06721033794575679 +/- 0.01852302787517907
CMS_AN23122_Background_rpf_2x0_par1: 0.603064703417389 +/- 1.5263059034757958
CMS_AN23122_Background_rpf_2x0_par3: 0.06845516548203985 +/- 0.0
