CMS_EXO26004_Background_rpf_2x0_par0: 0.05773572426614706 +/- 0.010553616413258275
CMS_EXO26004_Background_rpf_2x0_par1: 0.9997158230450738 +/- 0.17746532714421473
CMS_EXO26004_Background_rpf_2x0_par2: -0.9071743840062738 +/- 0.24684408398667132
CMS_EXO26004_Background_rpf_2x0_par3: 1.4749160973415385 +/- 0.2643689237810506
