CMS_AN23122_Background_rpf_2x0_par0: 0.7781101634309459 +/- 4.77410079769139
CMS_AN23122_Background_rpf_2x0_par3: 0.0010654313168988615 +/- 0.006456655313776142
