CMS_EXO26004_Background_rpf_2x0_par0: 0.08409247100693447 +/- 0.046024879335616026
CMS_EXO26004_Background_rpf_2x0_par1: 0.5002658583288451 +/- 3.3983925980893193
CMS_EXO26004_Background_rpf_2x0_par2: -1.8973145379338487e-05 +/- 41.48692308078018
CMS_EXO26004_Background_rpf_2x0_par3: 0.010469418359867644 +/- 0.0
