CMS_EXO26004_Background_rpf_2x0_par0: 0.988139310798607 +/- 0.4722569308879102
CMS_EXO26004_Background_rpf_2x0_par3: 0.0009358629032555721 +/- 0.0004557403538053441
