CMS_AN23122_Background_rpf_2x0_par0: 0.700193280673839 +/- 1.548276478905637
CMS_AN23122_Background_rpf_2x0_par3: 0.004535466290493539 +/- 0.009940080019312332
