CMS_EXO26004_Background_rpf_2x0_par0: 0.05512671767452847 +/- 0.0010394769145677838
CMS_EXO26004_Background_rpf_2x0_par1: 0.954474425046909 +/- 0.037688708261579676
CMS_EXO26004_Background_rpf_2x0_par2: -0.8660494043440125 +/- 0.062317682566479266
CMS_EXO26004_Background_rpf_2x0_par3: 1.5447661484911321 +/- 0.0
