CMS_AN23122_Background_rpf_2x0_par0: 0.0699691250567928 +/- 0.012257882301074918
CMS_AN23122_Background_rpf_2x0_par1: 0.5180787091370385 +/- 0.0
CMS_AN23122_Background_rpf_2x0_par3: 0.016996153442492532 +/- 0.0
