CMS_AN23122_Background_rpf_2x0_par0: 0.18297664693701982 +/- 0.31169249448694847
CMS_AN23122_Background_rpf_2x0_par3: 0.017250009940383552 +/- 0.026427797991160934
