CMS_EXO26004_Background_rpf_2x0_par0: 0.09064011221196602 +/- 0.019101670717449015
CMS_EXO26004_Background_rpf_2x0_par1: 0.5126452907776178 +/- 0.6588967124709944
CMS_EXO26004_Background_rpf_2x0_par3: 0.009946166327914297 +/- 0.0
