CMS_EXO26004_Background_rpf_2x0_par0: 0.05450325820064558 +/- 0.010145239091451356
CMS_EXO26004_Background_rpf_2x0_par1: 0.5056785584419649 +/- 0.43096638841385
CMS_EXO26004_Background_rpf_2x0_par2: -9.109687796641846e-05 +/- 0.0
CMS_EXO26004_Background_rpf_2x0_par3: 0.014623711381034708 +/- 0.0
