CMS_AN23122_Background_rpf_2x0_par0: 10.632746367585412 +/- 3.0301229467740045
CMS_AN23122_Background_rpf_2x0_par1: 50.00000054839122 +/- 122.25794469694613
CMS_AN23122_Background_rpf_2x0_par3: 0.00046031074401380235 +/- 0.0
