CMS_AN23122_Background_rpf_2x0_par0: 8.72318641733086 +/- 2.192731440483038
CMS_AN23122_Background_rpf_2x0_par1: 50.000042762770256 +/- 101.65758189758733
CMS_AN23122_Background_rpf_2x0_par3: 0.0001645804738835241 +/- 0.0
