CMS_AN23122_Background_rpf_2x0_par0: 12.517991395417797 +/- 2.0739532324946857
CMS_AN23122_Background_rpf_2x0_par1: 50.11361236721239 +/- 0.0
CMS_AN23122_Background_rpf_2x0_par3: 0.00011728156379695176 +/- 0.0
