CMS_AN23122_Background_rpf_2x0_par0: 0.8084633482074548 +/- 8.40289527355222
CMS_AN23122_Background_rpf_2x0_par3: 0.025279234916617325 +/- 0.2611507718074207
