CMS_EXO26004_Background_rpf_2x0_par0: 0.025104082931731025 +/- 0.012980117081113438
CMS_EXO26004_Background_rpf_2x0_par1: 0.5034637633343669 +/- 0.8489595928398479
CMS_EXO26004_Background_rpf_2x0_par2: 0.0 +/- 6.325837657234582
CMS_EXO26004_Background_rpf_2x0_par3: 0.028704618287961697 +/- 0.0
