CMS_EXO26004_Background_rpf_2x0_par0: 0.000896167297512571 +/- 0.0002886365571161509
CMS_EXO26004_Background_rpf_2x0_par1: 3.877045924431145e-08 +/- 0.0182914866385473
CMS_EXO26004_Background_rpf_2x0_par2: 0.1539368157320232 +/- 0.15189027840357242
