CMS_EXO26004_Background_rpf_2x0_par0: 0.08174657885181663 +/- 0.024132963150916946
CMS_EXO26004_Background_rpf_2x0_par1: 0.999999570759221 +/- 0.0
CMS_EXO26004_Background_rpf_2x0_par2: -2.867505533857761e-07 +/- 1.7458103474164057
CMS_EXO26004_Background_rpf_2x0_par3: 1.9999999999999962 +/- 0.46096886338545684
