CMS_EXO26004_Background_rpf_2x0_par0: 0.0009558966092018537 +/- 0.00028386737837016504
CMS_EXO26004_Background_rpf_2x0_par1: 3.575118817932292e-08 +/- 0.016307670103165212
