CMS_AN23122_Background_rpf_2x0_par0: 10.505820536223125 +/- 5.996109999500648
CMS_AN23122_Background_rpf_2x0_par1: 50.00005808999427 +/- 335.6935467634137
CMS_AN23122_Background_rpf_2x0_par3: 0.000465385799667123 +/- 0.0
