CMS_EXO26004_Background_rpf_2x0_par0: 0.999998903139074 +/- 0.5438773661756309
CMS_EXO26004_Background_rpf_2x0_par3: 0.0009013607899234376 +/- 0.0005000417569109618
