CMS_AN23122_Background_rpf_2x0_par0: 0.09684262519201765 +/- 0.6190869795837133
CMS_AN23122_Background_rpf_2x0_par1: 0.5746025679291777 +/- 4.894975146829684
CMS_AN23122_Background_rpf_2x0_par3: 0.012284485668682416 +/- 0.07981520332888888
