CMS_AN23122_Background_rpf_2x0_par0: 0.5088484130337658 +/- 2.619293053364683
CMS_AN23122_Background_rpf_2x0_par3: 0.0061078959672134555 +/- 0.030942603708290425
