CMS_EXO26004_Background_rpf_2x0_par0: 0.0577933278889986 +/- 0.010646630778909653
CMS_EXO26004_Background_rpf_2x0_par1: 0.9999366407561429 +/- 0.17804493404578145
CMS_EXO26004_Background_rpf_2x0_par2: -0.9082599781291972 +/- 0.16901745909131688
CMS_EXO26004_Background_rpf_2x0_par3: 1.4737176228566677 +/- 0.26690222687676385
