CMS_EXO26004_Background_rpf_2x0_par0: 0.023110254931765127 +/- 0.003994627263804736
CMS_EXO26004_Background_rpf_2x0_par1: 0.5046818123607008 +/- 0.0
CMS_EXO26004_Background_rpf_2x0_par2: 0.0 +/- 0.0
CMS_EXO26004_Background_rpf_2x0_par3: 0.030593288204083524 +/- 0.0
