Background_rpf_2x0_par0: 1.0076664338796602 +/- 0.08570159762343924
Background_rpf_2x0_par1: 50.674219916051904 +/- 4.67718938753191
Background_rpf_2x0_par2: -49.99997030197527 +/- 0.0
Background_rpf_2x0_par3: 0.06024079342570661 +/- 0.0
