Background_rpf_2x0_par0: 1.0077219771731216 +/- 2.1765384915413186
Background_rpf_2x0_par1: 50.67695919297483 +/- 102.73664145720156
Background_rpf_2x0_par2: -49.999970098309305 +/- 0.0
Background_rpf_2x0_par3: 0.06023744994040976 +/- 0.12687935435837266
