Background_rpf_2x0_par0: 1.531796953677966 +/- 0.04457693609459155
Background_rpf_2x0_par1: 50.00015257327041 +/- 4.890914530159605
Background_rpf_2x0_par2: -49.999999999998806 +/- 0.0
Background_rpf_2x0_par3: 0.059324681639959756 +/- 0.0
