Background_rpf_2x0_par0: 1.0076658606453648 +/- 0.08579022299068945
Background_rpf_2x0_par1: 50.674213409155364 +/- 4.6817533721591476
Background_rpf_2x0_par2: -49.99997071814387 +/- 0.0
Background_rpf_2x0_par3: 0.06024080899078252 +/- 0.0
