Background_rpf_2x0_par0: 1.0076631687592765 +/- 0.08574616481496036
Background_rpf_2x0_par1: 50.67402328830052 +/- 4.679594416373527
Background_rpf_2x0_par2: -49.99997068431709 +/- 0.0
Background_rpf_2x0_par3: 0.060241009813293424 +/- 0.0
