Background_rpf_2x0_par0: 1.531533833320365 +/- 0.044577851305656384
Background_rpf_2x0_par1: 50.00060135871689 +/- 4.8924989325296
Background_rpf_2x0_par2: -49.99999513152949 +/- 0.0
Background_rpf_2x0_par3: 0.059331289817879045 +/- 0.0
