CMS_EXO26004_Background_rpf_2x0_par0: 0.08173857600321574 +/- 0.024399405827982595
CMS_EXO26004_Background_rpf_2x0_par1: 0.9999997069490799 +/- 0.0
CMS_EXO26004_Background_rpf_2x0_par2: -4.635228571217738e-07 +/- 2.018866685506192
CMS_EXO26004_Background_rpf_2x0_par3: 2.0 +/- 0.4643157972738518
