CMS_AN23122_Background_rpf_1x0_par0: 0.09241487157468552 +/- 0.0016410777246147978
CMS_AN23122_Background_rpf_1x0_par1: 0.8097725648633128 +/- 0.036790898730823085
