CMS_EXO26004_Background_rpf_2x0_par0: 0.08173294380495313 +/- 0.02464162048694636
CMS_EXO26004_Background_rpf_2x0_par1: 0.9999998577316479 +/- 0.0
CMS_EXO26004_Background_rpf_2x0_par2: -7.711455947542398e-09 +/- 2.3662632046911636
CMS_EXO26004_Background_rpf_2x0_par3: 2.0 +/- 0.46735403323659724
