CMS_EXO26004_Background_rpf_2x0_par0: 0.02733877287743775 +/- 0.019274583645458636
CMS_EXO26004_Background_rpf_2x0_par1: 0.5022670532875001 +/- 1.3139867896686033
CMS_EXO26004_Background_rpf_2x0_par2: -2.0429865788787645e-07 +/- 16.37935169483282
CMS_EXO26004_Background_rpf_2x0_par3: 0.026869100529417593 +/- 0.0
