CMS_EXO26004_Background_rpf_2x0_par0: 0.0008978241681595372 +/- 0.0003985606738496105
CMS_EXO26004_Background_rpf_2x0_par1: 6.495574023589971e-09 +/- 0.02679625979045803
CMS_EXO26004_Background_rpf_2x0_par2: 0.13502938930830466 +/- 0.2979625390013528
