CMS_EXO26004_Background_rpf_2x0_par0: 0.0008003622645712779 +/- 0.0001787479123207268
CMS_EXO26004_Background_rpf_2x0_par1: 0.007535002518665985 +/- 0.00982937290604077
