CMS_AN23122_Background_rpf_2x0_par0: 6.048135853777863 +/- 1.4435291180009056
CMS_AN23122_Background_rpf_2x0_par1: 50.000028289380396 +/- 68.13484728072683
CMS_AN23122_Background_rpf_2x0_par3: 0.00020881853616031611 +/- 0.0
