CMS_AN23122_Background_rpf_2x0_par0: 3.6301361168505752 +/- 0.8820762556311079
CMS_AN23122_Background_rpf_2x0_par1: 50.00002785198335 +/- 38.60310326652704
CMS_AN23122_Background_rpf_2x0_par3: 0.0002709207787156973 +/- 0.0
