CMS_AN23122_Background_rpf_1x0_par0: 0.1240997495947185 +/- 0.0012388858462748767
CMS_AN23122_Background_rpf_1x0_par1: 0.09999999999999273 +/- 0.026284334454402276
