CMS_AN23122_Background_rpf_1x0_par0: 0.1241019342941659 +/- 0.0012392896372026287
CMS_AN23122_Background_rpf_1x0_par1: 0.0999999999999997 +/- 0.026338023645063175
