CMS_AN23122_Background_rpf_1x0_par0: 0.12231522845116059 +/- 0.0012500474443893897
CMS_AN23122_Background_rpf_1x0_par1: 0.09999999999999509 +/- 0.03231834490958956
