CMS_AN23122_Background_rpf_1x0_par0: 0.12242676301545646 +/- 0.0012840615011164627
CMS_AN23122_Background_rpf_1x0_par1: 0.09999999999999977 +/- 0.0365258642460706
