CMS_AN23122_Background_rpf_1x0_par0: 0.12400647960213805 +/- 0.0012236423642043876
CMS_AN23122_Background_rpf_1x0_par1: 0.09999999999999992 +/- 0.024209905377993134
