CMS_AN23122_Background_rpf_1x0_par0: 0.12242279455304256 +/- 0.0012753246922656695
CMS_AN23122_Background_rpf_1x0_par1: 0.09999999999999995 +/- 0.035522637151672115
