CMS_EXO26004_Background_rpf_2x0_par0: 0.000713718999987103 +/- 0.0001688354313500131
CMS_EXO26004_Background_rpf_2x0_par1: 0.014763546983965923 +/- 0.008504432373424693
CMS_EXO26004_Background_rpf_2x0_par2: -8.820427510429496e-08 +/- 3.4820984118190776
