CMS_EXO26004_Background_rpf_2x0_par0: 0.11887865426320048 +/- 0.025293031040047376
CMS_EXO26004_Background_rpf_2x0_par1: 0.5171287130443327 +/- 0.9169083886665608
CMS_EXO26004_Background_rpf_2x0_par3: 0.007658985666371908 +/- 0.0
