CMS_EXO26004_Background_rpf_2x0_par0: 0.0009016185802686045 +/- 0.00018304189811085082
CMS_EXO26004_Background_rpf_2x0_par1: 0.00573023286434074 +/- 0.00627051853071048
