CMS_AN23122_Background_rpf_2x0_par0: 0.7534838329747069 +/- 0.24960193221072904
CMS_AN23122_Background_rpf_2x0_par3: 0.027108066386014283 +/- 0.0
