CMS_EXO26004_Background_rpf_2x0_par0: 0.07629208087133887 +/- 0.017774446998549423
CMS_EXO26004_Background_rpf_2x0_par1: 0.733611489459991 +/- 1.3984588585342932
CMS_EXO26004_Background_rpf_2x0_par2: -3.6091212450768163e-07 +/- 18.118839284542467
CMS_EXO26004_Background_rpf_2x0_par3: 0.010399089518774779 +/- 0.0
