CMS_AN23122_Background_rpf_2x0_par0: 0.9980911595422662 +/- 0.5308323249449737
CMS_AN23122_Background_rpf_2x0_par3: 0.0007949972273637425 +/- 0.00043599687104296054
