CMS_EXO26004_Background_rpf_2x0_par0: 0.0007894622099631455 +/- 0.00017223396694826166
CMS_EXO26004_Background_rpf_2x0_par1: 0.008449694695243842 +/- 0.009105800364975478
