CMS_AN23122_Background_rpf_2x0_par0: 0.12749483378125107 +/- 0.17745706392051525
CMS_AN23122_Background_rpf_2x0_par3: 0.0243120048729709 +/- 0.029695590440629114
