Background_rpf_sigmoid_par0: 0.08239671700504612 +/- 0.00769448751871492
Background_rpf_sigmoid_par1: 0.9290933851060843 +/- 0.0
Background_rpf_sigmoid_par2: 2.6988228743651064 +/- 0.0
Background_rpf_sigmoid_par3: 0.3183951551330239 +/- 0.0
Background_rpf_sigmoid_par4: 3.4932014779036953 +/- 0.0
