Background_rpf_sigmoid_par0: 0.06317264777167776 +/- 0.0016062631094372404
Background_rpf_sigmoid_par1: 2.4499521611443114 +/- 0.0
Background_rpf_sigmoid_par2: 1.5876191130113427e-06 +/- 0.0
Background_rpf_sigmoid_par3: 1.3354322098070441 +/- 0.0
Background_rpf_sigmoid_par4: 18.9849407232119 +/- 1.937108666819116
