Background_rpf_sigmoid_par0: 0.08196499354001906 +/- 0.12027857479418114
Background_rpf_sigmoid_par1: 1.6375044089781567 +/- 0.0
Background_rpf_sigmoid_par2: 6.370198973621333e-07 +/- 0.0
Background_rpf_sigmoid_par3: 0.20376418642831742 +/- 3.424927598099884
Background_rpf_sigmoid_par4: 7.906339067118151 +/- 11.670955462001595
