Background_rpf_sigmoid_par0: 0.08256983033085348 +/- 0.27634105546841353
Background_rpf_sigmoid_par1: 1.0471442463344656 +/- 0.0
Background_rpf_sigmoid_par2: 4.824808255187089 +/- 11.670672134396721
Background_rpf_sigmoid_par3: 0.2922939559720914 +/- 5.936520238583146
Background_rpf_sigmoid_par4: 2.2829875897065235 +/- 5.41734473110808
