Background_rpf_sigmoid_par0: 0.08178418545874681 +/- 0.9451036294346196
Background_rpf_sigmoid_par1: 1.3292097066824888 +/- 0.0
Background_rpf_sigmoid_par2: 2.4819734489455354 +/- 0.0
Background_rpf_sigmoid_par3: 0.2882234591750269 +/- 22.69971457917992
Background_rpf_sigmoid_par4: 4.0531316725691395 +/- 27.22734370573501
