Background_rpf_sigmoid_par0: 0.08329406826528618 +/- 0.2313494070768046
Background_rpf_sigmoid_par1: 0.9253965967117165 +/- 0.0
Background_rpf_sigmoid_par2: 4.425806149589181 +/- 48.86794496754817
Background_rpf_sigmoid_par3: 0.33534497811125036 +/- 4.5385289448596176
Background_rpf_sigmoid_par4: 2.5008613789211522 +/- 25.210010774750124
