Background_rpf_sigmoid_par0: 0.0782374075833714 +/- 0.005370123426017594
Background_rpf_sigmoid_par1: 1.2690782293832021 +/- 0.0
Background_rpf_sigmoid_par2: 0.020516032812972478 +/- 0.0
Background_rpf_sigmoid_par3: 0.27469784402046316 +/- 0.0
Background_rpf_sigmoid_par4: 5.511797928092967 +/- 0.0
