Background_rpf_sigmoid_par0: 0.08061860619596016 +/- 0.13636274578528915
Background_rpf_sigmoid_par1: 1.5539176772584398 +/- 0.0
Background_rpf_sigmoid_par2: 1.4504027844475676e-06 +/- 0.0
Background_rpf_sigmoid_par3: 0.23357483267350349 +/- 3.7747558880528853
Background_rpf_sigmoid_par4: 7.784151649607653 +/- 13.875230981288196
