Background_rpf_sigmoid_par0: 0.1106660939310105 +/- 0.003034043381924391
Background_rpf_sigmoid_par1: 3.6211045957993013 +/- 0.0
Background_rpf_sigmoid_par2: 41.48050293472795 +/- 5.941105062837475
Background_rpf_sigmoid_par3: 1.9920880133698078 +/- 0.0
Background_rpf_sigmoid_par4: 0.49678776545113634 +/- 1.3342138935714236
