Background_rpf_sigmoid_par0: 0.08139694785102829 +/- 0.0
Background_rpf_sigmoid_par1: 1.0235032318978237 +/- 0.0
Background_rpf_sigmoid_par2: 4.294162162934643 +/- 11.354254445519217
Background_rpf_sigmoid_par3: 0.298463792035715 +/- 0.1376075796106443
Background_rpf_sigmoid_par4: 1.9135105673809918 +/- 5.3150433633615535
