CMS_EXO26004_Background_rpf_2x0_par0: 0.0007059402144151856 +/- 0.00015516585092379456
CMS_EXO26004_Background_rpf_2x0_par1: 0.013811462995366305 +/- 0.011929302065210534
CMS_EXO26004_Background_rpf_2x0_par2: -2.1898257053177476e-06 +/- 5.864864263278889
