CMS_EXO26004_Background_rpf_2x0_par0: 0.049855137999100324 +/- 0.009232221138801074
CMS_EXO26004_Background_rpf_2x0_par1: 0.5031643515348584 +/- 0.37208436903860603
CMS_EXO26004_Background_rpf_2x0_par2: -2.5244379069783163e-13 +/- 0.0
CMS_EXO26004_Background_rpf_2x0_par3: 0.0159273440124609 +/- 0.0
