CMS_EXO26004_Background_rpf_2x0_par0: 0.10567129948036014 +/- 0.3391718752209399
CMS_EXO26004_Background_rpf_2x0_par1: 0.6320166790135584 +/- 2.07426366678255
CMS_EXO26004_Background_rpf_2x0_par2: -0.22575885552186434 +/- 0.8062713513310324
CMS_EXO26004_Background_rpf_2x0_par3: 0.0011482822341125143 +/- 0.0037046094146375385
