CMS_EXO26004_Background_rpf_2x0_par0: 0.04136050535729314 +/- 0.012085108799819352
CMS_EXO26004_Background_rpf_2x0_par1: 0.5003488175397318 +/- 0.5883648449901492
CMS_EXO26004_Background_rpf_2x0_par2: -1.2936571520917248e-07 +/- 0.0
CMS_EXO26004_Background_rpf_2x0_par3: 0.019300672944321872 +/- 0.0
