CMS_AN23122_Background_rpf_2x0_par0: 13.820281676868788 +/- 3.31796344059965
CMS_AN23122_Background_rpf_2x0_par1: 50.00054172150046 +/- 31.91129338635928
CMS_AN23122_Background_rpf_2x0_par2: -49.99990896673822 +/- 0.0
CMS_AN23122_Background_rpf_2x0_par3: 0.0002890421546593122 +/- 0.0
