CMS_EXO26004_Background_rpf_2x0_par0: 0.5571842868745093 +/- 1.9190790825722157
CMS_EXO26004_Background_rpf_2x0_par3: 0.0016536971012629902 +/- 0.005647139459290187
