CMS_EXO26004_Background_rpf_2x0_par0: 0.08360173839940871 +/- 0.012571666657508255
CMS_EXO26004_Background_rpf_2x0_par1: 0.5000042960479277 +/- 0.13533655754072324
CMS_EXO26004_Background_rpf_2x0_par2: -0.1846320909657587 +/- 0.1941518145999591
CMS_EXO26004_Background_rpf_2x0_par3: 0.0014505168035972165 +/- 0.0
