CMS_AN23122_Background_rpf_2x0_par0: 10.883264520364383 +/- 3.0850553271943255
CMS_AN23122_Background_rpf_2x0_par1: 50.000012690865276 +/- 123.68489555928846
CMS_AN23122_Background_rpf_2x0_par3: 0.0004507378504810954 +/- 0.0
