CMS_EXO26004_Background_rpf_2x0_par0: 0.05039318217457737 +/- 0.009278159752195442
CMS_EXO26004_Background_rpf_2x0_par1: 0.5040418474194029 +/- 0.3527263867974416
CMS_EXO26004_Background_rpf_2x0_par2: -4.864517099273185e-05 +/- 0.0
CMS_EXO26004_Background_rpf_2x0_par3: 0.01570161306517539 +/- 0.0
