CMS_AN23122_Background_rpf_2x0_par0: 0.059252512698326786 +/- 0.3296860921507953
CMS_AN23122_Background_rpf_2x0_par1: 0.6456058266156556 +/- 4.727247040412643
CMS_AN23122_Background_rpf_2x0_par3: 0.0841890806381897 +/- 0.48119465242769155
