CMS_AN23122_Background_rpf_2x0_par0: 0.06866623626887733 +/- 0.1937783232974917
CMS_AN23122_Background_rpf_2x0_par1: 0.5125120329632272 +/- 0.0
CMS_AN23122_Background_rpf_2x0_par3: 0.07352579812093679 +/- 0.20460810838462476
