CMS_AN23122_Background_rpf_1x0_par0: 0.0011905037685215247 +/- 0.00021618142602864763
CMS_AN23122_Background_rpf_1x0_par1: 0.0038127684952142344 +/- 0.007544160455890384
