CMS_AN23122_Background_rpf_1x0_par0: 0.0011907018170155233 +/- 0.00021609540008608508
CMS_AN23122_Background_rpf_1x0_par1: 0.003573820731158968 +/- 0.007573673953400415
