Background_rpf_2x0_par0: 1.676039651405073 +/- 0.04034550237562408
Background_rpf_2x0_par1: 54.30076583959365 +/- 7.524163319904593
Background_rpf_2x0_par2: -49.99999176328539 +/- 0.0
Background_rpf_2x0_par3: 0.05431367006791134 +/- 0.0
