CMS_EXO26004_Background_rpf_2x0_par0: 0.0007137058798196668 +/- 0.0001626669825537105
CMS_EXO26004_Background_rpf_2x0_par1: 0.014741155730053046 +/- 0.00800796548430006
CMS_EXO26004_Background_rpf_2x0_par2: -2.191421603887889e-06 +/- 3.2523497068711404
