Background_rpf_2x0_par0: 1.5314898786165219 +/- 0.07518930553236597
Background_rpf_2x0_par1: 50.00339493856574 +/- 8.45391887495479
Background_rpf_2x0_par2: -49.99999088128776 +/- 142.96376409169656
Background_rpf_2x0_par3: 0.05933084891447872 +/- 0.0
