Background_rpf_2x0_par0: 2.9844737509777466 +/- 0.09904963364439456
Background_rpf_2x0_par1: 54.91539012898156 +/- 4.117968017772119
Background_rpf_2x0_par2: -43.60630416282232 +/- 0.0
Background_rpf_2x0_par3: 0.05053549348985528 +/- 0.0
