CMS_AN23122_Background_rpf_2x0_par0: 0.7347017593711697 +/- 4.59977925157526
CMS_AN23122_Background_rpf_2x0_par3: 0.004320942732296069 +/- 0.026884366452220768
