CMS_EXO26004_Background_rpf_2x0_par0: 0.0007285054672526484 +/- 0.00017260591440712022
CMS_EXO26004_Background_rpf_2x0_par1: 0.011926566853958662 +/- 0.01058054519204939
