CMS_AN23122_Background_rpf_2x0_par0: 0.333356934273576 +/- 1.4163363137440579
CMS_AN23122_Background_rpf_2x0_par3: 0.009534978784535185 +/- 0.03937928507315774
