CMS_AN23122_Background_rpf_2x0_par0: 8.724348310783922 +/- 17.226443247286905
CMS_AN23122_Background_rpf_2x0_par1: 50.00004271766553 +/- 0.0
CMS_AN23122_Background_rpf_2x0_par3: 0.00016456065630432332 +/- 0.0003020814168721334
