CMS_AN23122_Background_rpf_2x0_par0: 13.027788145601445 +/- 2.3428697853632126
CMS_AN23122_Background_rpf_2x0_par1: 50.07110291273923 +/- 95.7829392944699
CMS_AN23122_Background_rpf_2x0_par3: 0.00011252664321853597 +/- 0.0
