CMS_EXO26004_Background_rpf_2x0_par0: 0.08376728813487462 +/- 0.012673539199882556
CMS_EXO26004_Background_rpf_2x0_par1: 0.5001375585075611 +/- 0.13685067112148397
CMS_EXO26004_Background_rpf_2x0_par2: -0.17787713679068654 +/- 0.1961929513634646
CMS_EXO26004_Background_rpf_2x0_par3: 0.0014491873853798762 +/- 0.0
