CMS_EXO26004_Background_rpf_2x0_par0: 0.02382052946870866 +/- 0.013084859597608143
CMS_EXO26004_Background_rpf_2x0_par1: 0.5042372757840797 +/- 0.863924582487976
CMS_EXO26004_Background_rpf_2x0_par2: -1.3706562361449556e-07 +/- 6.294540385150974
CMS_EXO26004_Background_rpf_2x0_par3: 0.0298824799676843 +/- 0.0
