CMS_EXO26004_Background_rpf_2x0_par0: 0.023672344120316713 +/- 0.012821207568057446
CMS_EXO26004_Background_rpf_2x0_par1: 0.5044977154132048 +/- 0.8427453704924046
CMS_EXO26004_Background_rpf_2x0_par2: -1.885943916985454e-08 +/- 7.921762448574843
CMS_EXO26004_Background_rpf_2x0_par3: 0.0300316054906043 +/- 0.0
