CMS_EXO26004_Background_rpf_2x0_par0: 0.0008961181743460218 +/- 0.00029675585672633105
CMS_EXO26004_Background_rpf_2x0_par1: 2.4963213921924254e-08 +/- 0.018902977415327735
CMS_EXO26004_Background_rpf_2x0_par2: 0.1547858600767565 +/- 0.15677821971832132
