CMS_AN23122_Background_rpf_2x0_par0: 0.45252013709025485 +/- 1.0352946974849426
CMS_AN23122_Background_rpf_2x0_par3: 0.006920265728029832 +/- 0.015658260628633118
