CMS_AN23122_Background_rpf_2x0_par0: 0.05343354667865586 +/- 0.020192088268658207
CMS_AN23122_Background_rpf_2x0_par1: 0.5043336259131086 +/- 1.7797710747356927
CMS_AN23122_Background_rpf_2x0_par2: -4.378288912079459e-06 +/- 21.115701312752527
CMS_AN23122_Background_rpf_2x0_par3: 0.014431852774586676 +/- 0.0
