CMS_AN23122_Background_rpf_2x0_par0: 0.06721472041741894 +/- 0.465860070185398
CMS_AN23122_Background_rpf_2x0_par1: 0.6031026052248646 +/- 5.905945320239708
CMS_AN23122_Background_rpf_2x0_par3: 0.0684589386727148 +/- 0.4890512178908478
