Background_rpf_expo_par0: -0.9999999999999013 +/- 0.0
Background_rpf_expo_par1: -4.324845549294331 +/- 0.010504005306391286
