CMS_AN23122_Background_rpf_2x0_par0: 3.6989268743312773 +/- 1.2394291860873343
CMS_AN23122_Background_rpf_2x0_par1: 50.00000000006262 +/- 54.9478701277674
CMS_AN23122_Background_rpf_2x0_par3: 0.0008854434336589884 +/- 0.0
