CMS_AN23122_Background_rpf_2x0_par0: 3.6999280608112013 +/- 9.570588044497962
CMS_AN23122_Background_rpf_2x0_par1: 50.00000052490847 +/- 0.0
CMS_AN23122_Background_rpf_2x0_par3: 0.0008852920473588615 +/- 0.0018701605019667501
