CMS_AN23122_Background_rpf_2x0_par0: 0.08439258457528342 +/- 0.016162983479910086
CMS_AN23122_Background_rpf_2x0_par1: 0.5434058312747259 +/- 1.3191390839825365
CMS_AN23122_Background_rpf_2x0_par3: 0.014110738357044152 +/- 0.0
