CMS_EXO26004_Background_rpf_2x0_par0: 0.08172993038296766 +/- 0.024606079608989622
CMS_EXO26004_Background_rpf_2x0_par1: 0.9999980983304156 +/- 0.0
CMS_EXO26004_Background_rpf_2x0_par2: -1.7394449429135187e-06 +/- 2.2240083591849085
CMS_EXO26004_Background_rpf_2x0_par3: 1.9999999999999998 +/- 0.4670890863083346
