CMS_EXO26004_Background_rpf_2x0_par0: 0.0009075201349950619 +/- 0.00012741315134312306
CMS_EXO26004_Background_rpf_2x0_par1: 5.0772748351013246e-09 +/- 0.0
CMS_EXO26004_Background_rpf_2x0_par2: 0.11453754250132459 +/- 0.1478028976704236
