CMS_EXO26004_Background_rpf_2x0_par0: 0.023995298184755598 +/- 0.017565493583460007
CMS_EXO26004_Background_rpf_2x0_par1: 0.5041222109978586 +/- 1.2962088509950063
CMS_EXO26004_Background_rpf_2x0_par2: -6.511146826405044e-07 +/- 0.0
CMS_EXO26004_Background_rpf_2x0_par3: 0.029713898007265736 +/- 0.0
