CMS_EXO26004_Background_rpf_2x0_par0: 0.05350009714335954 +/- 0.021259040778870225
CMS_EXO26004_Background_rpf_2x0_par1: 0.5104225294912031 +/- 1.9032090004140492
CMS_EXO26004_Background_rpf_2x0_par2: -0.00021409334929473587 +/- 22.589176595274424
CMS_EXO26004_Background_rpf_2x0_par3: 0.014292699551187131 +/- 0.0
