CMS_EXO26004_Background_rpf_2x0_par0: 0.05391170175869067 +/- 0.009590330902600207
CMS_EXO26004_Background_rpf_2x0_par1: 0.5127232265461092 +/- 0.3312047546626221
CMS_EXO26004_Background_rpf_2x0_par2: -7.650022108840471e-14 +/- 0.0
CMS_EXO26004_Background_rpf_2x0_par3: 0.014202116153448045 +/- 0.0
