CMS_EXO26004_Background_rpf_2x0_par0: 0.10566975344148434 +/- 0.20487564771305025
CMS_EXO26004_Background_rpf_2x0_par1: 0.6311188593381719 +/- 1.2665626692881702
CMS_EXO26004_Background_rpf_2x0_par2: -0.22541603686076855 +/- 0.5266693865745371
CMS_EXO26004_Background_rpf_2x0_par3: 0.0011483713646287096 +/- 0.0022419913590748667
