CMS_EXO26004_Background_rpf_2x0_par0: 0.42417086299443896 +/- 0.8490172091708568
CMS_EXO26004_Background_rpf_2x0_par3: 0.002166960097862979 +/- 0.004287748806049777
