CMS_EXO26004_Background_rpf_2x0_par0: 0.0007436749748497405 +/- 0.00020115545007106888
CMS_EXO26004_Background_rpf_2x0_par1: 0.010042069393497026 +/- 0.015291737479977327
