CMS_AN23122_Background_rpf_2x0_par0: 0.15480594838455278 +/- 0.23874749243893736
CMS_AN23122_Background_rpf_2x0_par3: 0.020188828726809997 +/- 0.027580625253671276
