CMS_EXO26004_Background_rpf_2x0_par0: 0.0008960511444778207 +/- 0.0002935040671654129
CMS_EXO26004_Background_rpf_2x0_par1: 1.5401123407729304e-08 +/- 0.018663306333963972
CMS_EXO26004_Background_rpf_2x0_par2: 0.15527651243753535 +/- 0.1550728593451054
