CMS_EXO26004_Background_rpf_2x0_par0: 0.023253171392882955 +/- 0.013069664794599792
CMS_EXO26004_Background_rpf_2x0_par1: 0.5046599234522147 +/- 0.8758374315708469
CMS_EXO26004_Background_rpf_2x0_par2: -3.6173666800691506e-09 +/- 6.028012225894534
CMS_EXO26004_Background_rpf_2x0_par3: 0.030423532832208312 +/- 0.0
