CMS_AN23122_Background_rpf_2x0_par0: 0.07821092575743202 +/- 0.7632987532710755
CMS_AN23122_Background_rpf_2x0_par1: 10.000378843736097 +/- 0.3275804041070536
CMS_AN23122_Background_rpf_2x0_par2: -82.73987832919003 +/- 20.706443855077918
CMS_AN23122_Background_rpf_2x0_par3: 0.006290493461387165 +/- 0.01785814932166087
