CMS_AN23122_Background_rpf_2x0_par0: 99.99999999999989 +/- 17.47675254737347
CMS_AN23122_Background_rpf_2x0_par1: 50.00000000000007 +/- 0.0
CMS_AN23122_Background_rpf_2x0_par2: -49.999999999999936 +/- 0.0
CMS_AN23122_Background_rpf_2x0_par3: 1.897766460723941e-05 +/- 3.1158710040425655e-06
