CMS_AN23122_Background_rpf_2x0_par0: 499.99568087563716 +/- 103.20666374097449
CMS_AN23122_Background_rpf_2x0_par1: 50.000000053356736 +/- 0.0
CMS_AN23122_Background_rpf_2x0_par2: -477.3914027887996 +/- 95.41378446247653
CMS_AN23122_Background_rpf_2x0_par3: 3.0326651581111695e-06 +/- 6.26331065293913e-07
