CMS_AN23122_Background_rpf_2x0_par0: 99.99999999999997 +/- 20.402001384491808
CMS_AN23122_Background_rpf_2x0_par1: 50.000000000000014 +/- 0.0
CMS_AN23122_Background_rpf_2x0_par2: -49.99999999999997 +/- 0.0
CMS_AN23122_Background_rpf_2x0_par3: 1.2340742100401079e-05 +/- 2.3821526877216113e-06
