CMS_AN23122_Background_rpf_2x0_par0: 99.99999999999784 +/- 20.42046110491762
CMS_AN23122_Background_rpf_2x0_par1: 50.00000000000002 +/- 0.0
CMS_AN23122_Background_rpf_2x0_par2: -50.0 +/- 0.0
CMS_AN23122_Background_rpf_2x0_par3: 1.2311819221269038e-05 +/- 2.4134435053478224e-06
