CMS_AN23122_Background_rpf_2x0_par0: 0.0009086557613084532 +/- 0.016530692684271275
CMS_AN23122_Background_rpf_2x0_par1: 10.000513933089014 +/- 0.0
CMS_AN23122_Background_rpf_2x0_par2: -84.71447605287133 +/- 3.2026278274845073
CMS_AN23122_Background_rpf_2x0_par3: 0.00875405112658727 +/- 0.0
