CMS_AN23122_Background_rpf_2x0_par0: 0.014754621650965909 +/- 0.0
CMS_AN23122_Background_rpf_2x0_par3: 0.0003667557338030944 +/- 0.0002459350616371372
