CMS_AN23122_Background_rpf_2x0_par0: 99.99999999999989 +/- 20.403105826701854
CMS_AN23122_Background_rpf_2x0_par1: 50.00000000000016 +/- 0.0
CMS_AN23122_Background_rpf_2x0_par2: -49.9999999999998 +/- 0.0
CMS_AN23122_Background_rpf_2x0_par3: 1.2340742121205655e-05 +/- 2.3822730969048314e-06
