CMS_AN23122_Background_rpf_2x0_par0: 99.99999999999976 +/- 25.162455235880323
CMS_AN23122_Background_rpf_2x0_par1: 50.0 +/- 0.0
CMS_AN23122_Background_rpf_2x0_par2: -49.99999999999998 +/- 0.0
CMS_AN23122_Background_rpf_2x0_par3: 1.1051635250467002e-05 +/- 2.5723872137265406e-06
