CMS_AN23122_Background_rpf_2x0_par0: 99.99941268173257 +/- 17.647040043724203
CMS_AN23122_Background_rpf_2x0_par1: 50.00000645239454 +/- 0.0
CMS_AN23122_Background_rpf_2x0_par2: -49.999996064708775 +/- 0.0
CMS_AN23122_Background_rpf_2x0_par3: 1.4827999261997247e-05 +/- 2.470180046657061e-06
