CMS_AN23122_Background_rpf_2x0_par0: 99.99999999999997 +/- 21.749998429867006
CMS_AN23122_Background_rpf_2x0_par1: 50.0 +/- 0.0
CMS_AN23122_Background_rpf_2x0_par2: -50.0 +/- 0.0
CMS_AN23122_Background_rpf_2x0_par3: 8.244059175233748e-06 +/- 1.6697207465422768e-06
