CMS_AN23122_Background_rpf_2x0_par0: 99.99999999999996 +/- 20.41816926134079
CMS_AN23122_Background_rpf_2x0_par1: 50.0 +/- 0.0
CMS_AN23122_Background_rpf_2x0_par2: -49.99999999999998 +/- 0.0
CMS_AN23122_Background_rpf_2x0_par3: 1.231183832615674e-05 +/- 2.4042337910408076e-06
