CMS_AN23122_Background_rpf_2x0_par0: 99.99999999999982 +/- 30.74951821966558
CMS_AN23122_Background_rpf_2x0_par1: 50.000000000029246 +/- 0.0
CMS_AN23122_Background_rpf_2x0_par2: -49.999999999999964 +/- 0.0
CMS_AN23122_Background_rpf_2x0_par3: 1.034285172822918e-05 +/- 2.915595486363668e-06
