CMS_EXO26004_Background_rpf_2x0_par0: 0.0007596979827894303 +/- 0.0001750270004960993
CMS_EXO26004_Background_rpf_2x0_par1: 0.009520544769159724 +/- 0.010157393944588726
