CMS_AN23122_Background_rpf_1x0_par0: 0.013701067643997365 +/- 0.0068599517413027115
CMS_AN23122_Background_rpf_1x0_par1: 0.5399548594508812 +/- 0.21857173331313173
