CMS_AN23122_Background_rpf_1x0_par0: 0.01376483022937843 +/- 0.0074007804236685465
CMS_AN23122_Background_rpf_1x0_par1: 0.538511818957551 +/- 0.2629634914569858
