Background_rpf_expo_par0: -0.9999999999986979 +/- 1.2172261891842044
Background_rpf_expo_par1: -4.376887903372079 +/- 0.02921562509751434
