Background_rpf_expo_par0: -0.9999999999973276 +/- 0.6907939991996921
Background_rpf_expo_par1: -4.338365404084844 +/- 0.02001908936783289
