CMS_AN23122_Background_rpf_2x0_par0: 0.0751094983715078 +/- 1.2238049218844087
CMS_AN23122_Background_rpf_2x0_par1: 0.5517742496847361 +/- 10.98335387701002
CMS_AN23122_Background_rpf_2x0_par3: 0.015816390054086662 +/- 0.261531496365581
