CMS_EXO26004_Background_rpf_2x0_par0: 0.8253057561963014 +/- 3.4483380074266305
CMS_EXO26004_Background_rpf_2x0_par3: 0.0010370025937795672 +/- 0.004293412592214462
