CMS_EXO26004_Background_rpf_2x0_par0: 0.0577785511975113 +/- 0.010531299845853449
CMS_EXO26004_Background_rpf_2x0_par1: 0.999883330175323 +/- 0.17610951787303256
CMS_EXO26004_Background_rpf_2x0_par2: -0.9079554905542114 +/- 0.16739992252907368
CMS_EXO26004_Background_rpf_2x0_par3: 1.4739967555819748 +/- 0.26406825157293184
