CMS_AN23122_Background_rpf_2x0_par0: 0.9920428564362405 +/- 0.4947126985761787
CMS_AN23122_Background_rpf_2x0_par3: 0.0008569204321917448 +/- 0.0004355094175082834
