CMS_EXO26004_Background_rpf_2x0_par0: 0.053283418090195975 +/- 0.0009561094458876282
CMS_EXO26004_Background_rpf_2x0_par1: 0.9237603243298694 +/- 0.03139824186658357
CMS_EXO26004_Background_rpf_2x0_par2: -0.849999532330524 +/- 0.07612526718230293
CMS_EXO26004_Background_rpf_2x0_par3: 1.5979105933010649 +/- 0.0
