CMS_AN23122_Background_rpf_2x0_par0: 0.0767599583057281 +/- 0.3467984606260289
CMS_AN23122_Background_rpf_2x0_par1: 0.5541292594657133 +/- 3.347899955536575
CMS_AN23122_Background_rpf_2x0_par3: 0.015487037966967095 +/- 0.07120388289953045
