CMS_EXO26004_Background_rpf_2x0_par0: 0.05758585502702945 +/- 0.010393420052126442
CMS_EXO26004_Background_rpf_2x0_par1: 0.999597082185676 +/- 0.17455777196667058
CMS_EXO26004_Background_rpf_2x0_par2: -0.9262380778873051 +/- 0.18250919104658014
CMS_EXO26004_Background_rpf_2x0_par3: 1.4781683694879864 +/- 0.2622671628992221
