CMS_AN23122_Background_rpf_2x0_par0: 0.07310941785296246 +/- 0.01943795222828707
CMS_AN23122_Background_rpf_2x0_par1: 0.5029993814281012 +/- 0.6581768855222626
CMS_AN23122_Background_rpf_2x0_par2: -1.5551351029445461e-06 +/- 0.0
CMS_AN23122_Background_rpf_2x0_par3: 0.04247154306219562 +/- 0.0
