CMS_AN23122_Background_rpf_2x0_par0: 0.16083206201239517 +/- 0.3027502591103733
CMS_AN23122_Background_rpf_2x0_par3: 0.019590063799876906 +/- 0.03344364286761572
