CMS_EXO26004_Background_rpf_2x0_par0: 0.0571230091353558 +/- 0.0010261763121151481
CMS_EXO26004_Background_rpf_2x0_par1: 0.990969757733025 +/- 0.03387999309913269
CMS_EXO26004_Background_rpf_2x0_par2: -0.9144455286846974 +/- 0.08618978873511393
CMS_EXO26004_Background_rpf_2x0_par3: 1.4902937326597796 +/- 0.0
