CMS_EXO26004_Background_rpf_2x0_par0: 0.0577543524008539 +/- 0.01079593408563332
CMS_EXO26004_Background_rpf_2x0_par1: 0.9999441881448539 +/- 0.18131075831251753
CMS_EXO26004_Background_rpf_2x0_par2: -0.9073987463307136 +/- 0.24954458680192934
CMS_EXO26004_Background_rpf_2x0_par3: 1.4744719671080997 +/- 0.2703334789678355
