CMS_EXO26004_Background_rpf_2x0_par0: 0.08172256523524124 +/- 0.025597400082781597
CMS_EXO26004_Background_rpf_2x0_par1: 0.9999981595531968 +/- 0.0
CMS_EXO26004_Background_rpf_2x0_par2: -2.2001691589846164e-06 +/- 2.52849076318543
CMS_EXO26004_Background_rpf_2x0_par3: 1.9999999999999998 +/- 0.4834651357666564
