CMS_AN23122_Background_rpf_2x0_par0: 6.048267704754667 +/- 0.9347051188485717
CMS_AN23122_Background_rpf_2x0_par1: 50.00001577231203 +/- 35.893265959930034
CMS_AN23122_Background_rpf_2x0_par3: 0.00020881599586125725 +/- 0.0
