CMS_AN23122_Background_rpf_2x0_par0: 3.6293174297242863 +/- 0.6685497217553975
CMS_AN23122_Background_rpf_2x0_par1: 50.00000951302417 +/- 29.290061431965828
CMS_AN23122_Background_rpf_2x0_par3: 0.0002709567889240043 +/- 0.0
