CMS_EXO26004_Background_rpf_2x0_par0: 0.05785492668834451 +/- 0.010228111711068818
CMS_EXO26004_Background_rpf_2x0_par1: 0.9987577335477585 +/- 0.16993091902307866
CMS_EXO26004_Background_rpf_2x0_par2: -0.908226907254762 +/- 0.1612378051661887
CMS_EXO26004_Background_rpf_2x0_par3: 1.4729835166703078 +/- 0.25551954303691365
