CMS_EXO26004_Background_rpf_2x0_par0: 0.05776468749916483 +/- 0.010570385029864167
CMS_EXO26004_Background_rpf_2x0_par1: 0.9999914657814434 +/- 0.17779192688309445
CMS_EXO26004_Background_rpf_2x0_par2: -0.9074425563385718 +/- 0.2502990233434829
CMS_EXO26004_Background_rpf_2x0_par3: 1.4741761016630657 +/- 0.26454571601879784
