CMS_AN23122_Background_rpf_2x0_par0: 0.07142658167096537 +/- 0.025407518300143275
CMS_AN23122_Background_rpf_2x0_par1: 0.508175880923831 +/- 2.2226581390288707
CMS_AN23122_Background_rpf_2x0_par2: -0.00026318107871634846 +/- 24.966056560442226
CMS_AN23122_Background_rpf_2x0_par3: 0.0109324712256353 +/- 0.0
