CMS_AN23122_Background_rpf_2x0_par0: 0.09902371995986266 +/- 0.029942627604776534
CMS_AN23122_Background_rpf_2x0_par1: 0.5000017496857053 +/- 2.413544950367565
CMS_AN23122_Background_rpf_2x0_par2: -0.0001845838599276201 +/- 26.904027033370642
CMS_AN23122_Background_rpf_2x0_par3: 0.00804937863151277 +/- 0.0
