CMS_AN23122_Background_rpf_2x0_par0: 0.07669407003491031 +/- 0.5740963184595541
CMS_AN23122_Background_rpf_2x0_par1: 0.553104486754004 +/- 5.281799511958202
CMS_AN23122_Background_rpf_2x0_par3: 0.015501968207879486 +/- 0.11810005640057289
