CMS_EXO26004_Background_rpf_2x0_par0: 0.09458447800978362 +/- 0.03772836239846995
CMS_EXO26004_Background_rpf_2x0_par1: 0.5141807777251868 +/- 2.5923786657074914
CMS_EXO26004_Background_rpf_2x0_par2: -0.013318094220005353 +/- 29.531900794621812
CMS_EXO26004_Background_rpf_2x0_par3: 0.009552380096986295 +/- 0.0
