CMS_EXO26004_Background_rpf_2x0_par0: 0.0006991877410282994 +/- 0.0001528550986753311
CMS_EXO26004_Background_rpf_2x0_par1: 0.01455139218642061 +/- 0.011640082292383601
CMS_EXO26004_Background_rpf_2x0_par2: -0.00012832768890830217 +/- 5.552122082529475
