CMS_EXO26004_Background_rpf_2x0_par0: 0.9939811053089714 +/- 0.46484173900274944
CMS_EXO26004_Background_rpf_2x0_par3: 0.0009305252135571782 +/- 0.0004430415869000396
