CMS_EXO26004_Background_rpf_2x0_par0: 0.0009510669165572775 +/- 0.00019377509943021323
CMS_EXO26004_Background_rpf_2x0_par1: 0.0003293770209909479 +/- 0.0070202148361255485
CMS_EXO26004_Background_rpf_2x0_par2: 0.049003779283131495 +/- 0.0
