CMS_EXO26004_Background_rpf_2x0_par0: 0.0009124213054117658 +/- 0.00018432631696673626
CMS_EXO26004_Background_rpf_2x0_par1: 0.004485470342871045 +/- 0.006522649655451886
