CMS_AN23122_Background_rpf_2x0_par0: 0.09088819948362342 +/- 0.017368201882413843
CMS_AN23122_Background_rpf_2x0_par1: 0.5559590065765759 +/- 1.4074809075939798
CMS_AN23122_Background_rpf_2x0_par3: 0.013096534599106655 +/- 0.0
