CMS_EXO26004_Background_rpf_2x0_par0: 0.08172625969839499 +/- 0.025672317418608523
CMS_EXO26004_Background_rpf_2x0_par1: 0.9999985347404935 +/- 0.0
CMS_EXO26004_Background_rpf_2x0_par2: -1.210881981391753e-06 +/- 2.745276969702107
CMS_EXO26004_Background_rpf_2x0_par3: 2.0 +/- 0.4838477922159139
