CMS_AN23122_Background_rpf_2x0_par0: 0.06715294480453046 +/- 0.018484565620840554
CMS_AN23122_Background_rpf_2x0_par1: 0.6076631910714823 +/- 1.5167558235565117
CMS_AN23122_Background_rpf_2x0_par3: 0.06844498928939477 +/- 0.0
