CMS_AN23122_Background_rpf_2x0_par0: 0.2224097939587012 +/- 0.5455092481686404
CMS_AN23122_Background_rpf_2x0_par3: 0.014372843765787855 +/- 0.03357935303388917
