CMS_EXO26004_Background_rpf_2x0_par0: 0.0008786597939454521 +/- 0.00021917977511208406
CMS_EXO26004_Background_rpf_2x0_par1: 1.902303542553746e-09 +/- 0.0129396619375848
CMS_EXO26004_Background_rpf_2x0_par2: 4.5694462306295446e-09 +/- 0.0
