CMS_AN23122_Background_rpf_2x0_par0: 9.701791616081252 +/- 2.454565169012715
CMS_AN23122_Background_rpf_2x0_par1: 50.00002692832216 +/- 89.50076981900033
CMS_AN23122_Background_rpf_2x0_par3: 0.0005137993829513242 +/- 0.0
