CMS_AN23122_Background_rpf_2x0_par0: 12.166738791856051 +/- 47.85359616708874
CMS_AN23122_Background_rpf_2x0_par1: 50.00140710415915 +/- 0.0
CMS_AN23122_Background_rpf_2x0_par3: 0.00041789859310678134 +/- 0.0015658062184977742
