CMS_AN23122_Background_rpf_2x0_par0: 10.796782331715473 +/- 2.1306133708278354
CMS_AN23122_Background_rpf_2x0_par1: 50.00000510797559 +/- 64.14531426014331
CMS_AN23122_Background_rpf_2x0_par3: 0.0004540860100148091 +/- 0.0
