CMS_AN23122_Background_rpf_2x0_par0: 0.12317600978801387 +/- 0.03403751421934764
CMS_AN23122_Background_rpf_2x0_par1: 0.5159948200163174 +/- 1.2537058419140241
CMS_AN23122_Background_rpf_2x0_par3: 0.037208210552744626 +/- 0.0
