CMS_AN23122_Background_rpf_2x0_par0: 12.056001025111174 +/- 2.5131786150145903
CMS_AN23122_Background_rpf_2x0_par1: 50.001601225259435 +/- 67.52170240057089
CMS_AN23122_Background_rpf_2x0_par3: 0.0004213272509438283 +/- 0.0
