CMS_AN23122_Background_rpf_2x0_par0: 11.033770047072357 +/- 2.7926352676512534
CMS_AN23122_Background_rpf_2x0_par1: 50.00003379190337 +/- 103.83566258610703
CMS_AN23122_Background_rpf_2x0_par3: 0.0004522300577612903 +/- 0.0
