CMS_AN23122_Background_rpf_2x0_par0: 0.15255803295970052 +/- 0.04214861836607097
CMS_AN23122_Background_rpf_2x0_par1: 0.618378450695827 +/- 1.5513680305452444
CMS_AN23122_Background_rpf_2x0_par3: 0.030122352662750655 +/- 0.0
