CMS_EXO26004_Background_rpf_2x0_par0: 0.05081716035644444 +/- 0.009451387621815363
CMS_EXO26004_Background_rpf_2x0_par1: 0.5002136868724405 +/- 0.36816938377944913
CMS_EXO26004_Background_rpf_2x0_par2: -1.0842021724855044e-18 +/- 0.0
CMS_EXO26004_Background_rpf_2x0_par3: 0.015668981840134738 +/- 0.0
