CMS_EXO26004_Background_rpf_2x0_par0: 0.08173156343937518 +/- 0.024620683203363185
CMS_EXO26004_Background_rpf_2x0_par1: 0.9999996881533398 +/- 0.0
CMS_EXO26004_Background_rpf_2x0_par2: -8.246931649246196e-07 +/- 2.2386001220271377
CMS_EXO26004_Background_rpf_2x0_par3: 1.9999999999999987 +/- 0.4673208404384269
