CMS_EXO26004_Background_rpf_2x0_par0: 0.0007344893626743759 +/- 0.00015837721242779228
CMS_EXO26004_Background_rpf_2x0_par1: 0.010747707934789531 +/- 0.00976795951458985
