CMS_EXO26004_Background_rpf_2x0_par0: 0.05668590292466355 +/- 0.0011226947660460177
CMS_EXO26004_Background_rpf_2x0_par1: 0.9814694311021579 +/- 0.04672642155082795
CMS_EXO26004_Background_rpf_2x0_par2: -0.8904995563107027 +/- 0.2103622026007563
CMS_EXO26004_Background_rpf_2x0_par3: 1.5022468564621574 +/- 0.0
