Background_rpf_2x0_par0: 2.8239974942003805 +/- 0.1014511601723734
Background_rpf_2x0_par1: 51.93356622639114 +/- 6.1697636462759595
Background_rpf_2x0_par2: -44.68801380459062 +/- 0.0
Background_rpf_2x0_par3: 0.053404388593959025 +/- 0.0
