CMS_AN23122_Background_rpf_2x0_par0: 0.8641611508398269 +/- 2.1814167564157185
CMS_AN23122_Background_rpf_2x0_par3: 0.0036620143756954243 +/- 0.009196422721234351
