CMS_EXO26004_Background_rpf_2x0_par0: 0.0009363279282836168 +/- 0.00020990137970130005
CMS_EXO26004_Background_rpf_2x0_par1: 2.0579973272413787e-12 +/- 0.009440457752173427
