CMS_AN23122_Background_rpf_2x0_par0: 0.08410215378804298 +/- 0.016064449058175098
CMS_AN23122_Background_rpf_2x0_par1: 0.5640369685017078 +/- 1.2965218992396705
CMS_AN23122_Background_rpf_2x0_par3: 0.01416516888600978 +/- 0.0
