CMS_EXO26004_Background_rpf_2x0_par0: 0.04688664770590692 +/- 0.008624457550371849
CMS_EXO26004_Background_rpf_2x0_par1: 0.5029281255611685 +/- 0.2994324887476381
CMS_EXO26004_Background_rpf_2x0_par2: -1.9775257986378225e-06 +/- 0.0
CMS_EXO26004_Background_rpf_2x0_par3: 0.016878782439951116 +/- 0.0
