CMS_EXO26004_Background_rpf_2x0_par0: 0.029990933251699357 +/- 0.00647069003151122
CMS_EXO26004_Background_rpf_2x0_par1: 0.5011696191289435 +/- 0.22813828385832222
CMS_EXO26004_Background_rpf_2x0_par2: -2.74782815865059e-07 +/- 0.0
CMS_EXO26004_Background_rpf_2x0_par3: 0.02499417671922018 +/- 0.0
