CMS_EXO26004_Background_rpf_2x0_par0: 0.0008985407708717518 +/- 0.00045135419469044866
CMS_EXO26004_Background_rpf_2x0_par1: 7.995134853374785e-09 +/- 0.03109887128991556
CMS_EXO26004_Background_rpf_2x0_par2: 0.1306473376565013 +/- 0.40544077637980447
