CMS_EXO26004_Background_rpf_2x0_par0: 0.05776074091144085 +/- 0.010522245019471113
CMS_EXO26004_Background_rpf_2x0_par1: 0.9999081847029773 +/- 0.17586640254716582
CMS_EXO26004_Background_rpf_2x0_par2: -0.9082745113699829 +/- 0.16820888688214328
CMS_EXO26004_Background_rpf_2x0_par3: 1.474406689785055 +/- 0.26399648685666344
