Background_rpf_1x0_par0: 0.29816858522586 +/- 0.03652365097083502
Background_rpf_1x0_par1: 1.9097145128741144 +/- 1.5428509508972037
