CMS_EXO26004_Background_rpf_2x0_par0: 0.000774167036716928 +/- 0.00024397822652725838
CMS_EXO26004_Background_rpf_2x0_par1: 0.010938321919306876 +/- 0.013313350175875666
CMS_EXO26004_Background_rpf_2x0_par2: -1.5478784611358282e-07 +/- 0.0
