CMS_AN23122_Background_rpf_2x0_par0: 3.296112995261207 +/- 0.48676112149479817
CMS_AN23122_Background_rpf_2x0_par1: 50.00000090245917 +/- 27.499848163310237
CMS_AN23122_Background_rpf_2x0_par2: -49.99981838133093 +/- 0.0
CMS_AN23122_Background_rpf_2x0_par3: 0.006924998585434629 +/- 0.0
