CMS_AN23122_Background_rpf_2x0_par0: 0.0650748548378041 +/- 0.016424224718133634
CMS_AN23122_Background_rpf_2x0_par1: 0.565876759199124 +/- 1.3690627072911783
CMS_AN23122_Background_rpf_2x0_par3: 0.07657836533335957 +/- 0.0
