CMS_AN23122_Background_rpf_2x0_par0: 0.07647856373945507 +/- 0.5701537885206631
CMS_AN23122_Background_rpf_2x0_par1: 0.55452230576228 +/- 5.269849909755534
CMS_AN23122_Background_rpf_2x0_par3: 0.015546441084592274 +/- 0.11796095865912079
