CMS_EXO26004_Background_rpf_2x0_par0: 0.059652772340190535 +/- 0.012109818544288711
CMS_EXO26004_Background_rpf_2x0_par1: 0.5159924565533249 +/- 0.7165589527891137
CMS_EXO26004_Background_rpf_2x0_par2: -4.289728384372724e-05 +/- 0.0
CMS_EXO26004_Background_rpf_2x0_par3: 0.013455071169010829 +/- 0.0
