CMS_EXO26004_Background_rpf_2x0_par0: 0.02373933712740151 +/- 0.004088962327283401
CMS_EXO26004_Background_rpf_2x0_par1: 0.5043901766323703 +/- 0.0
CMS_EXO26004_Background_rpf_2x0_par2: -2.4941201571702584e-08 +/- 0.0
CMS_EXO26004_Background_rpf_2x0_par3: 0.02993367345648429 +/- 0.0
