CMS_AN23122_Background_rpf_2x0_par0: 0.08661317569962944 +/- 0.016548482057112988
CMS_AN23122_Background_rpf_2x0_par1: 0.5689468452799633 +/- 1.3382485204936414
CMS_AN23122_Background_rpf_2x0_par3: 0.013726815591840281 +/- 0.0
