CMS_EXO26004_Background_rpf_2x0_par0: 0.1608002830569877 +/- 0.02238917676191173
CMS_EXO26004_Background_rpf_2x0_par1: 0.9589782204426568 +/- 0.23097653011548336
CMS_EXO26004_Background_rpf_2x0_par2: -0.3443430116827653 +/- 0.3380195993175244
CMS_EXO26004_Background_rpf_2x0_par3: 0.0007549161045006159 +/- 0.0
