CMS_EXO26004_Background_rpf_2x0_par0: 0.0007031731249988629 +/- 0.0001601974246941313
CMS_EXO26004_Background_rpf_2x0_par1: 0.015513331085354161 +/- 0.008916612320920864
CMS_EXO26004_Background_rpf_2x0_par2: -7.18192305502552e-07 +/- 3.579647088124174
