CMS_AN23122_Background_rpf_2x0_par0: 0.993596430995423 +/- 0.4962128345134835
CMS_AN23122_Background_rpf_2x0_par3: 0.0008596463468566966 +/- 0.0004374884042174111
