CMS_AN23122_Background_rpf_2x0_par0: 0.07501905796552202 +/- 0.019936915157616197
CMS_AN23122_Background_rpf_2x0_par1: 0.5066045750428521 +/- 0.6745388730170798
CMS_AN23122_Background_rpf_2x0_par2: -8.880974236468364e-07 +/- 0.0
CMS_AN23122_Background_rpf_2x0_par3: 0.04148478375867862 +/- 0.0
