CMS_EXO26004_Background_rpf_2x0_par0: 0.930449428794084 +/- 3.479217218976893
CMS_EXO26004_Background_rpf_2x0_par3: 0.0009811584489282394 +/- 0.003638438923358862
