CMS_AN23122_Background_rpf_2x0_par0: 0.11462734295057289 +/- 0.02942713724565789
CMS_AN23122_Background_rpf_2x0_par1: 0.500304660783738 +/- 2.1337010694296903
CMS_AN23122_Background_rpf_2x0_par3: 0.007012160705661216 +/- 0.0
