CMS_EXO26004_Background_rpf_2x0_par0: 0.0835843914650818 +/- 0.012670500740436548
CMS_EXO26004_Background_rpf_2x0_par1: 0.5001423782785547 +/- 0.137050085092749
CMS_EXO26004_Background_rpf_2x0_par2: -0.18031735755187564 +/- 0.19654350510831134
CMS_EXO26004_Background_rpf_2x0_par3: 0.0014517517272952217 +/- 0.0
