CMS_AN23122_Background_rpf_2x0_par0: 0.8945061693706386 +/- 4.0591474447217815
CMS_AN23122_Background_rpf_2x0_par3: 0.02286608000741255 +/- 0.10314560798442314
