CMS_EXO26004_Background_rpf_2x0_par0: 0.0008971412878042539 +/- 0.00032440850603583556
CMS_EXO26004_Background_rpf_2x0_par1: 8.386350549552044e-09 +/- 0.021151296859143298
CMS_EXO26004_Background_rpf_2x0_par2: 0.14716989997936578 +/- 0.20131294106032838
