CMS_EXO26004_Background_rpf_2x0_par0: 0.0007314720876049423 +/- 0.00017063666712391812
CMS_EXO26004_Background_rpf_2x0_par1: 0.0117082816852392 +/- 0.010222212300835289
