CMS_EXO26004_Background_rpf_2x0_par0: 0.056300929957404336 +/- 0.0010391054496838585
CMS_EXO26004_Background_rpf_2x0_par1: 0.9746941204181983 +/- 0.03563951307055498
CMS_EXO26004_Background_rpf_2x0_par2: -0.884296629621163 +/- 0.06162431365147148
CMS_EXO26004_Background_rpf_2x0_par3: 1.5125784546855048 +/- 0.0
