CMS_EXO26004_Background_rpf_2x0_par0: 0.0007901361264943597 +/- 0.00018655970604280117
CMS_EXO26004_Background_rpf_2x0_par1: 0.007386608859347438 +/- 0.011479814148045067
