CMS_EXO26004_Background_rpf_2x0_par0: 0.05775112577473756 +/- 0.010338958688601635
CMS_EXO26004_Background_rpf_2x0_par1: 0.9999728465361719 +/- 0.17246445887713596
CMS_EXO26004_Background_rpf_2x0_par2: -0.9073191511118758 +/- 0.1640944806686032
CMS_EXO26004_Background_rpf_2x0_par3: 1.4745285594666475 +/- 0.2591940084871177
