CMS_AN23122_Background_rpf_2x0_par0: 0.0702934177706536 +/- 0.025447837318286363
CMS_AN23122_Background_rpf_2x0_par1: 0.578629405495705 +/- 2.218276338097572
CMS_AN23122_Background_rpf_2x0_par2: -7.043933436569989e-06 +/- 26.05307072499519
CMS_AN23122_Background_rpf_2x0_par3: 0.011025249918357532 +/- 0.0
