CMS_EXO26004_Background_rpf_2x0_par0: 0.08172723732413473 +/- 0.02569521061730627
CMS_EXO26004_Background_rpf_2x0_par1: 0.9999998417314487 +/- 0.0
CMS_EXO26004_Background_rpf_2x0_par2: -3.6541833813128095e-07 +/- 2.5722714491161405
CMS_EXO26004_Background_rpf_2x0_par3: 1.9999999999999987 +/- 0.485181077295121
