CMS_EXO26004_Background_rpf_2x0_par0: 0.04629640185330978 +/- 0.012703200169949951
CMS_EXO26004_Background_rpf_2x0_par1: 0.5002611443477568 +/- 0.6487370235205702
CMS_EXO26004_Background_rpf_2x0_par2: -5.864521571384454e-06 +/- 0.0
CMS_EXO26004_Background_rpf_2x0_par3: 0.017248365843895077 +/- 0.0
