CMS_EXO26004_Background_rpf_2x0_par0: 0.4071912839355892 +/- 0.07053751748374437
CMS_EXO26004_Background_rpf_2x0_par1: 0.5000616042466152 +/- 5.800998433964866
CMS_EXO26004_Background_rpf_2x0_par3: 0.002255805993153756 +/- 0.0
