CMS_AN23122_Background_rpf_2x0_par0: 3.6925651255852285 +/- 0.8387064037072982
CMS_AN23122_Background_rpf_2x0_par1: 50.00000061323129 +/- 28.592076972768794
CMS_AN23122_Background_rpf_2x0_par3: 0.0008864497856473866 +/- 0.0
