CMS_EXO26004_Background_rpf_2x0_par0: 0.046981522793178764 +/- 0.008634631670734451
CMS_EXO26004_Background_rpf_2x0_par1: 0.5043544787441538 +/- 0.3000724632749481
CMS_EXO26004_Background_rpf_2x0_par2: -3.363932607612814e-07 +/- 0.0
CMS_EXO26004_Background_rpf_2x0_par3: 0.016838380743594165 +/- 0.0
