CMS_EXO26004_Background_rpf_2x0_par0: 0.06281756940413037 +/- 0.013462728585864609
CMS_EXO26004_Background_rpf_2x0_par1: 0.5371815674034649 +/- 0.9122877359953305
CMS_EXO26004_Background_rpf_2x0_par2: -4.257402203701032e-07 +/- 0.0
CMS_EXO26004_Background_rpf_2x0_par3: 0.012778064225307483 +/- 0.0
