CMS_EXO26004_Background_rpf_2x0_par0: 0.029368615298462353 +/- 0.011315516771369034
CMS_EXO26004_Background_rpf_2x0_par1: 0.5016417191785845 +/- 0.6770104264884682
CMS_EXO26004_Background_rpf_2x0_par2: -1.4839660335838958e-07 +/- 0.0
CMS_EXO26004_Background_rpf_2x0_par3: 0.025389270648771306 +/- 0.0
