CMS_EXO26004_Background_rpf_2x0_par0: 0.0008960967897476898 +/- 0.00016752467994448833
CMS_EXO26004_Background_rpf_2x0_par1: 2.396443883178473e-09 +/- 0.0
CMS_EXO26004_Background_rpf_2x0_par2: 0.15535397265724388 +/- 0.046833558339336015
