CMS_EXO26004_Background_rpf_2x0_par0: 0.05774134570783258 +/- 0.01047917251425511
CMS_EXO26004_Background_rpf_2x0_par1: 0.9998694913151852 +/- 0.17621776637638695
CMS_EXO26004_Background_rpf_2x0_par2: -0.9073565609198284 +/- 0.24660828164673762
CMS_EXO26004_Background_rpf_2x0_par3: 1.4747736204844746 +/- 0.2624167329734623
