CMS_EXO26004_Background_rpf_2x0_par0: 0.053841235730579064 +/- 0.009991368345791191
CMS_EXO26004_Background_rpf_2x0_par1: 0.5049457581948341 +/- 0.40256019906400226
CMS_EXO26004_Background_rpf_2x0_par2: -5.408150005713078e-07 +/- 0.0
CMS_EXO26004_Background_rpf_2x0_par3: 0.014818227268972662 +/- 0.0
