CMS_EXO26004_Background_rpf_2x0_par0: 0.4464922982849826 +/- 6.51446911634633
CMS_EXO26004_Background_rpf_2x0_par3: 0.0020585803963799804 +/- 0.02971040135281606
