CMS_AN23122_Background_rpf_2x0_par0: 0.234100705241553 +/- 0.4617977060080489
CMS_AN23122_Background_rpf_2x0_par3: 0.013501134395019434 +/- 0.02436060316509677
