CMS_AN23122_Background_rpf_2x0_par0: 0.07610338822569114 +/- 0.3261294890313757
CMS_AN23122_Background_rpf_2x0_par1: 0.5511806400723143 +/- 3.0461299146055287
CMS_AN23122_Background_rpf_2x0_par3: 0.01562716415066215 +/- 0.06783281195942147
