CMS_AN23122_Background_rpf_2x0_par0: 0.8879757149431541 +/- 3.7536144228428237
CMS_AN23122_Background_rpf_2x0_par3: 0.023033397316826937 +/- 0.09835493769720233
