CMS_AN23122_Background_rpf_2x0_par0: 0.8786187027850011 +/- 2.647707436673001
CMS_AN23122_Background_rpf_2x0_par3: 0.0035476709466233463 +/- 0.010591316749921037
