CMS_EXO26004_Background_rpf_2x0_par0: 0.057735815844838605 +/- 0.010341656264439274
CMS_EXO26004_Background_rpf_2x0_par1: 0.9995022139968552 +/- 0.17309087487593613
CMS_EXO26004_Background_rpf_2x0_par2: -0.9107725603096536 +/- 0.167842260324153
CMS_EXO26004_Background_rpf_2x0_par3: 1.4749935589268617 +/- 0.25970359147984334
