CMS_EXO26004_Background_rpf_2x0_par0: 0.08173564128283005 +/- 0.024501947608452174
CMS_EXO26004_Background_rpf_2x0_par1: 0.9999999335230614 +/- 0.0
CMS_EXO26004_Background_rpf_2x0_par2: -1.7792293530421305e-09 +/- 1.90384918995923
CMS_EXO26004_Background_rpf_2x0_par3: 2.0 +/- 0.466424630012561
