CMS_AN23122_Background_rpf_2x0_par0: 0.06774078893114266 +/- 0.01288794866526309
CMS_AN23122_Background_rpf_2x0_par1: 0.5015177571541619 +/- 0.0
CMS_AN23122_Background_rpf_2x0_par3: 0.06833997877914698 +/- 0.0
