CMS_EXO26004_Background_rpf_2x0_par0: 0.08355716534543935 +/- 0.012639334216625001
CMS_EXO26004_Background_rpf_2x0_par1: 0.5008959782152463 +/- 0.1366769787656244
CMS_EXO26004_Background_rpf_2x0_par2: -0.17963733225409115 +/- 0.19591656657635284
CMS_EXO26004_Background_rpf_2x0_par3: 0.0014512857967051462 +/- 0.0
