CMS_AN23122_Background_rpf_2x0_par0: 0.07646354141501545 +/- 0.40305953914740855
CMS_AN23122_Background_rpf_2x0_par1: 0.5532458710300762 +/- 3.801411944404159
CMS_AN23122_Background_rpf_2x0_par3: 0.015549128072495338 +/- 0.08337982884870235
