CMS_AN23122_Background_rpf_2x0_par0: 0.07301179658073452 +/- 0.019386155652418552
CMS_AN23122_Background_rpf_2x0_par1: 0.5031542750536607 +/- 0.6562453418798019
CMS_AN23122_Background_rpf_2x0_par2: -6.916481639726189e-07 +/- 0.0
CMS_AN23122_Background_rpf_2x0_par3: 0.04253578300637588 +/- 0.0
