CMS_AN23122_Background_rpf_2x0_par0: 0.07673395916416885 +/- 0.014707214509855808
CMS_AN23122_Background_rpf_2x0_par1: 0.5527923153467906 +/- 1.1850639313391669
CMS_AN23122_Background_rpf_2x0_par3: 0.015496557938025428 +/- 0.0
