CMS_EXO26004_Background_rpf_2x0_par0: 0.0007023851839634709 +/- 0.00015392131966300302
CMS_EXO26004_Background_rpf_2x0_par1: 0.013987857337300435 +/- 0.011861645657444887
CMS_EXO26004_Background_rpf_2x0_par2: -3.828008167839356e-05 +/- 5.913230298675613
