CMS_EXO26004_Background_rpf_2x0_par0: 0.0007087401685310416 +/- 0.0001566300706092088
CMS_EXO26004_Background_rpf_2x0_par1: 0.013702579100845855 +/- 0.011903841044680076
CMS_EXO26004_Background_rpf_2x0_par2: -0.0006093765237368967 +/- 5.993672347286324
