CMS_AN23122_Background_rpf_2x0_par0: 3.527178071735038 +/- 0.2363896369446843
CMS_AN23122_Background_rpf_2x0_par1: 50.010947940781506 +/- 9.23860196270735
CMS_AN23122_Background_rpf_2x0_par2: -49.97163744840831 +/- 0.0
CMS_AN23122_Background_rpf_2x0_par3: 0.014159502739025361 +/- 0.0
