CMS_EXO26004_Background_rpf_2x0_par0: 0.08287834037693713 +/- 0.0016402729553543153
CMS_EXO26004_Background_rpf_2x0_par1: 1.413472538647588 +/- 0.052002709022482836
CMS_EXO26004_Background_rpf_2x0_par2: -1.2460245846930214 +/- 0.10318241705311451
