CMS_EXO26004_Background_rpf_2x0_par0: 0.0828750844190019 +/- 0.0016234551950620579
CMS_EXO26004_Background_rpf_2x0_par1: 1.4136132246495279 +/- 0.05100433081349694
CMS_EXO26004_Background_rpf_2x0_par2: -1.2463319762996719 +/- 0.10177986408162398
