CMS_EXO26004_Background_rpf_2x0_par0: 0.9667759113826602 +/- 0.46522293915157203
CMS_EXO26004_Background_rpf_2x0_par3: 0.0009565245786079135 +/- 0.0004836459458790214
