CMS_AN23122_Background_rpf_2x0_par0: 0.07587602561353606 +/- 0.01453728970089679
CMS_AN23122_Background_rpf_2x0_par1: 0.5506756344089717 +/- 1.169632217889402
CMS_AN23122_Background_rpf_2x0_par3: 0.01566834996452734 +/- 0.0
