CMS_EXO26004_Background_rpf_2x0_par0: 0.08298729303512016 +/- 0.012533305906521523
CMS_EXO26004_Background_rpf_2x0_par1: 0.5001652280599302 +/- 0.13525512271874243
CMS_EXO26004_Background_rpf_2x0_par2: -0.18454514760584198 +/- 0.1939106389425973
CMS_EXO26004_Background_rpf_2x0_par3: 0.0014587107704863204 +/- 0.0
