CMS_AN23122_Background_rpf_2x0_par0: 0.06716124957684148 +/- 0.23709497180853512
CMS_AN23122_Background_rpf_2x0_par1: 0.6056426543955222 +/- 3.298145745899016
CMS_AN23122_Background_rpf_2x0_par3: 0.06845037902804178 +/- 0.2488305547071371
