CMS_EXO26004_Background_rpf_2x0_par0: 0.023251391136762813 +/- 0.003982801792858552
CMS_EXO26004_Background_rpf_2x0_par1: 0.5045642406027683 +/- 0.0
CMS_EXO26004_Background_rpf_2x0_par2: -3.861208679157256e-08 +/- 0.0
CMS_EXO26004_Background_rpf_2x0_par3: 0.030423326630945168 +/- 0.0
