CMS_EXO26004_Background_rpf_2x0_par0: 0.0008750605764879605 +/- 0.0001844689627251817
CMS_EXO26004_Background_rpf_2x0_par1: 0.00485439090629876 +/- 0.007358436457247978
