CMS_AN23122_Background_rpf_2x0_par0: 0.07640348904820747 +/- 0.2589427231589349
CMS_AN23122_Background_rpf_2x0_par1: 0.5532478584543752 +/- 2.572389579665561
CMS_AN23122_Background_rpf_2x0_par3: 0.015561446173185476 +/- 0.053509279948039654
