CMS_EXO26004_Background_rpf_2x0_par0: 0.0008960805627921005 +/- 0.00029785291848035664
CMS_EXO26004_Background_rpf_2x0_par1: 2.349477151865993e-08 +/- 0.01898924934943314
CMS_EXO26004_Background_rpf_2x0_par2: 0.15531908262079497 +/- 0.15745881003589382
