CMS_AN23122_Background_rpf_2x0_par0: 0.08143246697465215 +/- 0.015563508264109757
CMS_AN23122_Background_rpf_2x0_par1: 0.5571916716965246 +/- 1.2562322905221945
CMS_AN23122_Background_rpf_2x0_par3: 0.01459384319023713 +/- 0.0
