Background_rpf_2x0_par0: 4.048558059280395 +/- 0.10586077096452663
Background_rpf_2x0_par1: 65.65275747602688 +/- 0.0
Background_rpf_2x0_par2: -49.61520771031352 +/- 130.6657149558605
Background_rpf_2x0_par3: 0.03734284042723938 +/- 0.0
