Background_rpf_2x0_par0: 1.0076965433984018 +/- 0.08279475222751202
Background_rpf_2x0_par1: 50.675304090175594 +/- 4.421019973481886
Background_rpf_2x0_par2: -49.99997118706987 +/- 0.0
Background_rpf_2x0_par3: 0.06023924050103614 +/- 0.0
