Background_rpf_2x0_par0: 4.353552003112429 +/- 0.11355834483476052
Background_rpf_2x0_par1: 68.97123641233705 +/- 0.0
Background_rpf_2x0_par2: -49.62980039787269 +/- 140.16015517954852
Background_rpf_2x0_par3: 0.0348089233244797 +/- 0.0
