Background_rpf_2x0_par0: 1.9484572244867995 +/- 0.06420140015086642
Background_rpf_2x0_par1: 62.5529539472276 +/- 6.153626570948938
Background_rpf_2x0_par2: -49.999998361022335 +/- 0.0
Background_rpf_2x0_par3: 0.046808773646301274 +/- 0.0
