Background_rpf_2x0_par0: 1.5322413915197768 +/- 0.04397157741964711
Background_rpf_2x0_par1: 50.00095752744234 +/- 4.611325688110229
Background_rpf_2x0_par2: -49.9996774765514 +/- 0.0
Background_rpf_2x0_par3: 0.05931476970133763 +/- 0.0
