CMS_EXO26004_Background_rpf_2x0_par0: 0.08173253404061717 +/- 0.02419334555907198
CMS_EXO26004_Background_rpf_2x0_par1: 0.999999987576431 +/- 0.0
CMS_EXO26004_Background_rpf_2x0_par2: -1.8176019693787356e-07 +/- 1.8013501675941421
CMS_EXO26004_Background_rpf_2x0_par3: 2.0 +/- 0.46147776862287043
