CMS_EXO26004_Background_rpf_2x0_par0: 0.0837549941201532 +/- 0.012656913153129543
CMS_EXO26004_Background_rpf_2x0_par1: 0.5001131901757603 +/- 0.13661242178655464
CMS_EXO26004_Background_rpf_2x0_par2: -0.1779224070498841 +/- 0.19584368890771703
CMS_EXO26004_Background_rpf_2x0_par3: 0.0014492988094994142 +/- 0.0
