CMS_EXO26004_Background_rpf_2x0_par0: 0.08170709965246678 +/- 0.027098210693538724
CMS_EXO26004_Background_rpf_2x0_par1: 0.9999999219881658 +/- 0.0
CMS_EXO26004_Background_rpf_2x0_par2: -6.893529517246026e-08 +/- 2.7898542053552133
CMS_EXO26004_Background_rpf_2x0_par3: 2.0 +/- 0.513719354868032
