CMS_AN23122_Background_rpf_2x0_par0: 8.7234516410015 +/- 15.80530349459068
CMS_AN23122_Background_rpf_2x0_par1: 50.00004275314664 +/- 0.0
CMS_AN23122_Background_rpf_2x0_par3: 0.00016457588403925969 +/- 0.00027381476068023293
