CMS_AN23122_Background_rpf_2x0_par0: 12.553739749682569 +/- 36.22357370556943
CMS_AN23122_Background_rpf_2x0_par1: 50.09915644661432 +/- 0.0
CMS_AN23122_Background_rpf_2x0_par3: 0.0001169756869531748 +/- 0.00033811589632173986
