CMS_EXO26004_Background_rpf_2x0_par0: 0.056809117051384445 +/- 0.0010799895019929964
CMS_EXO26004_Background_rpf_2x0_par1: 0.9835403431635351 +/- 0.03984053339772826
CMS_EXO26004_Background_rpf_2x0_par2: -0.892330843350156 +/- 0.0649115839122664
CMS_EXO26004_Background_rpf_2x0_par3: 1.4990500035017071 +/- 0.0
