Background_rpf_expo_par0: -0.9999999999642424 +/- 0.0
Background_rpf_expo_par1: -4.317300069095906 +/- 0.011007754465783216
