CMS_EXO26004_Background_rpf_2x0_par0: 0.05632739965971261 +/- 0.010567058596619302
CMS_EXO26004_Background_rpf_2x0_par1: 0.5137267452542477 +/- 0.49026718553737525
CMS_EXO26004_Background_rpf_2x0_par2: -7.953541764429972e-09 +/- 0.0
CMS_EXO26004_Background_rpf_2x0_par3: 0.01415720079273063 +/- 0.0
