CMS_AN23122_Background_rpf_2x0_par0: 0.11442287909694372 +/- 0.02752289023461567
CMS_AN23122_Background_rpf_2x0_par1: 0.5000235002018434 +/- 2.120514367803978
CMS_AN23122_Background_rpf_2x0_par3: 0.006960856709953935 +/- 0.0
