CMS_AN23122_Background_rpf_2x0_par0: 8.722912866836756 +/- 2.0700058759129396
CMS_AN23122_Background_rpf_2x0_par1: 50.00004275456132 +/- 90.47690861228223
CMS_AN23122_Background_rpf_2x0_par3: 0.00016458487088323985 +/- 0.0
