CMS_AN23122_Background_rpf_2x0_par0: 11.885872776122687 +/- 1.852898418640511
CMS_AN23122_Background_rpf_2x0_par1: 50.06421352644887 +/- 0.0
CMS_AN23122_Background_rpf_2x0_par3: 0.0001234791975198536 +/- 0.0
