CMS_EXO26004_Background_rpf_2x0_par0: 0.5360502464687239 +/- 1.260947990544391
CMS_EXO26004_Background_rpf_2x0_par3: 0.001718149499590337 +/- 0.004002245853250997
