CMS_AN23122_Background_rpf_2x0_par0: 0.07663461403067927 +/- 0.01465305514344317
CMS_AN23122_Background_rpf_2x0_par1: 0.5537806759008914 +/- 1.1795198717461062
CMS_AN23122_Background_rpf_2x0_par3: 0.015514557792561775 +/- 0.0
