CMS_EXO26004_Background_rpf_2x0_par0: 0.5105003178233671 +/- 1.1290303430429554
CMS_EXO26004_Background_rpf_2x0_par3: 0.0018034641721803668 +/- 0.003948644108295649
