Background_rpf_1x0_par0: 0.0239040322008937 +/- 0.001213716816679557
Background_rpf_1x0_par1: 0.5488457354845633 +/- 0.04284953409405539
