CMS_AN23122_Background_rpf_2x0_par0: 2.4240976443150832 +/- 0.14512024717384966
CMS_AN23122_Background_rpf_2x0_par1: 50.00000192131805 +/- 5.128405657650006
CMS_AN23122_Background_rpf_2x0_par2: -49.9999999999998 +/- 9.227732196180574
CMS_AN23122_Background_rpf_2x0_par3: 0.021339966947364647 +/- 0.0
