CMS_AN23122_Background_rpf_2x0_par0: 2.423821087582298 +/- 0.14586067693946903
CMS_AN23122_Background_rpf_2x0_par1: 50.00000182395392 +/- 5.164115156523299
CMS_AN23122_Background_rpf_2x0_par2: -49.999999999999986 +/- 9.480128423263244
CMS_AN23122_Background_rpf_2x0_par3: 0.021341638685565666 +/- 0.0
