CMS_EXO26004_Background_rpf_2x0_par0: 0.000896061863791567 +/- 0.0006522269281682869
CMS_EXO26004_Background_rpf_2x0_par1: 5.961869077575604e-09 +/- 0.0
CMS_EXO26004_Background_rpf_2x0_par2: 0.15535876398140483 +/- 0.04453038353725487
