CMS_EXO26004_Background_rpf_2x0_par0: 0.021682285368026636 +/- 0.0
CMS_EXO26004_Background_rpf_2x0_par1: 0.5045519416335554 +/- 0.16321774723984522
CMS_EXO26004_Background_rpf_2x0_par2: -4.525392175553332e-08 +/- 0.0
CMS_EXO26004_Background_rpf_2x0_par3: 0.03216474065617502 +/- 0.0
