CMS_EXO26004_Background_rpf_2x0_par0: 0.0007114298070150742 +/- 0.00016862463187623005
CMS_EXO26004_Background_rpf_2x0_par1: 0.015084053578294227 +/- 0.008243809397548613
CMS_EXO26004_Background_rpf_2x0_par2: -1.0462550964485118e-17 +/- 3.293214763484056
