CMS_AN23122_Background_rpf_2x0_par0: 0.06753152402534927 +/- 0.011408133136167327
CMS_AN23122_Background_rpf_2x0_par1: 0.509003479336139 +/- 0.0
CMS_AN23122_Background_rpf_2x0_par3: 0.01758319895671609 +/- 0.0
