CMS_AN23122_Background_rpf_2x0_par0: 10.849268588527488 +/- 2.1383156969636588
CMS_AN23122_Background_rpf_2x0_par1: 50.000194189380046 +/- 64.38437050660532
CMS_AN23122_Background_rpf_2x0_par3: 0.0004519480676148431 +/- 0.0
