CMS_EXO26004_Background_rpf_2x0_par0: 0.08173265276692968 +/- 0.024609932466909824
CMS_EXO26004_Background_rpf_2x0_par1: 0.9999999372951776 +/- 0.0
CMS_EXO26004_Background_rpf_2x0_par2: -1.1408966331350953e-09 +/- 2.061675770688999
CMS_EXO26004_Background_rpf_2x0_par3: 2.0 +/- 0.46775515501568876
