CMS_EXO26004_Background_rpf_2x0_par0: 0.0008959944954291322 +/- 0.0002971141046415173
CMS_EXO26004_Background_rpf_2x0_par1: 4.314855156793739e-08 +/- 0.018902616047970583
CMS_EXO26004_Background_rpf_2x0_par2: 0.15511278861074623 +/- 0.15673966419907984
