CMS_EXO26004_Background_rpf_2x0_par0: 0.14190447446729565 +/- 0.6648109333717294
CMS_EXO26004_Background_rpf_2x0_par1: 0.5083249815342114 +/- 3.5244805047874785
CMS_EXO26004_Background_rpf_2x0_par3: 0.00632382498723053 +/- 0.030353094827966793
