CMS_EXO26004_Background_rpf_2x0_par0: 0.0817219981243787 +/- 0.024126414581244395
CMS_EXO26004_Background_rpf_2x0_par1: 0.9999995500844018 +/- 0.0
CMS_EXO26004_Background_rpf_2x0_par2: -5.260010682427586e-07 +/- 1.7562083414701442
CMS_EXO26004_Background_rpf_2x0_par3: 1.9999999999999993 +/- 0.46116392252231647
