CMS_AN23122_Background_rpf_2x0_par0: 0.06288462991860433 +/- 0.01596229962749215
CMS_AN23122_Background_rpf_2x0_par1: 0.5830914462250767 +/- 1.3458312630198488
CMS_AN23122_Background_rpf_2x0_par3: 0.07920553859520532 +/- 0.0
