CMS_AN23122_Background_rpf_2x0_par0: 0.06715990877190786 +/- 0.5556152198181391
CMS_AN23122_Background_rpf_2x0_par1: 0.6072039647540789 +/- 7.042841381703943
CMS_AN23122_Background_rpf_2x0_par3: 0.06845327379806329 +/- 0.5844900306583473
