CMS_AN23122_Background_rpf_2x0_par0: 0.07815387293885986 +/- 0.014972543354566483
CMS_AN23122_Background_rpf_2x0_par1: 0.5552004695315034 +/- 1.2065736104306608
CMS_AN23122_Background_rpf_2x0_par3: 0.01520630295826289 +/- 0.0
