CMS_AN23122_Background_rpf_2x0_par0: 12.188803997256137 +/- 1.9525795833376178
CMS_AN23122_Background_rpf_2x0_par1: 50.06358859337795 +/- 0.0
CMS_AN23122_Background_rpf_2x0_par3: 0.0001204940911911882 +/- 0.0
