CMS_AN23122_Background_rpf_2x0_par0: 8.723130899647373 +/- 2.4419149630155137
CMS_AN23122_Background_rpf_2x0_par1: 50.0000427768956 +/- 121.41680050262083
CMS_AN23122_Background_rpf_2x0_par3: 0.00016458138024563263 +/- 0.0
