CMS_EXO26004_Background_rpf_2x0_par0: 0.05393843662835689 +/- 0.010033126558496327
CMS_EXO26004_Background_rpf_2x0_par1: 0.502603413035486 +/- 0.40680629997922896
CMS_EXO26004_Background_rpf_2x0_par2: -2.2661054472721247e-05 +/- 0.0
CMS_EXO26004_Background_rpf_2x0_par3: 0.014801224787605828 +/- 0.0
