CMS_AN23122_Background_rpf_2x0_par0: 0.06561826428919768 +/- 0.0300731264413406
CMS_AN23122_Background_rpf_2x0_par1: 0.5001234649498797 +/- 2.80075532569913
CMS_AN23122_Background_rpf_2x0_par2: -3.235144464796137e-05 +/- 26.95109490238257
CMS_AN23122_Background_rpf_2x0_par3: 0.011903573379545436 +/- 0.0
