CMS_EXO26004_Background_rpf_2x0_par0: 0.08345763505916944 +/- 0.012563681880471663
CMS_EXO26004_Background_rpf_2x0_par1: 0.5001372608368109 +/- 0.13553824084504953
CMS_EXO26004_Background_rpf_2x0_par2: -0.18117970481879753 +/- 0.19446867233396856
CMS_EXO26004_Background_rpf_2x0_par3: 0.0014527442330735836 +/- 0.0
