CMS_EXO26004_Background_rpf_2x0_par0: 0.0008947817037706636 +/- 0.0003087680629698976
CMS_EXO26004_Background_rpf_2x0_par1: 1.3800529852735482e-08 +/- 0.01967292222703458
CMS_EXO26004_Background_rpf_2x0_par2: 0.14288268410967245 +/- 0.18434522139358833
