CMS_EXO26004_Background_rpf_2x0_par0: 0.024976467831864496 +/- 0.012702594179386142
CMS_EXO26004_Background_rpf_2x0_par1: 0.5036531723794913 +/- 0.8289200821285438
CMS_EXO26004_Background_rpf_2x0_par2: -5.3670008898264523e-08 +/- 5.932329265586862
CMS_EXO26004_Background_rpf_2x0_par3: 0.02878959745520373 +/- 0.0
