CMS_AN23122_Background_rpf_2x0_par0: 0.07634972616263477 +/- 0.1749279744281666
CMS_AN23122_Background_rpf_2x0_par1: 0.5518389060421635 +/- 1.9543343080317739
CMS_AN23122_Background_rpf_2x0_par3: 0.015572955405333566 +/- 0.03620310618806699
