CMS_EXO26004_Background_rpf_2x0_par0: 0.7771438798833319 +/- 0.0
CMS_EXO26004_Background_rpf_2x0_par3: 0.0011884267115930545 +/- 0.0001226701330495766
