CMS_EXO26004_Background_rpf_2x0_par0: 0.08173185739623877 +/- 0.024505414923864738
CMS_EXO26004_Background_rpf_2x0_par1: 0.9999995791941351 +/- 0.0
CMS_EXO26004_Background_rpf_2x0_par2: -9.578753453789697e-07 +/- 2.099695494342787
CMS_EXO26004_Background_rpf_2x0_par3: 1.9999999999999998 +/- 0.4657996952372658
