CMS_AN23122_Background_rpf_2x0_par0: 0.08008559048218404 +/- 0.037929173437482
CMS_AN23122_Background_rpf_2x0_par1: 0.5504734584367399 +/- 3.56486093246466
CMS_AN23122_Background_rpf_2x0_par2: -0.0004393789607705777 +/- 29.11566914805891
CMS_AN23122_Background_rpf_2x0_par3: 0.00980345090937637 +/- 0.0
