CMS_AN23122_Background_rpf_2x0_par0: 0.7208897735358281 +/- 1.697034567513205
CMS_AN23122_Background_rpf_2x0_par3: 0.004405705896536155 +/- 0.01029009681568958
