CMS_EXO26004_Background_rpf_2x0_par0: 0.023584537866450702 +/- 0.004027987312441462
CMS_EXO26004_Background_rpf_2x0_par1: 0.5043110310542204 +/- 0.0
CMS_EXO26004_Background_rpf_2x0_par2: -1.6599135260753073e-16 +/- 0.0
CMS_EXO26004_Background_rpf_2x0_par3: 0.0300830020234429 +/- 0.0
