CMS_EXO26004_Background_rpf_2x0_par0: 0.9813976157804397 +/- 0.47145107751720566
CMS_EXO26004_Background_rpf_2x0_par3: 0.0009422486559752933 +/- 0.00047261304351953404
