CMS_AN23122_Background_rpf_2x0_par0: 0.07720384617762795 +/- 0.014779204833807649
CMS_AN23122_Background_rpf_2x0_par1: 0.5558190278397808 +/- 1.1907085247127802
CMS_AN23122_Background_rpf_2x0_par3: 0.015404362311762242 +/- 0.0
