CMS_EXO26004_Background_rpf_2x0_par0: 0.0008907978084241394 +/- 0.000302787904765136
CMS_EXO26004_Background_rpf_2x0_par1: 2.5221321126004553e-06 +/- 0.019052158332241838
CMS_EXO26004_Background_rpf_2x0_par2: 0.14730847177010328 +/- 0.17806695808006187
