CMS_AN23122_Background_rpf_2x0_par0: 0.08885248110286338 +/- 0.4499685116709095
CMS_AN23122_Background_rpf_2x0_par1: 0.5505031751718088 +/- 3.584028264069217
CMS_AN23122_Background_rpf_2x0_par3: 0.013401855117322212 +/- 0.06858942189109529
