CMS_AN23122_Background_rpf_2x0_par0: 0.07187804373917561 +/- 0.7237352066340207
CMS_AN23122_Background_rpf_2x0_par1: 0.523533063590041 +/- 0.0
CMS_AN23122_Background_rpf_2x0_par3: 0.016545854329165197 +/- 0.16419919597228266
