CMS_AN23122_Background_rpf_2x0_par0: 0.07769852822516479 +/- 0.014836783707782554
CMS_AN23122_Background_rpf_2x0_par1: 0.555251222802412 +/- 1.1941356300594443
CMS_AN23122_Background_rpf_2x0_par3: 0.015311766570045127 +/- 0.0
