CMS_EXO26004_Background_rpf_2x0_par0: 0.0007457031996108311 +/- 0.00016742933070564595
CMS_EXO26004_Background_rpf_2x0_par1: 0.012735181966773307 +/- 0.007788715592622194
CMS_EXO26004_Background_rpf_2x0_par2: -3.8054511860162368e-06 +/- 3.5400910590678603
