CMS_AN23122_Background_rpf_2x0_par0: 0.06210747515757905 +/- 0.34673122753968866
CMS_AN23122_Background_rpf_2x0_par1: 0.6176251791669317 +/- 4.50443839287452
CMS_AN23122_Background_rpf_2x0_par3: 0.08041345482046562 +/- 0.4592240138527684
