CMS_EXO26004_Background_rpf_2x0_par0: 0.0008938904514559269 +/- 0.00030355179945821306
CMS_EXO26004_Background_rpf_2x0_par1: 1.1219996067082577e-07 +/- 0.019066747086829046
CMS_EXO26004_Background_rpf_2x0_par2: 0.14986189614541157 +/- 0.1724198478813111
