CMS_EXO26004_Background_rpf_2x0_par0: 0.05173669779346472 +/- 0.009572754737549935
CMS_EXO26004_Background_rpf_2x0_par1: 0.5000000075632142 +/- 0.3788964108671791
CMS_EXO26004_Background_rpf_2x0_par2: -9.250465997140325e-08 +/- 0.0
CMS_EXO26004_Background_rpf_2x0_par3: 0.015359339397020451 +/- 0.0
