CMS_EXO26004_Background_rpf_2x0_par0: 0.048121356212556976 +/- 0.0008949345968450379
CMS_EXO26004_Background_rpf_2x0_par1: 0.8332102900008836 +/- 0.03117242263419992
CMS_EXO26004_Background_rpf_2x0_par2: -0.7560154832749947 +/- 0.052856111610515955
CMS_EXO26004_Background_rpf_2x0_par3: 1.7696104243798756 +/- 0.0
