CMS_EXO26004_Background_rpf_2x0_par0: 0.08173166224228522 +/- 0.025570009382207288
CMS_EXO26004_Background_rpf_2x0_par1: 0.9999998706847538 +/- 0.0
CMS_EXO26004_Background_rpf_2x0_par2: -1.5123679424533694e-07 +/- 2.5140937904262226
CMS_EXO26004_Background_rpf_2x0_par3: 2.0 +/- 0.483123277681511
