CMS_EXO26004_Background_rpf_2x0_par0: 0.031336182545830926 +/- 0.006993081335972237
CMS_EXO26004_Background_rpf_2x0_par1: 0.5002046087338013 +/- 0.26171981005191963
CMS_EXO26004_Background_rpf_2x0_par2: -1.0574617559091712e-06 +/- 0.0
CMS_EXO26004_Background_rpf_2x0_par3: 0.024011240318936977 +/- 0.0
