CMS_EXO26004_Background_rpf_2x0_par0: 0.04672919333228743 +/- 0.008621558971749205
CMS_EXO26004_Background_rpf_2x0_par1: 0.5039811456135972 +/- 0.2994205123106972
CMS_EXO26004_Background_rpf_2x0_par2: -6.184789069201696e-07 +/- 0.0
CMS_EXO26004_Background_rpf_2x0_par3: 0.016892217020384806 +/- 0.0
