CMS_AN23122_Background_rpf_2x0_par0: 0.7870694418999276 +/- 1.0853217733316485
CMS_AN23122_Background_rpf_2x0_par1: 50.00000131230681 +/- 72.88648605550307
CMS_AN23122_Background_rpf_2x0_par2: -49.99999968393885 +/- 457.5426793847131
CMS_AN23122_Background_rpf_2x0_par3: 0.014766829757882603 +/- 0.0
