CMS_AN23122_Background_rpf_2x0_par0: 0.7878603867137071 +/- 0.4395658923320924
CMS_AN23122_Background_rpf_2x0_par1: 50.00000092247274 +/- 18.014425945146954
CMS_AN23122_Background_rpf_2x0_par2: -49.999999483959634 +/- 0.0
CMS_AN23122_Background_rpf_2x0_par3: 0.014759906283915119 +/- 0.0
