CMS_EXO26004_Background_rpf_2x0_par0: 0.04714234029120245 +/- 0.008676939862358263
CMS_EXO26004_Background_rpf_2x0_par1: 0.5047845311206107 +/- 0.30127979828353646
CMS_EXO26004_Background_rpf_2x0_par2: -1.8701879027331484e-05 +/- 0.0
CMS_EXO26004_Background_rpf_2x0_par3: 0.01678931600345484 +/- 0.0
