CMS_EXO26004_Background_rpf_2x0_par0: 0.08161797921148918 +/- 0.024177023492778383
CMS_EXO26004_Background_rpf_2x0_par1: 0.999999714041794 +/- 0.0
CMS_EXO26004_Background_rpf_2x0_par2: -9.356996261938692e-07 +/- 2.574009300248598
CMS_EXO26004_Background_rpf_2x0_par3: 1.9999999999999987 +/- 0.47173420460906507
