CMS_EXO26004_Background_rpf_2x0_par0: 0.027943966691643785 +/- 0.004517016680577915
CMS_EXO26004_Background_rpf_2x0_par1: 0.501881864439747 +/- 0.0
CMS_EXO26004_Background_rpf_2x0_par2: 0.0 +/- 0.0
CMS_EXO26004_Background_rpf_2x0_par3: 0.02633621337019139 +/- 0.0
