CMS_EXO26004_Background_rpf_2x0_par0: 0.4795085828300549 +/- 0.05004883288654818
CMS_EXO26004_Background_rpf_2x0_par3: 0.0019178001621720816 +/- 0.0
