CMS_AN23122_Background_rpf_2x0_par0: 10.81972157694821 +/- 27.194819376994637
CMS_AN23122_Background_rpf_2x0_par1: 50.00012344347594 +/- 0.0
CMS_AN23122_Background_rpf_2x0_par3: 0.00045332612101652014 +/- 0.0010698637034819735
