CMS_EXO26004_Background_rpf_2x0_par0: 0.08344931677282662 +/- 0.012577225322249625
CMS_EXO26004_Background_rpf_2x0_par1: 0.5000161166035214 +/- 0.13557760215230877
CMS_EXO26004_Background_rpf_2x0_par2: -0.17971711033171123 +/- 0.19443850456730613
CMS_EXO26004_Background_rpf_2x0_par3: 0.0014528994201073915 +/- 0.0
