CMS_EXO26004_Background_rpf_2x0_par0: 0.99997258227256 +/- 0.5685979235510986
CMS_EXO26004_Background_rpf_2x0_par3: 0.0008366816804490646 +/- 0.0004887361667942414
