CMS_EXO26004_Background_rpf_2x0_par0: 0.030029084839728375 +/- 0.0046761627641623525
CMS_EXO26004_Background_rpf_2x0_par1: 0.5014132183262756 +/- 0.0
CMS_EXO26004_Background_rpf_2x0_par2: -5.396480067974482e-08 +/- 0.0
CMS_EXO26004_Background_rpf_2x0_par3: 0.0249716943688985 +/- 0.0
