CMS_EXO26004_Background_rpf_2x0_par0: 0.08379229885384087 +/- 0.012600853044979004
CMS_EXO26004_Background_rpf_2x0_par1: 0.5001146296081623 +/- 0.1357299221836269
CMS_EXO26004_Background_rpf_2x0_par2: -0.17771954472671497 +/- 0.19463189514225968
CMS_EXO26004_Background_rpf_2x0_par3: 0.0014484602061925673 +/- 0.0
