CMS_EXO26004_Background_rpf_2x0_par0: 0.08365186405815597 +/- 0.012613707349796114
CMS_EXO26004_Background_rpf_2x0_par1: 0.5001335635941393 +/- 0.1360054585849405
CMS_EXO26004_Background_rpf_2x0_par2: -0.17952001109294252 +/- 0.19508356541116412
CMS_EXO26004_Background_rpf_2x0_par3: 0.0014506198960776973 +/- 0.0
