CMS_EXO26004_Background_rpf_2x0_par0: 0.08172971878324259 +/- 0.02461575240630383
CMS_EXO26004_Background_rpf_2x0_par1: 0.9999994173195077 +/- 0.0
CMS_EXO26004_Background_rpf_2x0_par2: -2.550644929897282e-06 +/- 2.2461628170561183
CMS_EXO26004_Background_rpf_2x0_par3: 1.9999999999999998 +/- 0.46719359782871844
