CMS_AN23122_Background_rpf_2x0_par0: 11.993482494274017 +/- 60.238710633303754
CMS_AN23122_Background_rpf_2x0_par1: 50.09803799348887 +/- 0.0
CMS_AN23122_Background_rpf_2x0_par3: 0.00012245743540823163 +/- 0.0006037411995251087
