CMS_AN23122_Background_rpf_2x0_par0: 0.07621119225862884 +/- 0.014560605358702025
CMS_AN23122_Background_rpf_2x0_par1: 0.5537353995226176 +/- 1.1729023712593747
CMS_AN23122_Background_rpf_2x0_par3: 0.015594204451362847 +/- 0.0
