CMS_EXO26004_Background_rpf_2x0_par0: 0.08173096248412681 +/- 0.02403864398614625
CMS_EXO26004_Background_rpf_2x0_par1: 0.9999998393127495 +/- 0.0
CMS_EXO26004_Background_rpf_2x0_par2: -2.8805068042619952e-08 +/- 1.865237709109162
CMS_EXO26004_Background_rpf_2x0_par3: 2.0 +/- 0.45939520683966206
