CMS_AN23122_Background_rpf_2x0_par0: 0.441904027420334 +/- 1.1782255068172642
CMS_AN23122_Background_rpf_2x0_par3: 0.006961861845162453 +/- 0.018262446584277198
