Background_rpf_sigmoid_par0: 0.009317615002478992 +/- 0.00027661758007491063
Background_rpf_sigmoid_par1: 3.1443270826150496 +/- 0.0
Background_rpf_sigmoid_par3: -4.947197656824769 +/- 2.684573274939159
Background_rpf_sigmoid_par4: 1.8792163634485877 +/- 0.13256698584057897
