Background_rpf_sigmoid_par0: 0.020615407106899967 +/- 0.0013313077483169196
Background_rpf_sigmoid_par1: 3.0340779634945885 +/- 0.0
Background_rpf_sigmoid_par2: 4.270752782995456e-06 +/- 0.0
Background_rpf_sigmoid_par3: -2.4213341155547865 +/- 0.0
Background_rpf_sigmoid_par4: 0.9683878166671102 +/- 0.2034501478384403
