Background_rpf_sigmoid_par0: 0.030228736663837068 +/- 0.00282371644058478
Background_rpf_sigmoid_par1: 3.099726638465807 +/- 0.0
Background_rpf_sigmoid_par3: -4.085640683224389 +/- 3.284002483610371
Background_rpf_sigmoid_par4: 0.5696996721317944 +/- 0.22481754242014831
