Background_rpf_sigmoid_par0: 0.030347774864043955 +/- 0.0026215803541643013
Background_rpf_sigmoid_par1: 3.3975814611306023 +/- 0.0
Background_rpf_sigmoid_par3: -4.724435391275117 +/- 4.107869618134829
Background_rpf_sigmoid_par4: 0.7368506408655375 +/- 0.2419367345466759
