Background_rpf_sigmoid_par0: 0.02761580278561115 +/- 0.053076442192048705
Background_rpf_sigmoid_par1: 1.651396577235731 +/- 3.203781634933028
Background_rpf_sigmoid_par2: 12.570386502379854 +/- 4.600016042072755
Background_rpf_sigmoid_par3: 1.2485683389955695 +/- 1.9236026808822226
