Background_rpf_sigmoid_par0: 0.020690440065832212 +/- 0.0
Background_rpf_sigmoid_par1: 2.5360462353996223 +/- 0.10847283484495535
Background_rpf_sigmoid_par2: 439.4616972658485 +/- 32.86691985129513
Background_rpf_sigmoid_par3: 2.982145303832981 +/- 0.0
