Background_rpf_sigmoid_par0: 0.009407164348483292 +/- 0.022023566220708102
Background_rpf_sigmoid_par1: 3.1743398708668833 +/- 7.451825501768467
Background_rpf_sigmoid_par3: -4.95284063984672 +/- 3.061591864988064
Background_rpf_sigmoid_par4: 1.8969594218727541 +/- 4.437937405355738
