Background_rpf_sigmoid_par0: 0.027816169594735242 +/- 0.4077666536987861
Background_rpf_sigmoid_par1: 3.0157690048248598 +/- 45.46923590953444
Background_rpf_sigmoid_par2: 4.580023172905665e-06 +/- 0.0
Background_rpf_sigmoid_par3: -2.3938562131511705 +/- 0.0
Background_rpf_sigmoid_par4: 0.6420827011279805 +/- 9.331541015556144
