Background_rpf_sigmoid_par0: 0.027744468342242604 +/- 0.002421770781716158
Background_rpf_sigmoid_par1: 3.0075106750631266 +/- 0.0
Background_rpf_sigmoid_par2: 4.034987685229592e-07 +/- 0.0
Background_rpf_sigmoid_par3: -2.3994694191994252 +/- 0.0
Background_rpf_sigmoid_par4: 0.638944147865382 +/- 0.22256068761571063
