Background_rpf_sigmoid_par0: 0.02087192908345929 +/- 0.05810932615002537
Background_rpf_sigmoid_par1: 3.072469880570967 +/- 8.796402315020687
Background_rpf_sigmoid_par2: 3.6253492892988123e-07 +/- 0.0
Background_rpf_sigmoid_par3: -2.4092864639906275 +/- 0.0
Background_rpf_sigmoid_par4: 0.9808597813287133 +/- 2.7282908821587215
