Background_rpf_sigmoid_par0: 0.01321312094238644 +/- 0.0011480201917851637
Background_rpf_sigmoid_par1: 1.4741976933045469 +/- 0.0
Background_rpf_sigmoid_par3: -4.717068063958601 +/- 3.0533806284123455
Background_rpf_sigmoid_par4: 0.3208421517930638 +/- 0.10538713046009575
