Background_rpf_sigmoid_par0: 0.0335283957060996 +/- 0.003468227462440493
Background_rpf_sigmoid_par1: 3.361478752493547 +/- 0.0
Background_rpf_sigmoid_par3: -3.0864865458789272 +/- 2.550917609981682
Background_rpf_sigmoid_par4: 0.6240915087850308 +/- 0.25168397137707327
