Background_rpf_sigmoid_par0: 0.037459245594591246 +/- 0.0037495801802698357
Background_rpf_sigmoid_par1: 3.792605611624724 +/- 0.0
Background_rpf_sigmoid_par3: -4.413558546139732 +/- 4.263823908652935
Background_rpf_sigmoid_par4: 0.7066273750683896 +/- 0.28249616634209973
