Background_rpf_sigmoid_par0: 0.03022872503965062 +/- 0.002823689194349644
Background_rpf_sigmoid_par1: 3.099725280747059 +/- 0.0
Background_rpf_sigmoid_par3: -4.085624303583455 +/- 3.2825980790068563
Background_rpf_sigmoid_par4: 0.569700086174689 +/- 0.22481743457379183
