CMS_EXO26004_Background_rpf_2x0_par0: 0.047722342086611164 +/- 0.008809496552591573
CMS_EXO26004_Background_rpf_2x0_par1: 0.5030033558849711 +/- 0.3339173139861258
CMS_EXO26004_Background_rpf_2x0_par2: -8.205679821593178e-06 +/- 0.0
CMS_EXO26004_Background_rpf_2x0_par3: 0.01660051733312806 +/- 0.0
