CMS_EXO26004_Background_rpf_2x0_par0: 0.0006986947571016637 +/- 0.00015329249055994246
CMS_EXO26004_Background_rpf_2x0_par1: 0.014554842962793323 +/- 0.011657848327669001
CMS_EXO26004_Background_rpf_2x0_par2: -9.357091896547865e-08 +/- 5.5513117094962166
