CMS_AN23122_Background_rpf_2x0_par0: 0.07720331451135207 +/- 0.014812682044020014
CMS_AN23122_Background_rpf_2x0_par1: 0.5530315488338986 +/- 1.1935729402848498
CMS_AN23122_Background_rpf_2x0_par3: 0.01539583932201893 +/- 0.0
