CMS_EXO26004_Background_rpf_2x0_par0: 0.9702652066603679 +/- 0.46375205094330957
CMS_EXO26004_Background_rpf_2x0_par3: 0.0009529072442487562 +/- 0.00048302291662576997
