CMS_EXO26004_Background_rpf_2x0_par0: 0.0006964598204921535 +/- 0.00015580300841582672
CMS_EXO26004_Background_rpf_2x0_par1: 0.016200132901800546 +/- 0.00741874979591626
CMS_EXO26004_Background_rpf_2x0_par2: -2.3601910356663147e-13 +/- 2.5684836263561173
