Background_rpf_2x0_par0: 0.293441727637944 +/- 0.013300259504792062
Background_rpf_2x0_par1: 11.732184239391843 +/- 1.4693489501062782
Background_rpf_2x0_par2: -41.54452906785548 +/- 24.700239926087242
Background_rpf_2x0_par3: 0.2956660995237195 +/- 0.0
