CMS_AN23122_Background_rpf_2x0_par0: 0.06771389389193601 +/- 0.014530423612415978
CMS_AN23122_Background_rpf_2x0_par1: 0.5193612108185075 +/- 0.0
CMS_AN23122_Background_rpf_2x0_par3: 0.07425416408979761 +/- 0.0
