CMS_EXO26004_Background_rpf_2x0_par0: 0.08173503025747751 +/- 0.024645727359163396
CMS_EXO26004_Background_rpf_2x0_par1: 0.999999918115993 +/- 0.0
CMS_EXO26004_Background_rpf_2x0_par2: -4.3299444854247304e-09 +/- 2.2295591082310895
CMS_EXO26004_Background_rpf_2x0_par3: 2.0 +/- 0.4678660752463077
