CMS_EXO26004_Background_rpf_2x0_par0: 0.44647746147258593 +/- 0.0
CMS_EXO26004_Background_rpf_2x0_par3: 0.002058328973453595 +/- 0.00021245229708923
