CMS_EXO26004_Background_rpf_2x0_par0: 0.026456607483926118 +/- 0.008698628458161741
CMS_EXO26004_Background_rpf_2x0_par1: 0.5028388732947996 +/- 0.5160276097518561
CMS_EXO26004_Background_rpf_2x0_par2: -2.9160722311025525e-08 +/- 0.0
CMS_EXO26004_Background_rpf_2x0_par3: 0.027509114669796494 +/- 0.0
