CMS_AN23122_Background_rpf_2x0_par0: 0.18750170301178595 +/- 1.9521534900784616
CMS_AN23122_Background_rpf_2x0_par1: 0.5109535559627408 +/- 7.744509355613357
CMS_AN23122_Background_rpf_2x0_par3: 0.01706516334435065 +/- 0.18154292768392927
