Background_rpf_2x0_par0: 1.2159188236300267 +/- 0.09382142717749371
Background_rpf_2x0_par1: 50.39638160609653 +/- 3.6400347888309277
Background_rpf_2x0_par2: -47.02592770764072 +/- 7.863368809163084
Background_rpf_2x0_par3: 0.014370978781816014 +/- 0.0
