Background_rpf_2x0_par0: 1.2264264580978277 +/- 0.09422370562410452
Background_rpf_2x0_par1: 50.10025262961075 +/- 3.658164016643288
Background_rpf_2x0_par2: -46.624103444478955 +/- 7.925981740717577
Background_rpf_2x0_par3: 0.014339405162090358 +/- 0.0
