CMS_EXO26004_Background_rpf_2x0_par0: 0.5366964770148128 +/- 2.791109231909872
CMS_EXO26004_Background_rpf_2x0_par3: 0.0017158568919273863 +/- 0.00891401344281376
