CMS_EXO26004_Background_rpf_2x0_par0: 0.05689607500717255 +/- 0.0011175003054578715
CMS_EXO26004_Background_rpf_2x0_par1: 0.9849413234922829 +/- 0.04575985186317423
CMS_EXO26004_Background_rpf_2x0_par2: -0.8935952910652065 +/- 0.20228719834908981
CMS_EXO26004_Background_rpf_2x0_par3: 1.4967814471221887 +/- 0.0
