CMS_EXO26004_Background_rpf_2x0_par0: 0.04135570348180766 +/- 0.012010761255786383
CMS_EXO26004_Background_rpf_2x0_par1: 0.5003073254374262 +/- 0.58444003648578
CMS_EXO26004_Background_rpf_2x0_par2: -8.566778857772763e-08 +/- 0.0
CMS_EXO26004_Background_rpf_2x0_par3: 0.019303243525624746 +/- 0.0
