CMS_EXO26004_Background_rpf_2x0_par0: 0.0007872551785228954 +/- 0.00016748191088335256
CMS_EXO26004_Background_rpf_2x0_par1: 0.009333834080404125 +/- 0.008117490398551822
