CMS_AN23122_Background_rpf_1x0_par0: 0.000879657736588999 +/- 0.0001609830164134434
CMS_AN23122_Background_rpf_1x0_par1: 0.005308376815785944 +/- 0.02198023236150425
