CMS_AN23122_Background_rpf_2x0_par0: 0.062403937745146125 +/- 0.015804181908916366
CMS_AN23122_Background_rpf_2x0_par1: 0.6166734615099827 +/- 1.293472681555671
CMS_AN23122_Background_rpf_2x0_par3: 0.07999348062951861 +/- 0.0
