CMS_AN23122_Background_rpf_2x0_par0: 0.06715738573658807 +/- 0.24403505643059245
CMS_AN23122_Background_rpf_2x0_par1: 0.6077533206821607 +/- 3.382985784501621
CMS_AN23122_Background_rpf_2x0_par3: 0.06845380120783136 +/- 0.2561820235280172
