CMS_EXO26004_Background_rpf_2x0_par0: 0.051359152485156795 +/- 0.009504247349111329
CMS_EXO26004_Background_rpf_2x0_par1: 0.5122096777698535 +/- 0.3766829620419161
CMS_EXO26004_Background_rpf_2x0_par2: -3.2394531918936674e-06 +/- 0.0
CMS_EXO26004_Background_rpf_2x0_par3: 0.015461972518366994 +/- 0.0
