CMS_AN23122_Background_rpf_2x0_par0: 0.06567530275955799 +/- 0.5125979191615486
CMS_AN23122_Background_rpf_2x0_par1: 0.545919683243518 +/- 5.709822000776412
CMS_AN23122_Background_rpf_2x0_par3: 0.07628593109547771 +/- 0.6078958232327056
