CMS_EXO26004_Background_rpf_2x0_par0: 0.000896828484623182 +/- 0.00040295023312972896
CMS_EXO26004_Background_rpf_2x0_par1: 1.0243308055880775e-08 +/- 0.026824630134135892
CMS_EXO26004_Background_rpf_2x0_par2: 0.13254437895705937 +/- 0.32823468577615095
