CMS_EXO26004_Background_rpf_2x0_par0: 0.027817994587780087 +/- 0.014360837592071343
CMS_EXO26004_Background_rpf_2x0_par1: 0.5020360424858498 +/- 0.9323308564100427
CMS_EXO26004_Background_rpf_2x0_par2: -1.1054681859625978e-07 +/- 9.790481272326783
CMS_EXO26004_Background_rpf_2x0_par3: 0.02646398692974685 +/- 0.0
