CMS_AN23122_Background_rpf_2x0_par0: 0.07588110109708346 +/- 0.01446913290512324
CMS_AN23122_Background_rpf_2x0_par1: 0.5509841417881722 +/- 1.165047659521697
CMS_AN23122_Background_rpf_2x0_par3: 0.01567150241470482 +/- 0.0
