CMS_AN23122_Background_rpf_2x0_par0: 0.06334150612481355 +/- 0.023775342829275285
CMS_AN23122_Background_rpf_2x0_par1: 0.5217341953393845 +/- 2.082011389219748
CMS_AN23122_Background_rpf_2x0_par2: -7.356992167136889e-06 +/- 24.20485882047407
CMS_AN23122_Background_rpf_2x0_par3: 0.012244846011500112 +/- 0.0
