CMS_EXO26004_Background_rpf_2x0_par0: 0.05506621387933631 +/- 0.010287059744468637
CMS_EXO26004_Background_rpf_2x0_par1: 0.5080076565514804 +/- 0.42825599469463244
CMS_EXO26004_Background_rpf_2x0_par2: -5.2280467309701387e-08 +/- 0.0
CMS_EXO26004_Background_rpf_2x0_par3: 0.014498324965685648 +/- 0.0
