CMS_EXO26004_Background_rpf_2x0_par0: 0.0007082440838627563 +/- 0.00015508509389862082
CMS_EXO26004_Background_rpf_2x0_par1: 0.013627295721158417 +/- 0.01188517478952124
CMS_EXO26004_Background_rpf_2x0_par2: -0.00021351262984903085 +/- 5.906508409338028
