CMS_EXO26004_Background_rpf_2x0_par0: 0.0006981342602237466 +/- 0.00015312352570765917
CMS_EXO26004_Background_rpf_2x0_par1: 0.01453280618816275 +/- 0.011656351329223654
CMS_EXO26004_Background_rpf_2x0_par2: -0.00022807556990497694 +/- 5.558122747746984
