CMS_EXO26004_Background_rpf_2x0_par0: 0.04923049134250881 +/- 0.00915773698143375
CMS_EXO26004_Background_rpf_2x0_par1: 0.5058893773597605 +/- 0.35065127313116706
CMS_EXO26004_Background_rpf_2x0_par2: -2.231830172061411e-15 +/- 0.0
CMS_EXO26004_Background_rpf_2x0_par3: 0.016133633411825186 +/- 0.0
