CMS_EXO26004_Background_rpf_2x0_par0: 0.048006830430519974 +/- 0.01349743828099402
CMS_EXO26004_Background_rpf_2x0_par1: 0.5133180879239795 +/- 0.30831115505746964
CMS_EXO26004_Background_rpf_2x0_par2: -1.1400278534954493e-05 +/- 0.0
CMS_EXO26004_Background_rpf_2x0_par3: 0.01648405747315533 +/- 0.0
