CMS_AN23122_Background_rpf_2x0_par0: 0.05324046203081346 +/- 0.02074559031559559
CMS_AN23122_Background_rpf_2x0_par1: 0.5028257527216375 +/- 1.8388132868356657
CMS_AN23122_Background_rpf_2x0_par2: -0.00011128573744802726 +/- 21.79064051041235
CMS_AN23122_Background_rpf_2x0_par3: 0.014484190700555163 +/- 0.0
