Background_rpf_expo_par0: -0.9999999999999997 +/- 3.536451618408405
Background_rpf_expo_par1: -4.920589849796302 +/- 0.1394694532451381
