Background_rpf_expo_par0: -0.9999999466491233 +/- 12.85849059183465
Background_rpf_expo_par1: -5.068399867532257 +/- 0.20760418854340698
