CMS_AN23122_Background_rpf_2x0_par0: 0.09164728776464652 +/- 0.017570875592698734
CMS_AN23122_Background_rpf_2x0_par1: 0.5613497178071661 +/- 1.4374405990705368
CMS_AN23122_Background_rpf_2x0_par3: 0.012980732805818912 +/- 0.0
