CMS_EXO26004_Background_rpf_2x0_par0: 0.0008961003831945854 +/- 0.0002945476543840087
CMS_EXO26004_Background_rpf_2x0_par1: 1.7381789627415878e-08 +/- 0.018749296464210235
CMS_EXO26004_Background_rpf_2x0_par2: 0.15533495606990014 +/- 0.15561865993479587
