CMS_AN23122_Background_rpf_2x0_par0: 0.06715809164916503 +/- 0.018485237983702815
CMS_AN23122_Background_rpf_2x0_par1: 0.6076220858653605 +/- 1.5166768158799993
CMS_AN23122_Background_rpf_2x0_par3: 0.06845287956810371 +/- 0.0
