CMS_EXO26004_Background_rpf_2x0_par0: 0.057738574063514236 +/- 0.010553333588589649
CMS_EXO26004_Background_rpf_2x0_par1: 0.9994435312126019 +/- 0.17604958442662896
CMS_EXO26004_Background_rpf_2x0_par2: -0.9067033633195158 +/- 0.2434806169813093
CMS_EXO26004_Background_rpf_2x0_par3: 1.4749866854590197 +/- 0.26395414239684745
