CMS_EXO26004_Background_rpf_2x0_par0: 0.057488744049758025 +/- 0.010662301763338317
CMS_EXO26004_Background_rpf_2x0_par1: 0.9949569987137513 +/- 0.17791333448333838
CMS_EXO26004_Background_rpf_2x0_par2: -0.9024003493784584 +/- 0.243195263670877
CMS_EXO26004_Background_rpf_2x0_par3: 1.4814823763849154 +/- 0.2691495224965369
