CMS_EXO26004_Background_rpf_2x0_par0: 0.4744597850458681 +/- 1.6942035669240763
CMS_EXO26004_Background_rpf_2x0_par3: 0.0019392723790361143 +/- 0.006851724116297564
