CMS_EXO26004_Background_rpf_2x0_par0: 0.05638485909229459 +/- 0.0010428813230344831
CMS_EXO26004_Background_rpf_2x0_par1: 0.9763523938746949 +/- 0.036204669834672056
CMS_EXO26004_Background_rpf_2x0_par2: -0.8859296455056052 +/- 0.062469509293833166
CMS_EXO26004_Background_rpf_2x0_par3: 1.5102142106586354 +/- 0.0
