CMS_AN23122_Background_rpf_2x0_par0: 0.05435508066291831 +/- 0.01626071039059009
CMS_AN23122_Background_rpf_2x0_par1: 0.5000000317551343 +/- 1.3740263517249582
CMS_AN23122_Background_rpf_2x0_par2: -0.08470275606443683 +/- 16.172275879542536
CMS_AN23122_Background_rpf_2x0_par3: 0.014255600255861686 +/- 0.0
