Background_rpf_expo_par0: -0.9999999999882437 +/- 0.0
Background_rpf_expo_par1: -4.314926632137933 +/- 0.010499679986553124
