CMS_EXO26004_Background_rpf_2x0_par0: 0.8706075112731254 +/- 2.3052495172549508
CMS_EXO26004_Background_rpf_2x0_par3: 0.0010613966647520347 +/- 0.002796551767605435
