CMS_EXO26004_Background_rpf_2x0_par0: 0.08171927624968735 +/- 0.025314687145515796
CMS_EXO26004_Background_rpf_2x0_par1: 0.9999999215965254 +/- 0.0
CMS_EXO26004_Background_rpf_2x0_par2: -2.120660974424919e-07 +/- 2.25434037937363
CMS_EXO26004_Background_rpf_2x0_par3: 2.0 +/- 0.48147318605979805
