Background_rpf_2x0_par0: 0.1760150758671245 +/- 0.49235137809554896
Background_rpf_2x0_par1: 13.091057330778819 +/- 37.04883738527219
Background_rpf_2x0_par2: -43.69899700013921 +/- 128.18634263477966
Background_rpf_2x0_par3: 0.28677499671964946 +/- 0.8057142498117579
