Background_rpf_2x0_par0: 0.17504950241663653 +/- 0.3978912239951707
Background_rpf_2x0_par1: 12.682927175991717 +/- 29.28727623048308
Background_rpf_2x0_par2: -39.51209459005543 +/- 96.71257177355984
Background_rpf_2x0_par3: 0.29213667823639283 +/- 0.6677464918041879
