CMS_EXO26004_Background_rpf_2x0_par0: 0.0009006519338902383 +/- 0.00018246785087780028
CMS_EXO26004_Background_rpf_2x0_par1: 0.005863549565470547 +/- 0.006195404358566885
