CMS_EXO26004_Background_rpf_2x0_par0: 0.3853403644879912 +/- 0.06666652685091787
CMS_EXO26004_Background_rpf_2x0_par1: 0.5000064979594974 +/- 5.458579987067841
CMS_EXO26004_Background_rpf_2x0_par3: 0.0023825293018157542 +/- 0.0
