CMS_EXO26004_Background_rpf_2x0_par0: 0.044156097607944214 +/- 0.0008708209019197134
CMS_EXO26004_Background_rpf_2x0_par1: 0.7644020380799196 +/- 0.035892386510248696
CMS_EXO26004_Background_rpf_2x0_par2: -0.6934855460380828 +/- 0.15806908290779406
CMS_EXO26004_Background_rpf_2x0_par3: 1.9286035498839968 +/- 0.0
