CMS_EXO26004_Background_rpf_2x0_par0: 0.0007009835144499753 +/- 0.00015317315126977884
CMS_EXO26004_Background_rpf_2x0_par1: 0.01407624160870015 +/- 0.011774675779922514
CMS_EXO26004_Background_rpf_2x0_par2: -0.0013302645919943202 +/- 5.82210023631213
