CMS_EXO26004_Background_rpf_2x0_par0: 0.03235625551479845 +/- 0.011839012542405594
CMS_EXO26004_Background_rpf_2x0_par1: 0.5004544780926135 +/- 0.6773874751535446
CMS_EXO26004_Background_rpf_2x0_par2: -9.987179486192765e-12 +/- 0.0
CMS_EXO26004_Background_rpf_2x0_par3: 0.02345500702091378 +/- 0.0
