CMS_EXO26004_Background_rpf_2x0_par0: 0.0008554549350194389 +/- 0.00018296037282584173
CMS_EXO26004_Background_rpf_2x0_par1: 0.005501427607705566 +/- 0.00728928221729234
