CMS_EXO26004_Background_rpf_2x0_par0: 0.0007524274377149124 +/- 0.00016205047778518764
CMS_EXO26004_Background_rpf_2x0_par1: 0.01203520160938998 +/- 0.0075771007735204714
CMS_EXO26004_Background_rpf_2x0_par2: -9.760458492830007e-08 +/- 3.4542605409736926
