CMS_EXO26004_Background_rpf_2x0_par0: 0.022923613317666215 +/- 0.012148325513614396
CMS_EXO26004_Background_rpf_2x0_par1: 0.5051127657105042 +/- 0.7948723514836875
CMS_EXO26004_Background_rpf_2x0_par2: -8.236740868057448e-07 +/- 6.47467455240363
CMS_EXO26004_Background_rpf_2x0_par3: 0.03077097880421164 +/- 0.0
