CMS_AN23122_Background_rpf_2x0_par0: 0.15459383079592748 +/- 0.26711815959195634
CMS_AN23122_Background_rpf_2x0_par3: 0.02028957251144254 +/- 0.03165406529964337
