CMS_EXO26004_Background_rpf_2x0_par0: 0.4718423147855517 +/- 0.0
CMS_EXO26004_Background_rpf_2x0_par3: 0.0019489367635299507 +/- 0.00020126612427233276
