CMS_EXO26004_Background_rpf_2x0_par0: 0.5084501292358848 +/- 2.181073159789536
CMS_EXO26004_Background_rpf_2x0_par3: 0.001810809638066369 +/- 0.007693534310628168
