CMS_AN23122_Background_rpf_2x0_par0: 0.07233618829710732 +/- 0.01067270209025523
CMS_AN23122_Background_rpf_2x0_par1: 0.5249534808161646 +/- 0.0
CMS_AN23122_Background_rpf_2x0_par3: 0.016436365166948047 +/- 0.0
