CMS_EXO26004_Background_rpf_2x0_par0: 0.0008987255758758925 +/- 0.00018049563157407524
CMS_EXO26004_Background_rpf_2x0_par1: 0.003819395376308589 +/- 0.006477849931114723
