CMS_EXO26004_Background_rpf_2x0_par0: 0.057742117029488484 +/- 0.010747309961426879
CMS_EXO26004_Background_rpf_2x0_par1: 0.9998466696489282 +/- 0.18007120810523677
CMS_EXO26004_Background_rpf_2x0_par2: -0.9070864351016096 +/- 0.2787254554451157
CMS_EXO26004_Background_rpf_2x0_par3: 1.4747212735927853 +/- 0.2685853094720737
