CMS_AN23122_Background_rpf_2x0_par0: 0.0722101229224771 +/- 0.010734541367570764
CMS_AN23122_Background_rpf_2x0_par1: 0.5254591479992367 +/- 0.0
CMS_AN23122_Background_rpf_2x0_par3: 0.016459499465896057 +/- 0.0
