CMS_EXO26004_Background_rpf_2x0_par0: 0.05040084393726289 +/- 0.009302542844368222
CMS_EXO26004_Background_rpf_2x0_par1: 0.5081063848925859 +/- 0.3666021876051807
CMS_EXO26004_Background_rpf_2x0_par2: -7.54472217744035e-05 +/- 0.0
CMS_EXO26004_Background_rpf_2x0_par3: 0.015721150346951963 +/- 0.0
