CMS_EXO26004_Background_rpf_2x0_par0: 0.510136137391976 +/- 1.7072236513737427
CMS_EXO26004_Background_rpf_2x0_par3: 0.0018048682268633378 +/- 0.006022268708227044
