CMS_AN23122_Background_rpf_2x0_par0: 0.05743818676963597 +/- 0.02083695530350033
CMS_AN23122_Background_rpf_2x0_par1: 0.5119987850126189 +/- 1.8323456796948614
CMS_AN23122_Background_rpf_2x0_par2: -3.324062171920685e-06 +/- 21.263533414094326
CMS_AN23122_Background_rpf_2x0_par3: 0.013470763793423933 +/- 0.0
