CMS_AN23122_Background_rpf_2x0_par0: 92.13182128993488 +/- 70.29343417027452
CMS_AN23122_Background_rpf_2x0_par3: 0.0001361840459246063 +/- 0.00011034806559143996
