CMS_AN23122_Background_rpf_2x0_par0: 4.538325255187193 +/- 2.255822140460402
CMS_AN23122_Background_rpf_2x0_par1: 50.921070862228824 +/- 75.43986608244421
CMS_AN23122_Background_rpf_2x0_par3: 0.0024592643885759575 +/- 0.0
