CMS_EXO26004_Background_rpf_2x0_par0: 0.0007872599676886796 +/- 0.00016832351622428043
CMS_EXO26004_Background_rpf_2x0_par1: 0.0093217999145319 +/- 0.008236850488884874
