CMS_EXO26004_Background_rpf_2x0_par0: 0.03200122715973726 +/- 0.007043053353650867
CMS_EXO26004_Background_rpf_2x0_par1: 0.5006475033022261 +/- 0.2614811994244065
CMS_EXO26004_Background_rpf_2x0_par2: -1.4540754006409345e-06 +/- 0.0
CMS_EXO26004_Background_rpf_2x0_par3: 0.023657818369045878 +/- 0.0
