CMS_EXO26004_Background_rpf_2x0_par0: 0.08881572617281121 +/- 0.01876666207193275
CMS_EXO26004_Background_rpf_2x0_par1: 0.5122996299516202 +/- 0.6484812828811652
CMS_EXO26004_Background_rpf_2x0_par3: 0.010134853236046707 +/- 0.0
