CMS_EXO26004_Background_rpf_2x0_par0: 0.000921852414547307 +/- 0.00018652579853200915
CMS_EXO26004_Background_rpf_2x0_par1: 0.0033263436496152954 +/- 0.006875025928835182
