CMS_EXO26004_Background_rpf_2x0_par0: 0.0009067677801970257 +/- 0.00012939204390265341
CMS_EXO26004_Background_rpf_2x0_par1: 1.0130609346466635e-08 +/- 0.0
CMS_EXO26004_Background_rpf_2x0_par2: 0.09653849405161787 +/- 0.27319847761609234
