CMS_EXO26004_Background_rpf_2x0_par0: 0.0007241680620688601 +/- 0.0002146115882628077
CMS_EXO26004_Background_rpf_2x0_par1: 0.014145150320936087 +/- 0.010366654917375952
CMS_EXO26004_Background_rpf_2x0_par2: -9.979819803542672e-07 +/- 5.066846975229822
