CMS_AN23122_Background_rpf_2x0_par0: 10.865346251088212 +/- 77.08096969740211
CMS_AN23122_Background_rpf_2x0_par1: 50.0000864588877 +/- 0.0
CMS_AN23122_Background_rpf_2x0_par3: 0.0004514078096977392 +/- 0.0030314119459596703
