CMS_EXO26004_Background_rpf_2x0_par0: 0.0817318965936612 +/- 0.025606434095176097
CMS_EXO26004_Background_rpf_2x0_par1: 0.9999998580552049 +/- 0.0
CMS_EXO26004_Background_rpf_2x0_par2: -1.638003849712636e-07 +/- 2.524863544455278
CMS_EXO26004_Background_rpf_2x0_par3: 1.9999999999999998 +/- 0.48370456985107724
