CMS_EXO26004_Background_rpf_2x0_par0: 0.0007441765158291219 +/- 0.0002018771128470946
CMS_EXO26004_Background_rpf_2x0_par1: 0.010086679619054966 +/- 0.015178242851012488
