CMS_AN23122_Background_rpf_2x0_par0: 0.060192409363568 +/- 0.015235894428248005
CMS_AN23122_Background_rpf_2x0_par1: 0.6402251839264922 +/- 1.2443540363495091
CMS_AN23122_Background_rpf_2x0_par3: 0.08289576820776116 +/- 0.0
