CMS_EXO26004_Background_rpf_2x0_par0: 0.05775668887843262 +/- 0.010651050761340257
CMS_EXO26004_Background_rpf_2x0_par1: 0.999999136516092 +/- 0.17890290186646676
CMS_EXO26004_Background_rpf_2x0_par2: -0.9073299085458465 +/- 0.25347328635311195
CMS_EXO26004_Background_rpf_2x0_par3: 1.4744203239638742 +/- 0.2665509709699658
