CMS_EXO26004_Background_rpf_2x0_par0: 0.0007276244601265447 +/- 0.0002021806757488111
CMS_EXO26004_Background_rpf_2x0_par1: 0.011970849082764017 +/- 0.01428836536639797
