CMS_EXO26004_Background_rpf_2x0_par0: 0.04679608890997477 +/- 0.01743183791261503
CMS_EXO26004_Background_rpf_2x0_par1: 0.504100257550953 +/- 1.653546849999081
CMS_EXO26004_Background_rpf_2x0_par2: -0.0008634940998208346 +/- 19.96066736306116
CMS_EXO26004_Background_rpf_2x0_par3: 0.016797454843496422 +/- 0.0
