CMS_EXO26004_Background_rpf_2x0_par0: 0.021303221188973164 +/- 0.012109414522353491
CMS_EXO26004_Background_rpf_2x0_par1: 0.5046219488403797 +/- 0.8072355881109105
CMS_EXO26004_Background_rpf_2x0_par2: -3.9847828285047727e-07 +/- 5.640411311597473
CMS_EXO26004_Background_rpf_2x0_par3: 0.03294861717406982 +/- 0.0
