CMS_EXO26004_Background_rpf_2x0_par0: 0.047493105470380846 +/- 0.012987110850041289
CMS_EXO26004_Background_rpf_2x0_par1: 0.5000029721323428 +/- 0.6070267713336076
CMS_EXO26004_Background_rpf_2x0_par2: -2.931303083756405e-07 +/- 0.0
CMS_EXO26004_Background_rpf_2x0_par3: 0.017356169558340562 +/- 0.0
