CMS_AN23122_Background_rpf_2x0_par0: 8.723343299452985 +/- 16.55064962712836
CMS_AN23122_Background_rpf_2x0_par1: 50.00004275699783 +/- 0.0
CMS_AN23122_Background_rpf_2x0_par3: 0.00016457765710578909 +/- 0.00028766907444095893
