CMS_AN23122_Background_rpf_2x0_par0: 12.112924739205962 +/- 2.1891969010565964
CMS_AN23122_Background_rpf_2x0_par1: 50.06911247789711 +/- 90.83020750423232
CMS_AN23122_Background_rpf_2x0_par3: 0.00012124348579888947 +/- 0.0
