CMS_EXO26004_Background_rpf_2x0_par0: 0.931035907599374 +/- 3.062318089701285
CMS_EXO26004_Background_rpf_2x0_par3: 0.0009928637723902564 +/- 0.0032490472192091852
