Background_rpf_2x0_par0: 1.0103964705237303 +/- 0.06270807981078085
Background_rpf_2x0_par1: 50.88928433048081 +/- 3.158353846743943
Background_rpf_2x0_par2: -49.998422316559385 +/- 0.0
Background_rpf_2x0_par3: 0.06002359394313294 +/- 0.0
