Background_rpf_2x0_par0: 1.0102837655166006 +/- 0.16259787498800354
Background_rpf_2x0_par1: 50.790422578580916 +/- 10.764891800298065
Background_rpf_2x0_par2: -49.99998866928017 +/- 138.9678984548027
Background_rpf_2x0_par3: 0.06009079124932446 +/- 0.0
