Background_rpf_2x0_par0: 1.0107672517038215 +/- 0.06274031723878756
Background_rpf_2x0_par1: 50.809635093276356 +/- 3.1603574190756163
Background_rpf_2x0_par2: -49.99995818704785 +/- 0.0
Background_rpf_2x0_par3: 0.06006570656342269 +/- 0.0
