Background_rpf_2x0_par0: 1.531956828317228 +/- 0.03626217980093659
Background_rpf_2x0_par1: 50.001287944741414 +/- 3.225066792793033
Background_rpf_2x0_par2: -49.99996090781682 +/- 0.0
Background_rpf_2x0_par3: 0.059318890577018585 +/- 0.0
