Background_rpf_2x0_par0: 1.532015570806737 +/- 0.036263734417884934
Background_rpf_2x0_par1: 50.000384383144606 +/- 3.2260926187810455
Background_rpf_2x0_par2: -49.999999999998856 +/- 0.0
Background_rpf_2x0_par3: 0.059318562775241473 +/- 0.0
