CMS_EXO26004_Background_rpf_2x0_par0: 0.04698240584334716 +/- 0.008649171324073779
CMS_EXO26004_Background_rpf_2x0_par1: 0.504423214393507 +/- 0.30079314380751887
CMS_EXO26004_Background_rpf_2x0_par2: -3.907733996172044e-07 +/- 0.0
CMS_EXO26004_Background_rpf_2x0_par3: 0.01683770808912862 +/- 0.0
