CMS_AN23122_Background_rpf_2x0_par0: 0.06748692016423288 +/- 0.024575658070375317
CMS_AN23122_Background_rpf_2x0_par1: 0.60711011533505 +/- 2.150406702288106
CMS_AN23122_Background_rpf_2x0_par2: -7.61559738332411e-05 +/- 25.28403210336727
CMS_AN23122_Background_rpf_2x0_par3: 0.01143935967994967 +/- 0.0
