CMS_EXO26004_Background_rpf_2x0_par0: 0.0007845833579908228 +/- 0.0001790788192845368
CMS_EXO26004_Background_rpf_2x0_par1: 0.007939085685956231 +/- 0.010596666470168681
