Background_rpf_2x0_par0: 2.7515503356404762 +/- 0.4944621876198019
Background_rpf_2x0_par1: 52.320150049341 +/- 0.0
Background_rpf_2x0_par2: -49.99989792898394 +/- 133.68291499280116
Background_rpf_2x0_par3: 0.0807181627251396 +/- 0.0
