Background_rpf_2x0_par0: 2.9232111394999656 +/- 0.17320510124584457
Background_rpf_2x0_par1: 52.45574837358105 +/- 12.960939905800455
Background_rpf_2x0_par2: -35.76673526233795 +/- 86.8991652393726
Background_rpf_2x0_par3: 0.051825609850741576 +/- 0.0
