Background_rpf_2x0_par0: 2.741787716931511 +/- 0.06435301213868497
Background_rpf_2x0_par1: 50.311753918559255 +/- 0.0
Background_rpf_2x0_par2: -48.60366146001766 +/- 0.0
Background_rpf_2x0_par3: 0.05508404734469277 +/- 0.0
