CMS_EXO26004_Background_rpf_2x0_par0: 0.8930004162337605 +/- 3.9252544213432117
CMS_EXO26004_Background_rpf_2x0_par3: 0.001024674841928805 +/- 0.004460009092470703
