CMS_EXO26004_Background_rpf_2x0_par0: 0.08171206227960193 +/- 0.02453177489886366
CMS_EXO26004_Background_rpf_2x0_par1: 0.9999999285140758 +/- 0.0
CMS_EXO26004_Background_rpf_2x0_par2: -1.0020555256396975e-06 +/- 1.9391151847809156
CMS_EXO26004_Background_rpf_2x0_par3: 1.9999999999999998 +/- 0.4679740492329637
