CMS_AN23122_Background_rpf_2x0_par0: 0.26540861094411006 +/- 0.8123390135415052
CMS_AN23122_Background_rpf_2x0_par3: 0.012022241541950984 +/- 0.03450485253211095
