CMS_EXO26004_Background_rpf_2x0_par0: 0.02740533429897666 +/- 0.008734157454382767
CMS_EXO26004_Background_rpf_2x0_par1: 0.5023480381684194 +/- 0.5082930075226971
CMS_EXO26004_Background_rpf_2x0_par2: -1.1063185245724534e-06 +/- 0.0
CMS_EXO26004_Background_rpf_2x0_par3: 0.026742547130023067 +/- 0.0
