CMS_AN23122_Background_rpf_2x0_par0: 0.135051152388715 +/- 0.2116752988934726
CMS_AN23122_Background_rpf_2x0_par3: 0.023284124211268496 +/- 0.03246148841787149
