Background_rpf_2x0_par0: 2.727425661694779 +/- 0.09752425358702178
Background_rpf_2x0_par1: 50.02399511882352 +/- 5.3569088919378265
Background_rpf_2x0_par2: -38.74032387003456 +/- 0.0
Background_rpf_2x0_par3: 0.05533936560349258 +/- 0.0
