CMS_EXO26004_Background_rpf_2x0_par0: 0.5967327080639839 +/- 1.6205030760831391
CMS_EXO26004_Background_rpf_2x0_par3: 0.0015448629006804718 +/- 0.004178205656982425
