CMS_AN23122_Background_rpf_2x0_par0: 0.9946362184623638 +/- 0.49895994280901296
CMS_AN23122_Background_rpf_2x0_par3: 0.0008597528149082109 +/- 0.00043933212384126506
