CMS_AN23122_Background_rpf_2x0_par0: 7.284689888073116 +/- 2.977822386821853
CMS_AN23122_Background_rpf_2x0_par1: 50.00145805760638 +/- 108.76105348081316
CMS_AN23122_Background_rpf_2x0_par3: 0.00020551134586183902 +/- 0.0
