Background_rpf_expo_par0: -0.9999999999993686 +/- 0.0
Background_rpf_expo_par1: -4.3172275411254315 +/- 0.010952871761689279
