CMS_AN23122_Background_rpf_2x0_par0: 0.7845885828889373 +/- 2.0795929324235383
CMS_AN23122_Background_rpf_2x0_par3: 0.004156102342068037 +/- 0.010915697613733153
