CMS_EXO26004_Background_rpf_2x0_par0: 0.0008945590102947711 +/- 0.0003142821892519748
CMS_EXO26004_Background_rpf_2x0_par1: 8.499374778471198e-09 +/- 0.020027809524981736
CMS_EXO26004_Background_rpf_2x0_par2: 0.14746493427925866 +/- 0.18017866984985922
