CMS_EXO26004_Background_rpf_2x0_par0: 0.02359651939167728 +/- 0.012873630803566918
CMS_EXO26004_Background_rpf_2x0_par1: 0.5043987180859848 +/- 0.8377166481608557
CMS_EXO26004_Background_rpf_2x0_par2: -5.554794831833659e-08 +/- 6.758921956747021
CMS_EXO26004_Background_rpf_2x0_par3: 0.030069681945871674 +/- 0.0
