1e-11
2e-11
3e-11
4e-11
5e-11
6e-11
7e-11
8e-11
9e-11
1e-10
2e-10
3e-10
4e-10
5e-10
6e-10
7e-10
8e-10
9e-10
1e-09
2e-09
3e-09
4e-09
5e-09
6e-09
7e-09
8e-09
9e-09
1e-08
1.148698355e-08
1.319507911e-08
1.515716567e-08
1.741101127e-08
2e-08
2.168943542e-08
2.352158045e-08
2.550849001e-08
2.766323734e-08
3e-08
3.177671523e-08
3.365865436e-08
3.565204916e-08
3.776350045e-08
4e-08
4.18255821e-08
4.373448296e-08
4.573050519e-08
4.781762499e-08
5e-08
5.185686447e-08
5.378268785e-08
5.578003109e-08
5.785155024e-08
6e-08
6.187861839e-08
6.381605689e-08
6.581415719e-08
6.787481863e-08
7e-08
7.18946261e-08
7.384053231e-08
7.583910659e-08
7.789177445e-08
8e-08
8.190690044e-08
8.385925425e-08
8.585814487e-08
8.790468155e-08
9e-08
9.191661188e-08
9.387403934e-08
9.587315155e-08
9.791483624e-08
1e-07
2e-07
3e-07
4e-07
5e-07
6e-07
7e-07
8e-07
9e-07
