rpf2x0_Binningv13_Inputv31_mergedDepths_SR_Blind/rpf2x0_Signal_M200GeV_mergedDepth_SR/Signal_M200GeV_mergedDepth_SR-2x0_area,rpf2x0_Binningv13_Inputv31_mergedDepths_SR_Blind/rpf2x0_Signal_M250GeV_mergedDepth_SR/Signal_M250GeV_mergedDepth_SR-2x0_area,rpf2x0_Binningv13_Inputv31_mergedDepths_SR_Blind/rpf2x0_Signal_M300GeV_mergedDepth_SR/Signal_M300GeV_mergedDepth_SR-2x0_area,rpf2x0_Binningv13_Inputv31_mergedDepths_SR_Blind/rpf2x0_Signal_M400GeV_mergedDepth_SR/Signal_M400GeV_mergedDepth_SR-2x0_area,rpf2x0_Binningv13_Inputv31_mergedDepths_SR_Blind/rpf2x0_Signal_M500GeV_mergedDepth_SR/Signal_M500GeV_mergedDepth_SR-2x0_area,rpf2x0_Binningv13_Inputv31_mergedDepths_SR_Blind/rpf2x0_Signal_M600GeV_mergedDepth_SR/Signal_M600GeV_mergedDepth_SR-2x0_area,rpf2x0_Binningv13_Inputv31_mergedDepths_SR_Blind/rpf2x0_Signal_M750GeV_mergedDepth_SR/Signal_M750GeV_mergedDepth_SR-2x0_area,rpf2x0_Binningv13_Inputv31_mergedDepths_SR_Blind/rpf2x0_Signal_M900GeV_mergedDepth_SR/Signal_M900GeV_mergedDepth_SR-2x0_area,rpf2x0_Binningv13_Inputv31_mergedDepths_SR_Blind/rpf2x0_Signal_M1000GeV_mergedDepth_SR/Signal_M1000GeV_mergedDepth_SR-2x0_area,rpf2x0_Binningv13_Inputv31_mergedDepths_SR_Blind/rpf2x0_Signal_M1500GeV_mergedDepth_SR/Signal_M1500GeV_mergedDepth_SR-2x0_area,rpf2x0_Binningv13_Inputv31_mergedDepths_SR_Blind/rpf2x0_Signal_M2000GeV_mergedDepth_SR/Signal_M2000GeV_mergedDepth_SR-2x0_area,rpf2x0_Binningv13_Inputv31_mergedDepths_SR_Blind/rpf2x0_Signal_M2500GeV_mergedDepth_SR/Signal_M2500GeV_mergedDepth_SR-2x0_area,rpf2x0_Binningv13_Inputv31_mergedDepths_SR_Blind/rpf2x0_Signal_M3000GeV_mergedDepth_SR/Signal_M3000GeV_mergedDepth_SR-2x0_area,rpf2x0_Binningv13_Inputv31_mergedDepths_SR_Blind/rpf2x0_Signal_M3500GeV_mergedDepth_SR/Signal_M3500GeV_mergedDepth_SR-2x0_area,rpf2x0_Binningv13_Inputv31_mergedDepths_SR_Blind/rpf2x0_Signal_M4000GeV_mergedDepth_SR/Signal_M4000GeV_mergedDepth_SR-2x0_area,rpf2x0_Binningv13_Inputv31_mergedDepths_SR_Blind/rpf2x0_Signal_M4500GeV_mergedDepth_SR/Signal_M4500GeV_mergedDepth_SR-2x0_area,rpf2x0_Binningv13_Inputv31_mergedDepths_SR_Blind/rpf2x0_Signal_M5000GeV_mergedDepth_SR/Signal_M5000GeV_mergedDepth_SR-2x0_area,rpf2x0_Binningv13_Inputv31_mergedDepths_SR_Blind/rpf2x0_Signal_M10000GeV_mergedDepth_SR/Signal_M10000GeV_mergedDepth_SR-2x0_area,rpf2x0_Binningv13_Inputv31_mergedDepths_SR_Blind/rpf2x0_Signal_M20000GeV_mergedDepth_SR/Signal_M20000GeV_mergedDepth_SR-2x0_area,rpf2x0_Binningv13_Inputv31_mergedDepths_SR_Blind/rpf2x0_Signal_M30000GeV_mergedDepth_SR/Signal_M30000GeV_mergedDepth_SR-2x0_area,rpf2x0_Binningv13_Inputv31_mergedDepths_SR_Blind/rpf2x0_Signal_M40000GeV_mergedDepth_SR/Signal_M40000GeV_mergedDepth_SR-2x0_area,rpf2x0_Binningv13_Inputv31_mergedDepths_SR_Blind/rpf2x0_Signal_M50000GeV_mergedDepth_SR/Signal_M50000GeV_mergedDepth_SR-2x0_area,rpf2x0_Binningv13_Inputv31_mergedDepths_SR_Blind/rpf2x0_Signal_M60000GeV_mergedDepth_SR/Signal_M60000GeV_mergedDepth_SR-2x0_area,rpf2x0_Binningv13_Inputv31_mergedDepths_SR_Blind/rpf2x0_Signal_M70000GeV_mergedDepth_SR/Signal_M70000GeV_mergedDepth_SR-2x0_area,rpf2x0_Binningv13_Inputv31_mergedDepths_SR_Blind/rpf2x0_Signal_M80000GeV_mergedDepth_SR/Signal_M80000GeV_mergedDepth_SR-2x0_area,rpf2x0_Binningv13_Inputv31_mergedDepths_SR_Blind/rpf2x0_Signal_M90000GeV_mergedDepth_SR/Signal_M90000GeV_mergedDepth_SR-2x0_area,rpf2x0_Binningv13_Inputv31_mergedDepths_SR_Blind/rpf2x0_Signal_M90000GeV_mergedDepth_SR/Signal_M90000GeV_mergedDepth_SR-2x0_area,rpf2x0_Binningv13_Inputv31_mergedDepths_SR_Blind/rpf2x0_Signal_M90000GeV_mergedDepth_SR/Signal_M90000GeV_mergedDepth_SR-2x0_area,rpf2x0_Binningv13_Inputv31_mergedDepths_SR_Blind/rpf2x0_Signal_M90000GeV_mergedDepth_SR/Signal_M90000GeV_mergedDepth_SR-2x0_area,rpf2x0_Binningv13_Inputv31_mergedDepths_SR_Blind/rpf2x0_Signal_M90000GeV_mergedDepth_SR/Signal_M90000GeV_mergedDepth_SR-2x0_area,rpf2x0_Binningv13_Inputv31_mergedDepths_SR_Blind/rpf2x0_Signal_M90000GeV_mergedDepth_SR/Signal_M90000GeV_mergedDepth_SR-2x0_area,rpf2x0_Binningv13_Inputv31_mergedDepths_SR_Blind/rpf2x0_Signal_M90000GeV_mergedDepth_SR/Signal_M90000GeV_mergedDepth_SR-2x0_area,rpf2x0_Binningv13_Inputv31_mergedDepths_SR_Blind/rpf2x0_Signal_M90000GeV_mergedDepth_SR/Signal_M90000GeV_mergedDepth_SR-2x0_area,rpf2x0_Binningv13_Inputv31_mergedDepths_SR_Blind/rpf2x0_Signal_M90000GeV_mergedDepth_SR/Signal_M90000GeV_mergedDepth_SR-2x0_area,rpf2x0_Binningv13_Inputv31_mergedDepths_SR_Blind/rpf2x0_Signal_M90000GeV_mergedDepth_SR/Signal_M90000GeV_mergedDepth_SR-2x0_area,rpf2x0_Binningv13_Inputv31_mergedDepths_SR_Blind/rpf2x0_Signal_M90000GeV_mergedDepth_SR/Signal_M90000GeV_mergedDepth_SR-2x0_area,rpf2x0_Binningv13_Inputv31_mergedDepths_SR_Blind/rpf2x0_Signal_M90000GeV_mergedDepth_SR/Signal_M90000GeV_mergedDepth_SR-2x0_area,rpf2x0_Binningv13_Inputv31_mergedDepths_SR_Blind/rpf2x0_Signal_M90000GeV_mergedDepth_SR/Signal_M90000GeV_mergedDepth_SR-2x0_area,rpf2x0_Binningv13_Inputv31_mergedDepths_SR_Blind/rpf2x0_Signal_M90000GeV_mergedDepth_SR/Signal_M90000GeV_mergedDepth_SR-2x0_area,rpf2x0_Binningv13_Inputv31_mergedDepths_SR_Blind/rpf2x0_Signal_M90000GeV_mergedDepth_SR/Signal_M90000GeV_mergedDepth_SR-2x0_area,rpf2x0_Binningv13_Inputv31_mergedDepths_SR_Blind/rpf2x0_Signal_M90000GeV_mergedDepth_SR/Signal_M90000GeV_mergedDepth_SR-2x0_area,rpf2x0_Binningv13_Inputv31_mergedDepths_SR_Blind/rpf2x0_Signal_M90000GeV_mergedDepth_SR/Signal_M90000GeV_mergedDepth_SR-2x0_area,rpf2x0_Binningv13_Inputv31_mergedDepths_SR_Blind/rpf2x0_Signal_M90000GeV_mergedDepth_SR/Signal_M90000GeV_mergedDepth_SR-2x0_area,rpf2x0_Binningv13_Inputv31_mergedDepths_SR_Blind/rpf2x0_Signal_M90000GeV_mergedDepth_SR/Signal_M90000GeV_mergedDepth_SR-2x0_area,rpf2x0_Binningv13_Inputv31_mergedDepths_SR_Blind/rpf2x0_Signal_M90000GeV_mergedDepth_SR/Signal_M90000GeV_mergedDepth_SR-2x0_area,rpf2x0_Binningv13_Inputv31_mergedDepths_SR_Blind/rpf2x0_Signal_M90000GeV_mergedDepth_SR/Signal_M90000GeV_mergedDepth_SR-2x0_area,rpf2x0_Binningv13_Inputv31_mergedDepths_SR_Blind/rpf2x0_Signal_M90000GeV_mergedDepth_SR/Signal_M90000GeV_mergedDepth_SR-2x0_area
400,500,600,800,1000,1200,1500,1800,2000,3000,4000,5000,6000,7000,8000,9000,10000,20000,40000,60000,80000,100000,120000,140000,160000,180000,185000,190000,195000,200000,225000,250000,275000,300000,325000,350000,375000,400000,425000,450000,475000,500000,600000,700000,800000,900000,1000000
100,100,100,100,100,100,100,100,100,100,100,100,100,100,100,100,100,100,100,100,100,100,100,100,100,100,100,100,100,100,100,100,100,100,100,100,100,100,100,100,100,100,100,100,100,100,100
1.008783e-17, 1.605500e-17, 2.718633e-16, 6.129890e-16, 1.143019e-15, 1.760758e-15, 3.366425e-15, 6.436331e-15, 9.914815e-15, 3.494853e-13, 1.495422e-13, 3.775354e-13, 2.777702e-13, 2.792317e-13, 2.516208e-13, 2.419637e-13, 2.349772e-13, 1.052038e-13, 4.875657e-14, 3.275770e-14, 1.909299e-14, 1.726848e-14, 1.393977e-14, 1.161790e-14, 9.913315e-15, 8.613437e-15, 8.255985e-15, 7.925624e-15, 7.620894e-15, 7.338691e-15, 6.143403e-15, 5.279131e-15, 4.625638e-15, 4.112750e-15, 3.714329e-15, 3.383866e-15, 3.105565e-15, 2.866571e-15, 2.665074e-15, 2.488383e-15, 2.332269e-15, 2.192898e-15, 1.629199e-15, 1.342604e-15, 1.038474e-15, 8.535226e-16, 7.371518e-16
6.456081e-16, 1.027488e-15, 1.739237e-14, 3.919569e-14, 7.302077e-14, 1.120401e-13, 2.129435e-13, 4.047205e-13, 6.209869e-13, 9.763178e-12, 6.070875e-12, 6.536827e-12, 5.058669e-12, 4.650531e-12, 4.029043e-12, 3.871415e-12, 3.759628e-12, 1.683257e-12, 7.801051e-13, 5.241233e-13, 3.054930e-13, 2.762928e-13, 2.230334e-13, 1.858836e-13, 1.586157e-13, 1.378202e-13, 1.320932e-13, 1.268151e-13, 1.219393e-13, 1.174240e-13, 9.829444e-14, 8.447056e-14, 7.400805e-14, 6.579983e-14, 5.943336e-14, 5.414987e-14, 4.968510e-14, 4.586320e-14, 4.264118e-14, 3.981412e-14, 3.731444e-14, 3.508452e-14, 2.606553e-14, 2.148166e-14, 1.661418e-14, 1.365376e-14, 1.179318e-14
7.353636e-15, 1.170311e-14, 1.979794e-13, 4.457891e-13, 8.292484e-13, 1.264178e-12, 2.379545e-12, 4.478983e-12, 6.828151e-12, 5.413557e-11, 4.112947e-11, 3.314530e-11, 2.572068e-11, 2.355285e-11, 2.039701e-11, 1.959901e-11, 1.903309e-11, 8.521484e-12, 3.949274e-12, 2.653367e-12, 1.546556e-12, 1.398734e-12, 1.129121e-12, 9.410372e-13, 8.029906e-13, 6.977238e-13, 6.687232e-13, 6.419985e-13, 6.173150e-13, 5.944508e-13, 4.976209e-13, 4.276297e-13, 3.746718e-13, 3.331140e-13, 3.008791e-13, 2.741337e-13, 2.515375e-13, 2.321792e-13, 2.158710e-13, 2.015632e-13, 1.888969e-13, 1.776164e-13, 1.319577e-13, 1.087509e-13, 8.411322e-14, 6.912363e-14, 5.970649e-14
4.131563e-14, 6.575090e-14, 1.111352e-12, 2.499447e-12, 4.639687e-12, 7.011501e-12, 1.302550e-11, 2.419792e-11, 3.656793e-11, 1.736834e-10, 1.429739e-10, 1.047586e-10, 8.130167e-11, 7.443880e-11, 6.446450e-11, 6.194246e-11, 6.015387e-11, 2.693207e-11, 1.248165e-11, 8.385946e-12, 4.887878e-12, 4.420684e-12, 3.568569e-12, 2.974149e-12, 2.537852e-12, 2.205145e-12, 2.113481e-12, 2.029031e-12, 1.951019e-12, 1.878765e-12, 1.572730e-12, 1.351529e-12, 1.184155e-12, 1.052814e-12, 9.509255e-13, 8.663898e-13, 7.949853e-13, 7.338034e-13, 6.822665e-13, 6.370335e-13, 5.970160e-13, 5.613523e-13, 4.170485e-13, 3.437066e-13, 2.658381e-13, 2.184602e-13, 1.887009e-13
1.575972e-13, 2.507960e-13, 4.234450e-12, 9.508801e-12, 1.760377e-11, 2.631721e-11, 4.810508e-11, 8.793100e-11, 1.314547e-10, 4.250822e-10, 3.601369e-10, 2.557578e-10, 1.984909e-10, 1.817350e-10, 1.573838e-10, 1.512265e-10, 1.468599e-10, 6.575211e-11, 3.047277e-11, 2.047350e-11, 1.193330e-11, 1.079267e-11, 8.712335e-12, 7.261117e-12, 6.195923e-12, 5.383660e-12, 5.159861e-12, 4.953690e-12, 4.763232e-12, 4.586822e-12, 3.839670e-12, 3.299638e-12, 2.890997e-12, 2.570325e-12, 2.321609e-12, 2.115217e-12, 1.940880e-12, 1.791510e-12, 1.665683e-12, 1.555251e-12, 1.457551e-12, 1.370492e-12, 1.018187e-12, 8.391175e-13, 6.490110e-13, 5.333541e-13, 4.606965e-13
4.705484e-13, 7.487861e-13, 1.262571e-11, 2.829933e-11, 5.222056e-11, 7.709520e-11, 1.382949e-10, 2.480760e-10, 3.662440e-10, 8.818057e-10, 7.544801e-10, 5.303374e-10, 4.115895e-10, 3.768446e-10, 3.263502e-10, 3.135825e-10, 3.045280e-10, 1.363434e-10, 6.318827e-11, 4.245387e-11, 2.474487e-11, 2.237971e-11, 1.806588e-11, 1.505662e-11, 1.284785e-11, 1.116356e-11, 1.069952e-11, 1.027198e-11, 9.877041e-12, 9.511234e-12, 7.961934e-12, 6.842096e-12, 5.994769e-12, 5.329843e-12, 4.814083e-12, 4.386103e-12, 4.024600e-12, 3.714884e-12, 3.453970e-12, 3.224978e-12, 3.022368e-12, 2.841846e-12, 2.111323e-12, 1.740000e-12, 1.345786e-12, 1.105966e-12, 9.552927e-13
1.186445e-12, 1.887900e-12, 3.178297e-11, 7.108251e-11, 1.306679e-10, 1.902309e-10, 3.341560e-10, 5.869722e-10, 8.545347e-10, 1.633752e-09, 1.402479e-09, 9.825111e-10, 7.625176e-10, 6.981490e-10, 6.046023e-10, 5.809489e-10, 5.641745e-10, 2.525928e-10, 1.170640e-10, 7.865096e-11, 4.584291e-11, 4.146116e-11, 3.346931e-11, 2.789427e-11, 2.380223e-11, 2.068186e-11, 1.982215e-11, 1.903008e-11, 1.829841e-11, 1.762075e-11, 1.475045e-11, 1.267588e-11, 1.110605e-11, 9.874176e-12, 8.918680e-12, 8.125766e-12, 7.456076e-12, 6.882257e-12, 6.398913e-12, 5.974676e-12, 5.599297e-12, 5.264876e-12, 3.911504e-12, 3.223553e-12, 2.493238e-12, 2.048942e-12, 1.769810e-12
2.643358e-12, 4.205931e-12, 7.067908e-11, 1.576759e-10, 2.885848e-10, 4.138296e-10, 7.106302e-10, 1.220298e-09, 1.749902e-09, 2.787117e-09, 2.395202e-09, 1.676112e-09, 1.300816e-09, 1.191007e-09, 1.031422e-09, 9.910704e-10, 9.624544e-10, 4.309115e-10, 1.997059e-10, 1.341750e-10, 7.820593e-11, 7.073090e-11, 5.709710e-11, 4.758638e-11, 4.060554e-11, 3.528232e-11, 3.381573e-11, 3.246450e-11, 3.121631e-11, 3.006023e-11, 2.516360e-11, 2.162446e-11, 1.894637e-11, 1.684492e-11, 1.521484e-11, 1.386221e-11, 1.271973e-11, 1.174085e-11, 1.091626e-11, 1.019254e-11, 9.552166e-12, 8.981636e-12, 6.672828e-12, 5.499229e-12, 4.253364e-12, 3.495405e-12, 3.019214e-12
5.358241e-12, 8.525102e-12, 1.429677e-10, 3.180379e-10, 5.792384e-10, 8.174850e-10, 1.370609e-09, 2.297985e-09, 3.243169e-09, 4.464389e-09, 3.838019e-09, 2.684792e-09, 2.083646e-09, 1.907755e-09, 1.652132e-09, 1.587498e-09, 1.541661e-09, 6.902359e-10, 3.198900e-10, 2.149224e-10, 1.252707e-10, 1.132971e-10, 9.145851e-11, 7.622413e-11, 6.504219e-11, 5.651547e-11, 5.416621e-11, 5.200188e-11, 5.000247e-11, 4.815066e-11, 4.030729e-11, 3.463819e-11, 3.034846e-11, 2.698232e-11, 2.437125e-11, 2.220459e-11, 2.037454e-11, 1.880655e-11, 1.748574e-11, 1.632643e-11, 1.530073e-11, 1.438682e-11, 1.068860e-11, 8.808728e-12, 6.813057e-12, 5.598961e-12, 4.836201e-12
1.008120e-11, 1.603827e-11, 2.683508e-10, 5.950757e-10, 1.077946e-09, 1.496412e-09, 2.447555e-09, 4.003260e-09, 5.557353e-09, 6.804364e-09, 5.850398e-09, 4.092022e-09, 3.175788e-09, 2.907707e-09, 2.518100e-09, 2.419589e-09, 2.349728e-09, 1.052027e-09, 4.875626e-10, 3.275754e-10, 1.909324e-10, 1.726827e-10, 1.393972e-10, 1.161776e-10, 9.913456e-11, 8.613850e-11, 8.255785e-11, 7.925898e-11, 7.621158e-11, 7.338921e-11, 6.143467e-11, 5.279410e-11, 4.625584e-11, 4.112526e-11, 3.714559e-11, 3.384327e-11, 3.105398e-11, 2.866416e-11, 2.665098e-11, 2.488406e-11, 2.332073e-11, 2.192782e-11, 1.629112e-11, 1.342592e-11, 1.038418e-11, 8.533699e-12, 7.371144e-12
6.439144e-10, 1.023214e-09, 1.652205e-08, 3.493548e-08, 5.854586e-08, 6.943776e-08, 8.969020e-08, 1.158495e-07, 1.374022e-07, 1.088516e-07, 9.360010e-08, 6.546578e-08, 5.080837e-08, 4.651998e-08, 4.028708e-08, 3.871127e-08, 3.759376e-08, 1.683201e-08, 7.800903e-09, 5.241163e-09, 3.054898e-09, 2.762909e-09, 2.230345e-09, 1.858835e-09, 1.586147e-09, 1.378212e-09, 1.320922e-09, 1.268141e-09, 1.219383e-09, 1.174224e-09, 9.829519e-10, 8.447032e-10, 7.400924e-10, 6.580037e-10, 5.943291e-10, 5.414918e-10, 4.968632e-10, 4.586263e-10, 4.264154e-10, 3.981448e-10, 3.731310e-10, 3.508446e-10, 2.606578e-10, 2.148142e-10, 1.661470e-10, 1.365390e-10, 1.179381e-10
7.310309e-09, 1.159397e-08, 1.768159e-07, 3.483235e-07, 5.263418e-07, 5.624622e-07, 6.213432e-07, 6.863882e-07, 7.334918e-07, 5.509078e-07, 4.737515e-07, 3.313651e-07, 2.571815e-07, 2.354793e-07, 2.039320e-07, 1.959576e-07, 1.903025e-07, 8.520848e-08, 3.949125e-08, 2.653302e-08, 1.546526e-08, 1.398711e-08, 1.129104e-08, 9.410295e-09, 8.029828e-09, 6.977164e-09, 6.687137e-09, 6.419935e-09, 6.173098e-09, 5.944483e-09, 4.976175e-09, 4.276296e-09, 3.746707e-09, 3.331135e-09, 3.008783e-09, 2.741296e-09, 2.515365e-09, 2.321791e-09, 2.158725e-09, 2.015604e-09, 1.888972e-09, 1.776148e-09, 1.319578e-09, 1.087496e-09, 8.411180e-10, 6.912278e-10, 5.970604e-10
4.088395e-08, 6.466611e-08, 9.142354e-07, 1.655402e-06, 2.248708e-06, 2.265161e-06, 2.290066e-06, 2.315244e-06, 2.332183e-06, 1.740461e-06, 1.496851e-06, 1.047032e-06, 8.126620e-07, 7.441064e-07, 6.444316e-07, 6.192423e-07, 6.013795e-07, 2.692851e-07, 1.248082e-07, 8.385580e-08, 4.887714e-08, 4.420566e-08, 3.568492e-08, 2.974093e-08, 2.537804e-08, 2.205114e-08, 2.113452e-08, 2.029004e-08, 1.950992e-08, 1.878739e-08, 1.572709e-08, 1.351514e-08, 1.184139e-08, 1.052799e-08, 9.509208e-09, 8.663820e-09, 7.949768e-09, 7.337984e-09, 6.822618e-09, 6.370288e-09, 5.970071e-09, 5.613492e-09, 4.170510e-09, 3.437016e-09, 2.658344e-09, 2.184619e-09, 1.887003e-09
1.550327e-07, 2.443707e-07, 3.154558e-06, 5.227397e-06, 6.457895e-06, 6.297363e-06, 6.064017e-06, 5.839318e-06, 5.694163e-06, 4.247042e-06, 3.653046e-06, 2.555462e-06, 1.983541e-06, 1.816275e-06, 1.573023e-06, 1.511569e-06, 1.467991e-06, 6.573849e-07, 3.046960e-07, 2.047209e-07, 1.193267e-07, 1.079223e-07, 8.712031e-08, 7.260891e-08, 6.195751e-08, 5.383534e-08, 5.159754e-08, 4.953584e-08, 4.763127e-08, 4.586731e-08, 3.839596e-08, 3.299576e-08, 2.890949e-08, 2.570297e-08, 2.321573e-08, 2.115181e-08, 1.940854e-08, 1.791493e-08, 1.665672e-08, 1.555241e-08, 1.457532e-08, 1.370477e-08, 1.018188e-08, 8.391135e-09, 6.490085e-09, 5.333532e-09, 4.606936e-09
4.595656e-07, 7.213687e-07, 8.405636e-06, 1.278294e-05, 1.461782e-05, 1.400444e-05, 1.313230e-05, 1.231447e-05, 1.179775e-05, 8.801269e-06, 7.571473e-06, 5.297056e-06, 4.111809e-06, 3.765239e-06, 3.261071e-06, 3.133749e-06, 3.043466e-06, 1.363028e-06, 6.317886e-07, 4.244963e-07, 2.474302e-07, 2.237837e-07, 1.806499e-07, 1.505599e-07, 1.284736e-07, 1.116318e-07, 1.069916e-07, 1.027165e-07, 9.876728e-08, 9.510959e-08, 7.961720e-08, 6.841950e-08, 5.994632e-08, 5.329735e-08, 4.813987e-08, 4.386017e-08, 4.024535e-08, 3.714823e-08, 3.453923e-08, 3.224935e-08, 3.022327e-08, 2.841811e-08, 2.111309e-08, 1.739981e-08, 1.345781e-08, 1.105959e-08, 9.552924e-09
1.148928e-06, 1.794639e-06, 1.872724e-05, 2.633033e-05, 2.837930e-05, 2.692931e-05, 2.489205e-05, 2.300891e-05, 2.183332e-05, 1.629363e-05, 1.401947e-05, 9.809185e-06, 7.614874e-06, 6.973404e-06, 6.039896e-06, 5.804255e-06, 5.637171e-06, 2.524903e-06, 1.170403e-06, 7.864034e-07, 4.583825e-07, 4.145778e-07, 3.346702e-07, 2.789264e-07, 2.380100e-07, 2.068092e-07, 1.982128e-07, 1.902929e-07, 1.829765e-07, 1.762003e-07, 1.474993e-07, 1.267545e-07, 1.110571e-07, 9.873921e-08, 8.918445e-08, 8.125587e-08, 7.455904e-08, 6.882132e-08, 6.398786e-08, 5.974560e-08, 5.599208e-08, 5.264783e-08, 3.911446e-08, 3.223520e-08, 2.493218e-08, 2.048920e-08, 1.769793e-08
2.534767e-06, 3.937293e-06, 3.662073e-05, 4.806908e-05, 4.960620e-05, 4.683143e-05, 4.295757e-05, 3.940415e-05, 3.720005e-05, 2.777298e-05, 2.390160e-05, 1.672564e-05, 1.298521e-05, 1.189206e-05, 1.030057e-05, 9.899044e-06, 9.614352e-06, 4.306833e-06, 1.996530e-06, 1.341513e-06, 7.819559e-07, 7.072337e-07, 5.709206e-07, 4.758276e-07, 4.060282e-07, 3.528025e-07, 3.381377e-07, 3.246269e-07, 3.121459e-07, 3.005862e-07, 2.516244e-07, 2.162354e-07, 1.894567e-07, 1.684433e-07, 1.521436e-07, 1.386179e-07, 1.271936e-07, 1.174054e-07, 1.091598e-07, 1.019228e-07, 9.551951e-08, 8.981443e-08, 6.672727e-08, 5.499163e-08, 4.253307e-08, 3.495358e-08, 3.019182e-08
5.081331e-06, 7.843768e-06, 6.489620e-05, 8.036295e-05, 8.040782e-05, 7.570873e-05, 6.916993e-05, 6.319588e-05, 5.950266e-05, 4.444481e-05, 3.825854e-05, 2.677602e-05, 2.078994e-05, 1.904104e-05, 1.649365e-05, 1.585135e-05, 1.539596e-05, 6.897733e-06, 3.197828e-06, 2.148743e-06, 1.252498e-06, 1.132819e-06, 9.144828e-07, 7.621683e-07, 6.503671e-07, 5.651125e-07, 5.416229e-07, 5.199818e-07, 4.999901e-07, 4.814742e-07, 4.030486e-07, 3.463633e-07, 3.034699e-07, 2.698111e-07, 2.437024e-07, 2.220373e-07, 2.037380e-07, 1.880594e-07, 1.748518e-07, 1.632596e-07, 1.530029e-07, 1.438645e-07, 1.068837e-07, 8.808560e-08, 6.812951e-08, 5.598870e-08, 4.836132e-08
9.442330e-06, 1.447567e-05, 1.065594e-04, 1.257520e-04, 1.231540e-04, 1.158068e-04, 1.055996e-04, 9.629215e-05, 9.054750e-05, 6.766920e-05, 5.826576e-05, 4.078496e-05, 3.167038e-05, 2.900839e-05, 2.512895e-05, 2.415143e-05, 2.345841e-05, 1.051156e-05, 4.873608e-06, 3.274850e-06, 1.908928e-06, 1.726541e-06, 1.393779e-06, 1.161639e-06, 9.912425e-07, 8.613055e-07, 8.255046e-07, 7.925211e-07, 7.620514e-07, 7.338310e-07, 6.143011e-07, 5.279057e-07, 4.625307e-07, 4.112303e-07, 3.714374e-07, 3.384169e-07, 3.105262e-07, 2.866299e-07, 2.664997e-07, 2.488316e-07, 2.331990e-07, 2.192709e-07, 1.629067e-07, 1.342558e-07, 1.038397e-07, 8.533532e-08, 7.371005e-08
4.967513e-04, 6.919240e-04, 1.978188e-03, 1.999392e-03, 1.892410e-03, 1.784978e-03, 1.635156e-03, 1.497910e-03, 1.412874e-03, 1.064753e-03, 9.206337e-04, 6.460450e-04, 5.025072e-04, 4.608199e-04, 3.995499e-04, 3.842750e-04, 3.734565e-04, 1.677637e-04, 7.788000e-05, 5.235382e-05, 3.052371e-05, 2.761080e-05, 2.229115e-05, 1.857956e-05, 1.585491e-05, 1.377705e-05, 1.320449e-05, 1.267699e-05, 1.218969e-05, 1.173835e-05, 9.826626e-06, 8.444796e-06, 7.399142e-06, 6.578585e-06, 5.942081e-06, 5.413894e-06, 4.967755e-06, 4.585504e-06, 4.263492e-06, 3.980862e-06, 3.730790e-06, 3.507982e-06, 2.606290e-06, 2.147938e-06, 1.661331e-06, 1.365289e-06, 1.179302e-06
4.111562e-03, 5.092004e-03, 8.837731e-03, 9.124841e-03, 8.812116e-03, 8.381598e-03, 7.774934e-03, 7.212181e-03, 6.859828e-03, 5.242163e-03, 4.564301e-03, 3.216368e-03, 2.508739e-03, 2.305203e-03, 2.001692e-03, 1.927404e-03, 1.874882e-03, 8.457608e-04, 3.934443e-04, 2.646721e-04, 1.543649e-04, 1.396629e-04, 1.127703e-04, 9.400286e-05, 8.022354e-05, 6.971392e-05, 6.681754e-05, 6.414903e-05, 6.168383e-05, 5.940057e-05, 4.972881e-05, 4.273748e-05, 3.744677e-05, 3.329481e-05, 3.007405e-05, 2.740129e-05, 2.514365e-05, 2.320926e-05, 2.157968e-05, 2.014937e-05, 1.888380e-05, 1.775619e-05, 1.319250e-05, 1.087264e-05, 8.409611e-06, 6.911134e-06, 5.969715e-06
1.497302e-02, 1.670970e-02, 2.300151e-02, 2.491392e-02, 2.477426e-02, 2.384134e-02, 2.250742e-02, 2.124814e-02, 2.044800e-02, 1.593385e-02, 1.400944e-02, 9.930103e-03, 7.775675e-03, 7.164765e-03, 6.234447e-03, 6.012836e-03, 5.856599e-03, 2.657424e-03, 1.239845e-03, 8.348644e-04, 4.871559e-04, 4.408872e-04, 3.560625e-04, 2.968472e-04, 2.533606e-04, 2.201872e-04, 2.110429e-04, 2.026177e-04, 1.948344e-04, 1.876253e-04, 1.570859e-04, 1.350083e-04, 1.182999e-04, 1.051870e-04, 9.501461e-05, 8.657266e-05, 7.944156e-05, 7.333127e-05, 6.818367e-05, 6.366540e-05, 5.966742e-05, 5.610519e-05, 4.168669e-05, 3.435716e-05, 2.657464e-05, 2.183975e-05, 1.886504e-05
3.333894e-02, 3.471828e-02, 4.370076e-02, 5.039459e-02, 5.203338e-02, 5.083326e-02, 4.908478e-02, 4.739644e-02, 4.630326e-02, 3.699768e-02, 3.293980e-02, 2.352459e-02, 1.851335e-02, 1.712005e-02, 1.493716e-02, 1.443635e-02, 1.408477e-02, 6.439215e-03, 3.015598e-03, 2.033137e-03, 1.187110e-03, 1.074766e-03, 8.682036e-04, 7.239459e-04, 6.179746e-04, 5.371171e-04, 5.148224e-04, 4.942806e-04, 4.753029e-04, 4.577250e-04, 3.832540e-04, 3.294118e-04, 2.886601e-04, 2.566754e-04, 2.318619e-04, 2.112682e-04, 1.938713e-04, 1.789641e-04, 1.664051e-04, 1.553811e-04, 1.456263e-04, 1.369343e-04, 1.017486e-04, 8.386175e-05, 6.486728e-05, 5.331080e-05, 4.605030e-05
5.278646e-02, 5.356800e-02, 6.669256e-02, 8.303389e-02, 8.976855e-02, 8.932610e-02, 8.866653e-02, 8.801182e-02, 8.757803e-02, 7.215590e-02, 6.523419e-02, 4.701869e-02, 3.723027e-02, 3.457946e-02, 3.026968e-02, 2.932962e-02, 2.867388e-02, 1.323012e-02, 6.224454e-03, 4.203008e-03, 2.455938e-03, 2.224540e-03, 1.797550e-03, 1.499203e-03, 1.279960e-03, 1.112628e-03, 1.066475e-03, 1.023948e-03, 9.846589e-04, 9.482660e-04, 7.940660e-04, 6.825660e-04, 5.981655e-04, 5.319158e-04, 4.805167e-04, 4.378555e-04, 4.018144e-04, 3.709293e-04, 3.449083e-04, 3.220666e-04, 3.018537e-04, 2.838426e-04, 2.109213e-04, 1.738500e-04, 1.344779e-04, 1.105227e-04, 9.547233e-05
6.457578e-02, 6.670300e-02, 8.600421e-02, 1.172287e-01, 1.338149e-01, 1.360816e-01, 1.395538e-01, 1.431146e-01, 1.455388e-01, 1.243340e-01, 1.144618e-01, 8.340196e-02, 6.651948e-02, 6.210387e-02, 5.457504e-02, 5.304005e-02, 5.197959e-02, 2.424547e-02, 1.146907e-02, 7.758432e-03, 4.537582e-03, 4.112285e-03, 3.324155e-03, 2.773150e-03, 2.368064e-03, 2.058794e-03, 1.973456e-03, 1.894822e-03, 1.822170e-03, 1.754871e-03, 1.469685e-03, 1.263439e-03, 1.107300e-03, 9.847259e-04, 8.896214e-04, 8.106777e-04, 7.439794e-04, 6.868189e-04, 6.386585e-04, 5.963800e-04, 5.589654e-04, 5.256249e-04, 3.906162e-04, 3.219787e-04, 2.490692e-04, 2.047075e-04, 1.768358e-04
6.420464e-02, 7.025623e-02, 9.659077e-02, 1.461631e-01, 1.776401e-01, 1.852376e-01, 1.972473e-01, 2.100357e-01, 2.190186e-01, 1.950956e-01, 1.833985e-01, 1.353187e-01, 1.088332e-01, 1.022174e-01, 9.022886e-02, 8.799708e-02, 8.647838e-02, 4.084621e-02, 1.944343e-02, 1.318033e-02, 7.716683e-03, 6.997803e-03, 5.659021e-03, 4.722403e-03, 4.033485e-03, 3.507320e-03, 3.362067e-03, 3.228218e-03, 3.104545e-03, 2.989981e-03, 2.504424e-03, 2.153209e-03, 1.887282e-03, 1.678495e-03, 1.516484e-03, 1.381990e-03, 1.268347e-03, 1.170948e-03, 1.088880e-03, 1.016831e-03, 9.530670e-04, 8.962432e-04, 6.660954e-04, 5.490846e-04, 4.247678e-04, 3.491246e-04, 3.015985e-04
5.361489e-02, 6.438101e-02, 9.633563e-02, 1.641076e-01, 2.141391e-01, 2.297362e-01, 2.552876e-01, 2.836808e-01, 3.043432e-01, 2.842535e-01, 2.736163e-01, 2.047750e-01, 1.662630e-01, 1.572166e-01, 1.394838e-01, 1.365718e-01, 1.346394e-01, 6.450437e-02, 3.092406e-02, 2.101255e-02, 1.231679e-02, 1.117731e-02, 9.043210e-03, 7.549032e-03, 6.449394e-03, 5.609184e-03, 5.377113e-03, 5.163250e-03, 4.965637e-03, 4.782569e-03, 4.006538e-03, 3.445105e-03, 3.019938e-03, 2.686078e-03, 2.426990e-03, 2.211883e-03, 2.030108e-03, 1.874300e-03, 1.743010e-03, 1.627738e-03, 1.525716e-03, 1.434792e-03, 1.066451e-03, 8.791703e-04, 6.801541e-04, 5.590535e-04, 4.829651e-04
3.844985e-02, 5.225126e-02, 8.646717e-02, 1.681452e-01, 2.375453e-01, 2.630740e-01, 3.066021e-01, 3.573323e-01, 3.957344e-01, 3.897109e-01, 3.851919e-01, 2.928943e-01, 2.403417e-01, 2.289903e-01, 2.043178e-01, 2.009370e-01, 1.987944e-01, 9.676540e-02, 4.676027e-02, 3.185731e-02, 1.869833e-02, 1.698194e-02, 1.374684e-02, 1.147984e-02, 9.810396e-03, 8.534205e-03, 8.181507e-03, 7.856460e-03, 7.556094e-03, 7.277820e-03, 6.097979e-03, 5.244216e-03, 4.597548e-03, 4.089674e-03, 3.695502e-03, 3.368200e-03, 3.091584e-03, 2.854462e-03, 2.654637e-03, 2.479179e-03, 2.323877e-03, 2.185461e-03, 1.624579e-03, 1.339386e-03, 1.036251e-03, 8.517850e-04, 7.358813e-04
5.542899e-03, 1.224502e-02, 2.827924e-02, 8.353199e-02, 1.516512e-01, 1.856735e-01, 2.515392e-01, 3.407702e-01, 4.172204e-01, 4.856519e-01, 5.218792e-01, 4.172440e-01, 3.540237e-01, 3.454576e-01, 3.138084e-01, 3.129466e-01, 3.130802e-01, 1.602352e-01, 7.939769e-02, 5.454701e-02, 3.214994e-02, 2.927212e-02, 2.373536e-02, 1.984483e-02, 1.697412e-02, 1.477632e-02, 1.416779e-02, 1.360685e-02, 1.308841e-02, 1.260801e-02, 1.056996e-02, 9.094140e-03, 7.975645e-03, 7.096762e-03, 6.414411e-03, 5.847591e-03, 5.368379e-03, 4.957456e-03, 4.611092e-03, 4.306888e-03, 4.037567e-03, 3.797481e-03, 2.823830e-03, 2.328667e-03, 1.801956e-03, 1.481392e-03, 1.279959e-03
7.990598e-04, 2.869608e-03, 9.248777e-03, 4.149743e-02, 9.681563e-02, 1.310454e-01, 2.063652e-01, 3.249757e-01, 4.398730e-01, 6.052121e-01, 7.070707e-01, 5.943868e-01, 5.214775e-01, 5.211616e-01, 4.819734e-01, 4.873942e-01, 4.930685e-01, 2.653357e-01, 1.348152e-01, 9.339699e-02, 5.527868e-02, 5.045694e-02, 4.098158e-02, 3.430513e-02, 2.936892e-02, 2.558407e-02, 2.453414e-02, 2.356613e-02, 2.267130e-02, 2.184198e-02, 1.832149e-02, 1.577040e-02, 1.383583e-02, 1.231493e-02, 1.113371e-02, 1.015210e-02, 9.321917e-03, 8.609810e-03, 8.009448e-03, 7.482028e-03, 7.014980e-03, 6.598545e-03, 4.908359e-03, 4.048638e-03, 3.133455e-03, 2.576379e-03, 2.226303e-03
1.151918e-04, 6.724895e-04, 3.024829e-03, 2.061530e-02, 6.180805e-02, 9.248980e-02, 1.693039e-01, 3.099133e-01, 4.637555e-01, 7.542062e-01, 9.579784e-01, 8.467365e-01, 7.681373e-01, 7.862308e-01, 7.402552e-01, 7.590852e-01, 7.765309e-01, 4.393731e-01, 2.289126e-01, 1.599171e-01, 9.504628e-02, 8.697365e-02, 7.075899e-02, 5.930219e-02, 5.081462e-02, 4.429687e-02, 4.248538e-02, 4.081493e-02, 3.927045e-02, 3.783881e-02, 3.175764e-02, 2.734789e-02, 2.400186e-02, 2.136994e-02, 1.932517e-02, 1.762524e-02, 1.618703e-02, 1.495300e-02, 1.391238e-02, 1.299796e-02, 1.218802e-02, 1.146570e-02, 8.531672e-03, 7.038992e-03, 5.448825e-03, 4.480738e-03, 3.872332e-03
1.660596e-05, 1.575972e-04, 9.892759e-04, 1.024137e-02, 3.945886e-02, 6.527784e-02, 1.388985e-01, 2.955491e-01, 4.889347e-01, 9.398805e-01, 1.297922e+00, 1.206222e+00, 1.131467e+00, 1.186117e+00, 1.136946e+00, 1.182226e+00, 1.222955e+00, 7.275640e-01, 3.886874e-01, 2.738147e-01, 1.634228e-01, 1.499182e-01, 1.221728e-01, 1.025138e-01, 8.792035e-02, 7.669663e-02, 7.357127e-02, 7.068866e-02, 6.802294e-02, 6.555153e-02, 5.504726e-02, 4.742474e-02, 4.163748e-02, 3.708301e-02, 3.354337e-02, 3.059949e-02, 2.810796e-02, 2.596946e-02, 2.416574e-02, 2.258036e-02, 2.117580e-02, 1.992293e-02, 1.482969e-02, 1.223804e-02, 9.475065e-03, 7.792726e-03, 6.735360e-03
2.393901e-06, 3.693273e-05, 3.235445e-04, 5.087758e-03, 2.519092e-02, 4.607207e-02, 1.139537e-01, 2.818506e-01, 5.154809e-01, 1.171265e+00, 1.758496e+00, 1.718330e+00, 1.666654e+00, 1.789391e+00, 1.746218e+00, 1.841242e+00, 1.926025e+00, 1.204783e+00, 6.599809e-01, 4.688335e-01, 2.809894e-01, 2.584171e-01, 2.109442e-01, 1.772124e-01, 1.521213e-01, 1.327944e-01, 1.274022e-01, 1.224279e-01, 1.178270e-01, 1.135607e-01, 9.541643e-02, 8.224056e-02, 7.223106e-02, 6.434971e-02, 5.822238e-02, 5.312430e-02, 4.880805e-02, 4.510219e-02, 4.197579e-02, 3.922713e-02, 3.679141e-02, 3.461831e-02, 2.577684e-02, 2.127715e-02, 1.647637e-02, 1.355281e-02, 1.171518e-02
5.065458e-08, 1.802479e-06, 2.757156e-05, 8.702423e-04, 6.545000e-03, 1.414895e-02, 4.497237e-02, 1.429445e-01, 3.090167e-01, 9.278099e-01, 1.601263e+00, 1.701132e+00, 1.744551e+00, 1.949101e+00, 1.959726e+00, 2.114921e+00, 2.253794e+00, 1.532751e+00, 8.754860e-01, 6.306497e-01, 3.806146e-01, 3.515055e-01, 2.877325e-01, 2.422032e-01, 2.082209e-01, 1.819777e-01, 1.746323e-01, 1.678539e-01, 1.615823e-01, 1.557651e-01, 1.309992e-01, 1.129937e-01, 9.930159e-02, 8.851133e-02, 8.011771e-02, 7.312929e-02, 6.720907e-02, 6.212338e-02, 5.783133e-02, 5.405623e-02, 5.070965e-02, 4.772285e-02, 3.555432e-02, 2.935953e-02, 2.274190e-02, 1.871093e-02, 1.617692e-02
1.071843e-09, 8.796888e-08, 2.349571e-06, 1.488517e-04, 1.700494e-03, 4.345206e-03, 1.774856e-02, 7.249632e-02, 1.852470e-01, 7.349585e-01, 1.458088e+00, 1.684106e+00, 1.826090e+00, 2.123066e+00, 2.199341e+00, 2.429279e+00, 2.637342e+00, 1.949998e+00, 1.161360e+00, 8.483162e-01, 5.155619e-01, 4.781268e-01, 3.924733e-01, 3.310287e-01, 2.850090e-01, 2.493771e-01, 2.393713e-01, 2.301347e-01, 2.215862e-01, 2.136545e-01, 1.798515e-01, 1.552467e-01, 1.365175e-01, 1.217450e-01, 1.102471e-01, 1.006676e-01, 9.254742e-02, 8.556824e-02, 7.967599e-02, 7.449119e-02, 6.989318e-02, 6.578805e-02, 4.904052e-02, 4.051209e-02, 3.139005e-02, 2.583221e-02, 2.233792e-02
2.268003e-11, 4.293267e-09, 2.002239e-07, 2.546054e-05, 4.418153e-04, 1.334433e-03, 7.004556e-03, 3.676754e-02, 1.110505e-01, 5.821926e-01, 1.327715e+00, 1.667251e+00, 1.911440e+00, 2.312558e+00, 2.468253e+00, 2.790363e+00, 3.086162e+00, 2.480829e+00, 1.540582e+00, 1.141109e+00, 6.983550e-01, 6.503602e-01, 5.353421e-01, 4.524301e-01, 3.901151e-01, 3.417395e-01, 3.281101e-01, 3.155245e-01, 3.038726e-01, 2.930584e-01, 2.469218e-01, 2.132999e-01, 1.876812e-01, 1.674571e-01, 1.517070e-01, 1.385759e-01, 1.274385e-01, 1.178610e-01, 1.097720e-01, 1.026512e-01, 9.633385e-02, 9.069171e-02, 6.764220e-02, 5.590108e-02, 4.332687e-02, 3.566380e-02, 3.084534e-02
4.799059e-13, 2.095303e-10, 1.706252e-08, 4.354931e-06, 1.147906e-04, 4.098104e-04, 2.764382e-03, 1.864718e-02, 6.657171e-02, 4.611801e-01, 1.208999e+00, 1.650565e+00, 2.000779e+00, 2.518962e+00, 2.770044e+00, 3.205118e+00, 3.611361e+00, 3.156164e+00, 2.043632e+00, 1.534959e+00, 9.459576e-01, 8.846366e-01, 7.302183e-01, 6.183542e-01, 5.339824e-01, 4.683103e-01, 4.497459e-01, 4.325974e-01, 4.167162e-01, 4.019723e-01, 3.390040e-01, 2.930615e-01, 2.580198e-01, 2.303328e-01, 2.087585e-01, 1.907593e-01, 1.754839e-01, 1.623408e-01, 1.512363e-01, 1.414566e-01, 1.327771e-01, 1.250225e-01, 9.329973e-02, 7.713576e-02, 5.980294e-02, 4.923724e-02, 4.259281e-02
1.015473e-14, 1.022600e-11, 1.454020e-09, 7.448950e-07, 2.982441e-05, 1.258547e-04, 1.090977e-03, 9.457179e-03, 3.990791e-02, 3.653208e-01, 1.100898e+00, 1.634045e+00, 2.094293e+00, 2.743789e+00, 3.108735e+00, 3.681521e+00, 4.225939e+00, 4.015338e+00, 2.710944e+00, 2.064745e+00, 1.281348e+00, 1.203305e+00, 9.960335e-01, 8.451293e-01, 7.309054e-01, 6.417594e-01, 6.164740e-01, 5.931093e-01, 5.714645e-01, 5.513635e-01, 4.654256e-01, 4.026493e-01, 3.547196e-01, 3.168168e-01, 2.872649e-01, 2.625934e-01, 2.416427e-01, 2.236068e-01, 2.083629e-01, 1.949317e-01, 1.830068e-01, 1.723490e-01, 1.286895e-01, 1.064367e-01, 8.254443e-02, 6.797666e-02, 5.881432e-02
3.671953e-17, 1.191999e-13, 3.698601e-11, 5.025544e-08, 3.612705e-06, 1.926633e-05, 2.372732e-04, 2.922122e-03, 1.558349e-02, 2.107311e-01, 7.718370e-01, 1.287885e+00, 1.784597e+00, 2.472067e+00, 2.920441e+00, 3.572833e+00, 4.209254e+00, 4.496127e+00, 3.218505e+00, 2.499612e+00, 1.566424e+00, 1.479653e+00, 1.229568e+00, 1.046194e+00, 9.066879e-01, 7.973976e-01, 7.662494e-01, 7.374537e-01, 7.107657e-01, 6.859707e-01, 5.798059e-01, 5.021242e-01, 4.427302e-01, 3.957037e-01, 3.590090e-01, 3.283447e-01, 3.022828e-01, 2.798300e-01, 2.608429e-01, 2.441036e-01, 2.292334e-01, 2.159367e-01, 1.613614e-01, 1.335334e-01, 1.036019e-01, 8.534561e-02, 7.386138e-02
1.327779e-19, 1.389460e-15, 9.408157e-13, 3.390557e-09, 4.376159e-07, 2.949366e-06, 5.160382e-05, 9.028905e-04, 6.085140e-03, 1.215578e-01, 5.411329e-01, 1.015056e+00, 1.520697e+00, 2.227254e+00, 2.743551e+00, 3.467353e+00, 4.192635e+00, 5.034485e+00, 3.821096e+00, 3.026068e+00, 1.914925e+00, 1.819466e+00, 1.517858e+00, 1.295093e+00, 1.124746e+00, 9.907809e-01, 9.524134e-01, 9.169269e-01, 8.840231e-01, 8.534402e-01, 7.222956e-01, 6.261745e-01, 5.525774e-01, 4.942335e-01, 4.486710e-01, 4.105596e-01, 3.781406e-01, 3.501899e-01, 3.265411e-01, 3.056792e-01, 2.871365e-01, 2.705478e-01, 2.023280e-01, 1.675284e-01, 1.300313e-01, 1.071525e-01, 9.275807e-02
4.801249e-22, 1.619633e-17, 2.393159e-14, 2.287489e-10, 5.300950e-08, 4.515005e-07, 1.122316e-05, 2.789792e-04, 2.376164e-03, 7.011920e-02, 3.793869e-01, 8.000235e-01, 1.295822e+00, 2.006685e+00, 2.577376e+00, 3.364987e+00, 4.176082e+00, 5.637305e+00, 4.536508e+00, 3.663404e+00, 2.340961e+00, 2.237320e+00, 1.873741e+00, 1.603208e+00, 1.395247e+00, 1.231063e+00, 1.183807e+00, 1.140078e+00, 1.099514e+00, 1.061795e+00, 8.998028e-01, 7.808716e-01, 6.896790e-01, 6.172971e-01, 5.607260e-01, 5.133604e-01, 4.730348e-01, 4.382408e-01, 4.087866e-01, 3.827874e-01, 3.596657e-01, 3.389703e-01, 2.536954e-01, 2.101779e-01, 1.632030e-01, 1.345315e-01, 1.164893e-01
1.736132e-24, 1.887934e-19, 6.087495e-16, 1.543288e-11, 6.421172e-09, 6.911747e-08, 2.440890e-06, 8.620026e-05, 9.278594e-04, 4.044745e-02, 2.659872e-01, 6.305444e-01, 1.104200e+00, 1.807960e+00, 2.421266e+00, 3.265644e+00, 4.159594e+00, 6.312305e+00, 5.385864e+00, 4.434973e+00, 2.861782e+00, 2.751137e+00, 2.313067e+00, 1.984627e+00, 1.730804e+00, 1.529618e+00, 1.471419e+00, 1.417538e+00, 1.367534e+00, 1.321016e+00, 1.120933e+00, 9.737867e-01, 8.607974e-01, 7.710033e-01, 7.007667e-01, 6.419017e-01, 5.917428e-01, 5.484311e-01, 5.117471e-01, 4.793462e-01, 4.505153e-01, 4.246970e-01, 3.181039e-01, 2.636851e-01, 2.048369e-01, 1.689060e-01, 1.462919e-01
6.277856e-27, 2.200681e-21, 1.548480e-17, 1.041202e-12, 7.778124e-10, 1.058078e-08, 5.308617e-07, 2.663455e-05, 3.623163e-04, 2.333164e-02, 1.864829e-01, 4.969682e-01, 9.409150e-01, 1.628914e+00, 2.274611e+00, 3.169233e+00, 4.143171e+00, 7.068129e+00, 6.394243e+00, 5.369046e+00, 3.498476e+00, 3.382955e+00, 2.855399e+00, 2.456788e+00, 2.147062e+00, 1.900578e+00, 1.828907e+00, 1.762523e+00, 1.700886e+00, 1.643523e+00, 1.396407e+00, 1.214362e+00, 1.074373e+00, 9.629822e-01, 8.757823e-01, 8.026287e-01, 7.402404e-01, 6.863275e-01, 6.406402e-01, 6.002621e-01, 5.643132e-01, 5.321043e-01, 3.988647e-01, 3.308143e-01, 2.570919e-01, 2.120638e-01, 1.837192e-01
4.049547e-30, 6.393499e-24, 1.226907e-19, 2.891322e-14, 4.583841e-11, 8.425380e-10, 6.639409e-08, 5.232019e-06, 9.616771e-05, 1.022701e-02, 1.050446e-01, 3.254033e-01, 6.811083e-01, 1.266739e+00, 1.866545e+00, 2.711694e+00, 3.665587e+00, 7.268986e+00, 7.089863e+00, 6.104343e+00, 4.027794e+00, 3.924213e+00, 3.328907e+00, 2.874477e+00, 2.518852e+00, 2.234353e+00, 2.151066e+00, 2.073876e+00, 2.002165e+00, 1.935387e+00, 1.647140e+00, 1.434324e+00, 1.270368e+00, 1.139696e+00, 1.037295e+00, 9.512790e-01, 8.778392e-01, 8.143132e-01, 7.604427e-01, 7.127942e-01, 6.703417e-01, 6.322815e-01, 4.744331e-01, 3.937720e-01, 3.061840e-01, 2.526633e-01, 2.189654e-01
2.612171e-33, 1.857463e-26, 9.721147e-22, 8.028933e-16, 2.701371e-12, 6.709058e-11, 8.303810e-09, 1.027764e-06, 2.552528e-05, 4.482831e-03, 5.917094e-02, 2.130665e-01, 4.930398e-01, 9.850906e-01, 1.531686e+00, 2.320210e+00, 3.243054e+00, 7.475550e+00, 7.861157e+00, 6.940340e+00, 4.637197e+00, 4.552069e+00, 3.880937e+00, 3.363178e+00, 2.955023e+00, 2.626743e+00, 2.529974e+00, 2.440231e+00, 2.356809e+00, 2.279082e+00, 1.942893e+00, 1.694130e+00, 1.502119e+00, 1.348838e+00, 1.228593e+00, 1.127460e+00, 1.041015e+00, 9.661655e-01, 9.026488e-01, 8.464227e-01, 7.962919e-01, 7.513186e-01, 5.643186e-01, 4.687113e-01, 3.646502e-01, 3.010355e-01, 2.609734e-01
1.684988e-36, 5.396370e-29, 7.702353e-24, 2.229560e-17, 1.591985e-13, 5.342365e-12, 1.038545e-09, 2.018912e-07, 6.775041e-06, 1.964970e-03, 3.333060e-02, 1.395110e-01, 3.569010e-01, 7.660641e-01, 1.256901e+00, 1.985244e+00, 2.869227e+00, 7.687984e+00, 8.716360e+00, 7.890827e+00, 5.338803e+00, 5.280379e+00, 4.524509e+00, 3.934965e+00, 3.466722e+00, 3.088045e+00, 2.975625e+00, 2.871304e+00, 2.774271e+00, 2.683812e+00, 2.291749e+00, 2.000995e+00, 1.776147e+00, 1.596359e+00, 1.455171e+00, 1.336270e+00, 1.234524e+00, 1.146335e+00, 1.071448e+00, 1.005103e+00, 9.459069e-01, 8.927663e-01, 6.712337e-01, 5.579125e-01, 4.342807e-01, 3.586685e-01, 3.110406e-01
1.086906e-39, 1.567773e-31, 6.102802e-26, 6.191282e-19, 9.381961e-15, 4.254079e-13, 1.298893e-10, 3.965896e-08, 1.798263e-06, 8.613100e-04, 1.877491e-02, 9.134860e-02, 2.583530e-01, 5.957363e-01, 1.031413e+00, 1.698636e+00, 2.538491e+00, 7.906456e+00, 9.664599e+00, 8.971484e+00, 6.146561e+00, 6.125216e+00, 5.274805e+00, 4.603964e+00, 4.067029e+00, 3.630358e+00, 3.499777e+00, 3.378526e+00, 3.265679e+00, 3.160416e+00, 2.703245e+00, 2.363444e+00, 2.100165e+00, 1.889302e+00, 1.723534e+00, 1.583754e+00, 1.464002e+00, 1.360103e+00, 1.271813e+00, 1.193531e+00, 1.123633e+00, 1.060844e+00, 7.984047e-01, 6.640896e-01, 5.172072e-01, 4.273354e-01, 3.707131e-01
7.011113e-43, 4.554752e-34, 4.835431e-28, 1.719262e-20, 5.529022e-16, 3.387486e-14, 1.624506e-11, 7.790499e-09, 4.773034e-07, 3.775401e-04, 1.057578e-02, 5.981295e-02, 1.870162e-01, 4.632794e-01, 8.463770e-01, 1.453406e+00, 2.245878e+00, 8.131135e+00, 1.071600e+01, 1.020014e+01, 7.076534e+00, 7.105222e+00, 6.149521e+00, 5.386703e+00, 4.771286e+00, 4.267912e+00, 4.116258e+00, 3.975351e+00, 3.844129e+00, 3.721658e+00, 3.188628e+00, 2.791545e+00, 2.483294e+00, 2.236001e+00, 2.041389e+00, 1.877072e+00, 1.736136e+00, 1.613733e+00, 1.509648e+00, 1.417284e+00, 1.334752e+00, 1.260565e+00, 9.496695e-01, 7.904735e-01, 6.159687e-01, 5.091485e-01, 4.418337e-01
8.222275e-47, 3.361225e-37, 1.216242e-30, 2.002704e-22, 1.615612e-17, 1.429986e-15, 1.190760e-12, 9.915544e-10, 8.776299e-08, 1.281610e-04, 4.878017e-03, 3.315957e-02, 1.172056e-01, 3.169213e-01, 6.183036e-01, 1.117415e+00, 1.798728e+00, 7.827325e+00, 1.130931e+01, 1.110001e+01, 7.819786e+00, 7.924030e+00, 6.900372e+00, 6.070943e+00, 5.395045e+00, 4.838208e+00, 4.668869e+00, 4.511404e+00, 4.364655e+00, 4.227593e+00, 3.629511e+00, 3.182724e+00, 2.835068e+00, 2.555592e+00, 2.335366e+00, 2.149122e+00, 1.989154e+00, 1.850046e+00, 1.731656e+00, 1.626490e+00, 1.532435e+00, 1.447821e+00, 1.092081e+00, 9.098084e-01, 7.094251e-01, 5.866976e-01, 5.093381e-01
9.642664e-51, 2.480450e-40, 3.059178e-33, 2.332875e-24, 4.720911e-19, 6.036515e-17, 8.728247e-14, 1.262024e-10, 1.613720e-08, 4.350597e-05, 2.249957e-03, 1.838327e-02, 7.345429e-02, 2.168002e-01, 4.516892e-01, 8.590967e-01, 1.440605e+00, 7.534866e+00, 1.193547e+01, 1.207927e+01, 8.641102e+00, 8.837197e+00, 7.742901e+00, 6.842099e+00, 6.100349e+00, 5.484710e+00, 5.295667e+00, 5.119741e+00, 4.955663e+00, 4.802307e+00, 4.131354e+00, 3.628719e+00, 3.236673e+00, 2.920862e+00, 2.671678e+00, 2.460602e+00, 2.279045e+00, 2.120965e+00, 1.986311e+00, 1.866578e+00, 1.759396e+00, 1.662894e+00, 1.255848e+00, 1.047159e+00, 8.170610e-01, 6.760583e-01, 5.871560e-01
1.130842e-54, 1.830473e-43, 7.694663e-36, 2.717479e-26, 1.379477e-20, 2.548242e-18, 6.397788e-15, 1.606272e-11, 2.967188e-09, 1.476868e-05, 1.037780e-03, 1.019146e-02, 4.603478e-02, 1.483092e-01, 3.299725e-01, 6.604952e-01, 1.153784e+00, 7.253334e+00, 1.259631e+01, 1.314493e+01, 9.548682e+00, 9.855597e+00, 8.688301e+00, 7.711209e+00, 6.897860e+00, 6.217601e+00, 6.006614e+00, 5.810109e+00, 5.626699e+00, 5.455149e+00, 4.702586e+00, 4.137212e+00, 3.695168e+00, 3.338340e+00, 3.056421e+00, 2.817226e+00, 2.611185e+00, 2.431556e+00, 2.278417e+00, 2.142105e+00, 2.019971e+00, 1.909916e+00, 1.444173e+00, 1.205245e+00, 9.410277e-01, 7.790296e-01, 6.768631e-01
1.326194e-58, 1.350816e-46, 1.935416e-38, 3.165491e-28, 4.030912e-22, 1.075710e-19, 4.689566e-16, 2.044420e-12, 5.455844e-10, 5.013426e-06, 4.786698e-04, 5.650022e-03, 2.885061e-02, 1.014557e-01, 2.410547e-01, 5.078054e-01, 9.240675e-01, 6.982322e+00, 1.329373e+01, 1.430460e+01, 1.055159e+01, 1.099136e+01, 9.749135e+00, 8.690718e+00, 7.799630e+00, 7.048423e+00, 6.813005e+00, 6.593569e+00, 6.388598e+00, 6.196740e+00, 5.352800e+00, 4.716959e+00, 4.218611e+00, 3.815487e+00, 3.496571e+00, 3.225536e+00, 2.991728e+00, 2.787630e+00, 2.613479e+00, 2.458303e+00, 2.319138e+00, 2.193632e+00, 1.660739e+00, 1.387196e+00, 1.083803e+00, 8.976846e-01, 7.802758e-01
1.555293e-62, 9.968484e-50, 4.868096e-41, 3.687362e-30, 1.177856e-23, 4.540978e-21, 3.437442e-17, 2.602085e-13, 1.003180e-10, 1.701874e-06, 2.207837e-04, 3.132303e-03, 1.808106e-02, 6.940406e-02, 1.760977e-01, 3.904136e-01, 7.400875e-01, 6.721436e+00, 1.402977e+01, 1.556657e+01, 1.165982e+01, 1.225801e+01, 1.093949e+01, 9.794648e+00, 8.819290e+00, 7.990263e+00, 7.727655e+00, 7.482674e+00, 7.253664e+00, 7.039147e+00, 6.092918e+00, 5.377947e+00, 4.816204e+00, 4.360833e+00, 4.000106e+00, 3.693024e+00, 3.427731e+00, 3.195847e+00, 2.997814e+00, 2.821176e+00, 2.662613e+00, 2.519495e+00, 1.909781e+00, 1.596616e+00, 1.248240e+00, 1.034412e+00, 8.994882e-01
3.349831e-67, 1.887595e-53, 3.926616e-44, 1.820117e-32, 1.723894e-25, 1.026554e-22, 1.491724e-18, 2.167681e-14, 1.290823e-11, 4.519653e-07, 8.423442e-05, 1.485229e-03, 9.910407e-03, 4.218986e-02, 1.156894e-01, 2.724514e-01, 5.420340e-01, 6.118043e+00, 1.423654e+01, 1.637878e+01, 1.249245e+01, 1.327687e+01, 1.193494e+01, 1.074137e+01, 9.709351e+00, 8.823255e+00, 8.538842e+00, 8.273260e+00, 8.024761e+00, 7.791781e+00, 6.760690e+00, 5.978901e+00, 5.362858e+00, 4.862203e+00, 4.464977e+00, 4.126149e+00, 3.832914e+00, 3.576211e+00, 3.356754e+00, 3.160761e+00, 2.984630e+00, 2.825496e+00, 2.144837e+00, 1.794984e+00, 1.404415e+00, 1.164536e+00, 1.013129e+00
7.214954e-72, 3.574280e-57, 3.167216e-47, 8.984275e-35, 2.523067e-27, 2.320673e-24, 6.473536e-20, 1.805798e-15, 1.660942e-12, 1.200281e-07, 3.213751e-05, 7.042437e-04, 5.431991e-03, 2.564669e-02, 7.600350e-02, 1.901311e-01, 3.969813e-01, 5.568818e+00, 1.444636e+01, 1.723336e+01, 1.338454e+01, 1.438043e+01, 1.302096e+01, 1.177959e+01, 1.068924e+01, 9.743088e+00, 9.435182e+00, 9.147376e+00, 8.877829e+00, 8.624889e+00, 7.501649e+00, 6.647009e+00, 5.971560e+00, 5.421216e+00, 4.983874e+00, 4.610071e+00, 4.285994e+00, 4.001844e+00, 3.758670e+00, 3.541223e+00, 3.345591e+00, 3.168662e+00, 2.408822e+00, 2.017998e+00, 1.580130e+00, 1.311030e+00, 1.141127e+00
1.553976e-76, 6.768125e-61, 2.554682e-50, 4.434725e-37, 3.692726e-29, 5.246215e-26, 2.809277e-21, 1.504330e-16, 2.137185e-13, 3.187575e-08, 1.226125e-05, 3.339278e-04, 2.977327e-03, 1.559030e-02, 4.993139e-02, 1.326837e-01, 2.907459e-01, 5.068897e+00, 1.465927e+01, 1.813253e+01, 1.434033e+01, 1.557571e+01, 1.420581e+01, 1.291817e+01, 1.176802e+01, 1.075881e+01, 1.042561e+01, 1.011385e+01, 9.821582e+00, 9.547073e+00, 8.323816e+00, 7.389773e+00, 6.649351e+00, 6.044500e+00, 5.563074e+00, 5.150749e+00, 4.792630e+00, 4.478136e+00, 4.208710e+00, 3.967481e+00, 3.750207e+00, 3.553506e+00, 2.705299e+00, 2.268719e+00, 1.777829e+00, 1.475952e+00, 1.285297e+00
3.346994e-81, 1.281587e-64, 2.060611e-53, 2.189023e-39, 5.404623e-31, 1.185983e-27, 1.219123e-22, 1.253190e-17, 2.749983e-14, 8.465218e-09, 4.677969e-06, 1.583369e-04, 1.631902e-03, 9.477152e-03, 3.280301e-02, 9.259374e-02, 2.129399e-01, 4.613855e+00, 1.487532e+01, 1.907861e+01, 1.536437e+01, 1.687035e+01, 1.549848e+01, 1.416680e+01, 1.295567e+01, 1.188043e+01, 1.152001e+01, 1.118243e+01, 1.086566e+01, 1.056786e+01, 9.236090e+00, 8.215538e+00, 7.404074e+00, 6.739443e+00, 6.209585e+00, 5.754839e+00, 5.359155e+00, 5.011115e+00, 4.712634e+00, 4.445047e+00, 4.203758e+00, 3.985090e+00, 3.038266e+00, 2.550591e+00, 2.000264e+00, 1.661620e+00, 1.447680e+00
7.208844e-86, 2.426766e-68, 1.662093e-56, 1.080523e-41, 7.910132e-33, 2.681085e-29, 5.290549e-24, 1.043977e-18, 3.538488e-15, 2.248101e-09, 1.784761e-06, 7.507782e-05, 8.944616e-04, 5.761042e-03, 2.155032e-02, 6.461685e-02, 1.559554e-01, 4.199662e+00, 1.509455e+01, 2.007406e+01, 1.646154e+01, 1.827259e+01, 1.690877e+01, 1.553612e+01, 1.426318e+01, 1.311898e+01, 1.272929e+01, 1.236392e+01, 1.202073e+01, 1.169779e+01, 1.024835e+01, 9.133577e+00, 8.244460e+00, 7.514284e+00, 6.931231e+00, 6.429777e+00, 5.992647e+00, 5.607528e+00, 5.276896e+00, 4.980099e+00, 4.712160e+00, 4.469092e+00, 3.412215e+00, 2.867483e+00, 2.250529e+00, 1.870644e+00, 1.630579e+00
2.868837e-91, 1.186256e-72, 4.325265e-60, 2.273789e-44, 5.833851e-35, 3.265460e-31, 1.367502e-25, 5.726790e-20, 3.205533e-16, 4.698962e-10, 5.666540e-07, 3.063238e-05, 4.313716e-04, 3.130854e-03, 1.280912e-02, 4.117847e-02, 1.050829e-01, 3.636443e+00, 1.481659e+01, 2.054558e+01, 1.720407e+01, 1.933781e+01, 1.804473e+01, 1.667917e+01, 1.538132e+01, 1.419679e+01, 1.378546e+01, 1.339933e+01, 1.303623e+01, 1.269417e+01, 1.115231e+01, 9.961390e+00, 9.008106e+00, 8.222788e+00, 7.594522e+00, 7.052853e+00, 6.579647e+00, 6.161954e+00, 5.802911e+00, 5.480121e+00, 5.188323e+00, 4.923292e+00, 3.765294e+00, 3.167978e+00, 2.488598e+00, 2.069970e+00, 1.805331e+00
1.141685e-96, 5.798678e-77, 1.125564e-63, 4.784830e-47, 4.302560e-37, 3.977206e-33, 3.534719e-27, 3.141460e-21, 2.903907e-17, 9.821733e-11, 1.799103e-07, 1.249827e-05, 2.080374e-04, 1.701471e-03, 7.613515e-03, 2.624186e-02, 7.080488e-02, 3.148758e+00, 1.454374e+01, 2.102818e+01, 1.798010e+01, 2.046514e+01, 1.925700e+01, 1.790632e+01, 1.658711e+01, 1.536314e+01, 1.492927e+01, 1.452146e+01, 1.413751e+01, 1.377541e+01, 1.213600e+01, 1.086423e+01, 9.842486e+00, 8.998095e+00, 8.321288e+00, 7.736308e+00, 7.224146e+00, 6.771197e+00, 6.381360e+00, 6.030347e+00, 5.712603e+00, 5.423654e+00, 4.154908e+00, 3.499963e+00, 2.751852e+00, 2.290534e+00, 1.998811e+00
4.543458e-102, 2.834520e-81, 2.929056e-67, 1.006892e-49, 3.173208e-39, 4.844087e-35, 9.136543e-29, 1.723264e-22, 2.630663e-18, 2.052931e-11, 5.712076e-08, 5.099399e-06, 1.003301e-04, 9.246694e-04, 4.525337e-03, 1.672319e-02, 4.770836e-02, 2.726476e+00, 1.427592e+01, 2.152211e+01, 1.879113e+01, 2.165818e+01, 2.055072e+01, 1.922376e+01, 1.788743e+01, 1.662533e+01, 1.616798e+01, 1.573756e+01, 1.533184e+01, 1.494876e+01, 1.320645e+01, 1.184890e+01, 1.075415e+01, 9.846504e+00, 9.117603e+00, 8.485993e+00, 7.931775e+00, 7.440677e+00, 7.017472e+00, 6.635818e+00, 6.289861e+00, 5.974867e+00, 4.584837e+00, 3.866737e+00, 3.042954e+00, 2.534602e+00, 2.213027e+00
1.808118e-107, 1.385575e-85, 7.622284e-71, 2.118844e-52, 2.340293e-41, 5.899914e-37, 2.361614e-30, 9.453056e-24, 2.383130e-19, 4.291019e-12, 1.813560e-08, 2.080597e-06, 4.838615e-05, 5.025141e-04, 2.689780e-03, 1.065721e-02, 3.214592e-02, 2.360827e+00, 1.401303e+01, 2.202764e+01, 1.963874e+01, 2.292078e+01, 2.193135e+01, 2.063813e+01, 1.928968e+01, 1.799121e+01, 1.750947e+01, 1.705551e+01, 1.662705e+01, 1.622204e+01, 1.437133e+01, 1.292282e+01, 1.175026e+01, 1.077491e+01, 9.990122e+00, 9.308326e+00, 8.708719e+00, 8.176350e+00, 7.716992e+00, 7.302081e+00, 6.925450e+00, 6.582101e+00, 5.059253e+00, 4.271947e+00, 3.364850e+00, 2.804675e+00, 2.450201e+00
7.195601e-113, 6.772991e-90, 1.983547e-74, 4.458772e-55, 1.726004e-43, 7.185872e-39, 6.104302e-32, 5.185522e-25, 2.158888e-20, 8.969052e-13, 5.757977e-09, 8.489012e-07, 2.333517e-05, 2.730927e-04, 1.598757e-03, 6.791533e-03, 2.165994e-02, 2.044215e+00, 1.375499e+01, 2.254505e+01, 2.052458e+01, 2.425698e+01, 2.340474e+01, 2.215656e+01, 2.080187e+01, 1.946930e+01, 1.896226e+01, 1.848382e+01, 1.803169e+01, 1.760378e+01, 1.563896e+01, 1.409406e+01, 1.283863e+01, 1.179085e+01, 1.094614e+01, 1.021035e+01, 9.561768e+00, 8.984760e+00, 8.486243e+00, 8.035239e+00, 7.625266e+00, 7.251050e+00, 5.582760e+00, 4.719621e+00, 3.720797e+00, 3.103526e+00, 2.712793e+00
5.311651e-119, 8.580139e-95, 1.671825e-78, 4.015656e-58, 6.439603e-46, 4.733771e-41, 9.434728e-34, 1.880406e-26, 1.382292e-21, 1.481268e-13, 1.527269e-09, 2.991976e-07, 9.940663e-06, 1.331996e-04, 8.631104e-04, 3.967755e-03, 1.347934e-02, 1.690415e+00, 1.311157e+01, 2.253313e+01, 2.100548e+01, 2.518069e+01, 2.452731e+01, 2.337695e+01, 2.205933e+01, 2.072789e+01, 2.020532e+01, 1.971145e+01, 1.924405e+01, 1.880106e+01, 1.675545e+01, 1.513846e+01, 1.381854e+01, 1.271267e+01, 1.181913e+01, 1.103845e+01, 1.034846e+01, 9.733202e+00, 9.200847e+00, 8.718343e+00, 8.279019e+00, 7.877432e+00, 6.076532e+00, 5.144011e+00, 4.059491e+00, 3.388707e+00, 2.963941e+00
3.920957e-125, 1.086946e-99, 1.409090e-82, 3.616578e-61, 2.402572e-48, 3.118422e-43, 1.458219e-35, 6.818842e-28, 8.850528e-23, 2.446361e-14, 4.050992e-10, 1.054530e-07, 4.234673e-06, 6.496740e-05, 4.659617e-04, 2.318045e-03, 8.388419e-03, 1.397848e+00, 1.249824e+01, 2.252121e+01, 2.149764e+01, 2.613958e+01, 2.570373e+01, 2.466456e+01, 2.339282e+01, 2.206785e+01, 2.152986e+01, 2.102060e+01, 2.053791e+01, 2.007978e+01, 1.795164e+01, 1.626026e+01, 1.487324e+01, 1.370656e+01, 1.276176e+01, 1.193371e+01, 1.119989e+01, 1.054399e+01, 9.975626e+00, 9.459519e+00, 8.988822e+00, 8.557925e+00, 6.613976e+00, 5.606561e+00, 4.429016e+00, 3.700092e+00, 3.238340e+00
2.894373e-131, 1.376962e-104, 1.187646e-86, 3.257160e-64, 8.963831e-51, 2.054294e-45, 2.253804e-37, 2.472690e-29, 5.666810e-24, 4.040243e-15, 1.074502e-10, 3.716722e-08, 1.803949e-06, 3.168751e-05, 2.515557e-04, 1.354250e-03, 5.220254e-03, 1.155917e+00, 1.191361e+01, 2.250930e+01, 2.200133e+01, 2.713498e+01, 2.693657e+01, 2.602309e+01, 2.480691e+01, 2.349442e+01, 2.294123e+01, 2.241671e+01, 2.191877e+01, 2.144546e+01, 1.923324e+01, 1.746518e+01, 1.600844e+01, 1.477815e+01, 1.377955e+01, 1.290158e+01, 1.212136e+01, 1.142232e+01, 1.081565e+01, 1.026371e+01, 9.759480e+00, 9.297203e+00, 7.198955e+00, 6.110705e+00, 4.832177e+00, 4.040091e+00, 3.538143e+00
2.136570e-137, 1.744358e-109, 1.001003e-90, 2.933462e-67, 3.344344e-53, 1.353289e-47, 3.483450e-39, 8.966619e-31, 3.628342e-25, 6.672590e-16, 2.850052e-11, 1.309969e-08, 7.684733e-07, 1.545542e-05, 1.358057e-04, 7.911809e-04, 3.248651e-03, 9.558585e-01, 1.135632e+01, 2.249739e+01, 2.251683e+01, 2.816829e+01, 2.822854e+01, 2.745646e+01, 2.630648e+01, 2.501321e+01, 2.444512e+01, 2.390554e+01, 2.339248e+01, 2.290403e+01, 2.060633e+01, 1.875939e+01, 1.723029e+01, 1.593352e+01, 1.487853e+01, 1.394795e+01, 1.311865e+01, 1.237381e+01, 1.172640e+01, 1.113626e+01, 1.059621e+01, 1.010034e+01, 7.835673e+00, 6.660181e+00, 5.272037e+00, 4.411332e+00, 3.865701e+00
1.577174e-143, 2.209782e-114, 8.436908e-95, 2.641933e-70, 1.247752e-55, 8.914934e-50, 5.383974e-41, 3.251530e-32, 2.323152e-26, 1.102000e-16, 7.559595e-12, 4.617023e-09, 3.273658e-07, 7.538302e-06, 7.331651e-05, 4.622243e-04, 2.021690e-03, 7.904244e-01, 1.082510e+01, 2.248550e+01, 2.304440e+01, 2.924095e+01, 2.958248e+01, 2.896877e+01, 2.789670e+01, 2.663019e+01, 2.604760e+01, 2.549326e+01, 2.496526e+01, 2.446180e+01, 2.207745e+01, 2.014950e+01, 1.854539e+01, 1.717922e+01, 1.606515e+01, 1.507918e+01, 1.419799e+01, 1.340457e+01, 1.271385e+01, 1.208299e+01, 1.150468e+01, 1.097286e+01, 8.528706e+00, 7.259066e+00, 5.751937e+00, 4.816685e+00, 4.223585e+00
2.165310e-150, 7.274149e-120, 2.309286e-99, 1.021042e-73, 2.361276e-58, 3.184897e-52, 4.989054e-43, 7.815219e-34, 1.054119e-27, 1.441865e-17, 1.679606e-12, 1.409452e-09, 1.235116e-07, 3.308664e-06, 3.604618e-05, 2.482206e-04, 1.165096e-03, 6.258740e-01, 1.004728e+01, 2.200469e+01, 2.315669e+01, 2.985394e+01, 3.052417e+01, 3.011790e+01, 2.916832e+01, 2.796721e+01, 2.738149e+01, 2.682299e+01, 2.628999e+01, 2.578080e+01, 2.335017e+01, 2.137134e+01, 1.971547e+01, 1.829830e+01, 1.713956e+01, 1.611013e+01, 1.518707e+01, 1.435356e+01, 1.362668e+01, 1.296128e+01, 1.235011e+01, 1.178709e+01, 9.180997e+00, 7.826083e+00, 6.208270e+00, 5.203410e+00, 4.565913e+00
2.972765e-157, 2.394501e-125, 6.320804e-104, 3.946077e-77, 4.468536e-61, 1.137817e-54, 4.623103e-45, 1.878428e-35, 4.783015e-29, 1.886549e-18, 3.731784e-13, 4.302677e-10, 4.659964e-08, 1.452218e-06, 1.772216e-05, 1.332978e-04, 6.714427e-04, 4.955797e-01, 9.325340e+00, 2.153417e+01, 2.326953e+01, 3.047977e+01, 3.149585e+01, 3.131261e+01, 3.049790e+01, 2.937137e+01, 2.878368e+01, 2.822208e+01, 2.768501e+01, 2.717093e+01, 2.469626e+01, 2.266728e+01, 2.095937e+01, 1.949028e+01, 1.828583e+01, 1.721157e+01, 1.624505e+01, 1.536975e+01, 1.460505e+01, 1.390342e+01, 1.325767e+01, 1.266174e+01, 9.883176e+00, 8.437391e+00, 6.700807e+00, 5.621184e+00, 4.935987e+00
4.081324e-164, 7.882205e-131, 1.730082e-108, 1.525062e-80, 8.456367e-64, 4.064899e-57, 4.283994e-47, 4.514897e-37, 2.170270e-30, 2.468376e-19, 8.291354e-14, 1.313491e-10, 1.758155e-08, 6.373983e-07, 8.713130e-06, 7.158269e-05, 3.869511e-04, 3.924100e-01, 8.655277e+00, 2.107371e+01, 2.338292e+01, 3.111873e+01, 3.249846e+01, 3.255472e+01, 3.188809e+01, 3.084602e+01, 3.025768e+01, 2.969415e+01, 2.915405e+01, 2.863601e+01, 2.611995e+01, 2.404181e+01, 2.228175e+01, 2.075991e+01, 1.950876e+01, 1.838832e+01, 1.737673e+01, 1.645788e+01, 1.565366e+01, 1.491403e+01, 1.423192e+01, 1.360130e+01, 1.063906e+01, 9.096450e+00, 7.232420e+00, 6.072501e+00, 5.336056e+00
5.603271e-171, 2.594660e-136, 4.735450e-113, 5.893990e-84, 1.600303e-66, 1.452202e-59, 3.969759e-49, 1.085178e-38, 9.847497e-32, 3.229644e-20, 1.842190e-14, 4.009733e-11, 6.633333e-09, 2.797628e-07, 4.283824e-06, 3.844086e-05, 2.229992e-04, 3.107182e-01, 8.033360e+00, 2.062310e+01, 2.349687e+01, 3.177108e+01, 3.353298e+01, 3.384610e+01, 3.334165e+01, 3.239471e+01, 3.180716e+01, 3.124300e+01, 3.070105e+01, 3.018009e+01, 2.762571e+01, 2.549968e+01, 2.368757e+01, 2.211224e+01, 2.081347e+01, 1.964552e+01, 1.858725e+01, 1.762304e+01, 1.677755e+01, 1.599811e+01, 1.527776e+01, 1.461057e+01, 1.145275e+01, 9.806988e+00, 7.806209e+00, 6.560054e+00, 5.768552e+00
7.692760e-178, 8.541089e-142, 1.296152e-117, 2.277883e-87, 3.028453e-69, 5.188051e-62, 3.678573e-51, 2.608282e-40, 4.468254e-33, 4.225693e-21, 4.093015e-15, 1.224063e-11, 2.502686e-09, 1.227917e-07, 2.106149e-06, 2.064325e-05, 1.285140e-04, 2.460329e-01, 7.456131e+00, 2.018212e+01, 2.361136e+01, 3.243710e+01, 3.460044e+01, 3.518870e+01, 3.486147e+01, 3.402115e+01, 3.343599e+01, 3.287264e+01, 3.233013e+01, 3.180743e+01, 2.921828e+01, 2.704596e+01, 2.518208e+01, 2.355267e+01, 2.220545e+01, 2.098867e+01, 1.988210e+01, 1.887069e+01, 1.798214e+01, 1.716099e+01, 1.640046e+01, 1.569474e+01, 1.232868e+01, 1.057303e+01, 8.425519e+00, 7.086751e+00, 6.236102e+00
0.000000e+00, 0.000000e+00, 0.000000e+00, 0.000000e+00, 6.657195e-286, 6.970602e-257, 2.361777e-213, 8.002162e-170, 8.378888e-141, 1.619173e-92, 2.241898e-68, 5.241843e-54, 1.959561e-44, 1.479504e-37, 1.971662e-32, 2.051093e-28, 3.363943e-25, 5.035028e-11, 4.266559e-04, 7.551783e-02, 7.144357e-01, 3.439851e+00, 8.466092e+00, 1.564460e+01, 2.425642e+01, 3.353692e+01, 3.553861e+01, 3.752418e+01, 3.948982e+01, 4.143215e+01, 5.029190e+01, 5.817996e+01, 6.501076e+01, 7.078687e+01, 7.589866e+01, 8.010164e+01, 8.348652e+01, 8.614940e+01, 8.837805e+01, 9.005834e+01, 9.126806e+01, 9.207665e+01, 8.549344e+01, 8.262045e+01, 7.200934e+01, 6.493787e+01, 6.041864e+01
0.000000e+00, 0.000000e+00, 0.000000e+00, 0.000000e+00, 0.000000e+00, 0.000000e+00, 0.000000e+00, 0.000000e+00, 0.000000e+00, 7.571335e-213, 1.901515e-158, 6.355299e-126, 3.014800e-104, 1.005858e-88, 4.085491e-77, 4.693553e-68, 8.333914e-61, 1.783128e-28, 1.806550e-12, 3.393798e-07, 1.046000e-04, 4.072560e-03, 4.038161e-02, 2.018977e-01, 6.603793e-01, 1.631719e+00, 1.960391e+00, 2.331332e+00, 2.746501e+00, 3.207627e+00, 6.195391e+00, 1.039258e+01, 1.573885e+01, 2.207862e+01, 2.933303e+01, 3.720208e+01, 4.546789e+01, 5.393342e+01, 6.256735e+01, 7.112001e+01, 7.947947e+01, 8.756027e+01, 1.074298e+02, 1.266873e+02, 1.281959e+02, 1.298418e+02, 1.325660e+02
0.000000e+00, 0.000000e+00, 0.000000e+00, 0.000000e+00, 0.000000e+00, 0.000000e+00, 0.000000e+00, 0.000000e+00, 0.000000e+00, 0.000000e+00, 4.928178e-285, 4.304616e-227, 1.798336e-188, 7.613611e-161, 3.697268e-140, 4.880694e-124, 3.855706e-111, 2.156165e-53, 1.116801e-24, 3.614275e-15, 1.462082e-10, 1.062112e-07, 7.408472e-06, 1.492276e-04, 1.388004e-03, 7.731438e-03, 1.107352e-02, 1.555457e-02, 2.146032e-02, 2.912143e-02, 1.077734e-01, 3.041569e-01, 7.050177e-01, 1.410077e+00, 2.529139e+00, 4.148654e+00, 6.336836e+00, 9.135869e+00, 1.258915e+01, 1.667596e+01, 2.137024e+01, 2.663003e+01, 4.826562e+01, 7.521085e+01, 9.379888e+01, 1.117742e+02, 1.299697e+02
0.000000e+00, 0.000000e+00, 0.000000e+00, 0.000000e+00, 0.000000e+00, 0.000000e+00, 0.000000e+00, 0.000000e+00, 0.000000e+00, 0.000000e+00, 0.000000e+00, 0.000000e+00, 5.146601e-297, 7.939528e-254, 1.808232e-221, 2.853861e-196, 4.122105e-176, 1.101534e-85, 1.247243e-40, 1.128628e-25, 2.414230e-18, 7.549947e-14, 6.468642e-11, 7.816513e-09, 2.786854e-07, 4.414314e-06, 7.925465e-06, 1.379012e-05, 2.331040e-05, 3.836360e-05, 3.275835e-04, 1.804642e-03, 7.230381e-03, 2.281711e-02, 6.019728e-02, 1.374538e-01, 2.796499e-01, 5.181114e-01, 8.908104e-01, 1.436534e+00, 2.195217e+00, 3.205075e+00, 9.593272e+00, 2.139071e+01, 3.490232e+01, 5.125946e+01, 7.045233e+01
0.000000e+00, 0.000000e+00, 0.000000e+00, 0.000000e+00, 0.000000e+00, 0.000000e+00, 0.000000e+00, 0.000000e+00, 0.000000e+00, 0.000000e+00, 0.000000e+00, 0.000000e+00, 0.000000e+00, 0.000000e+00, 0.000000e+00, 1.031745e-284, 1.119715e-255, 2.614171e-125, 2.766791e-60, 1.136252e-38, 5.177885e-28, 1.608377e-21, 2.955541e-17, 3.190235e-14, 5.877102e-12, 3.339289e-10, 7.902413e-10, 1.786217e-09, 3.870081e-09, 8.063128e-09, 1.912932e-07, 2.386730e-06, 1.866622e-05, 1.028549e-04, 4.348795e-04, 1.487701e-03, 4.296662e-03, 1.081627e-02, 2.437331e-02, 4.998816e-02, 9.472376e-02, 1.678444e-01, 9.274947e-01, 3.204551e+00, 7.261796e+00, 1.376931e+01, 2.321625e+01
0.000000e+00, 0.000000e+00, 0.000000e+00, 0.000000e+00, 0.000000e+00, 0.000000e+00, 0.000000e+00, 0.000000e+00, 0.000000e+00, 0.000000e+00, 0.000000e+00, 0.000000e+00, 0.000000e+00, 0.000000e+00, 0.000000e+00, 0.000000e+00, 0.000000e+00, 3.031594e-172, 1.282419e-83, 3.879456e-54, 1.517297e-39, 1.080138e-30, 7.433232e-25, 1.067224e-20, 1.369353e-17, 3.520545e-15, 1.154697e-14, 3.555773e-14, 1.033058e-13, 2.844085e-13, 2.257469e-11, 7.401366e-10, 1.276036e-08, 1.358668e-07, 1.003059e-06, 5.533002e-06, 2.417683e-05, 8.743609e-05, 2.712448e-04, 7.391315e-04, 1.806055e-03, 4.023043e-03, 4.588272e-02, 2.660010e-01, 8.886774e-01, 2.278940e+00, 4.892261e+00
0.000000e+00, 0.000000e+00, 0.000000e+00, 0.000000e+00, 0.000000e+00, 0.000000e+00, 0.000000e+00, 0.000000e+00, 0.000000e+00, 0.000000e+00, 0.000000e+00, 0.000000e+00, 0.000000e+00, 0.000000e+00, 0.000000e+00, 0.000000e+00, 0.000000e+00, 1.770649e-226, 1.280063e-110, 4.629756e-72, 6.261118e-53, 2.356880e-41, 1.060605e-33, 3.015993e-28, 3.633198e-24, 5.331502e-21, 2.548401e-20, 1.121206e-19, 4.569637e-19, 1.735222e-18, 5.548900e-16, 5.546708e-14, 2.380672e-12, 5.420560e-11, 7.613208e-10, 7.288046e-09, 5.134964e-08, 2.820855e-07, 1.265447e-06, 4.786280e-06, 1.568239e-05, 4.548835e-05, 1.197012e-03, 1.260934e-02, 6.592847e-02, 2.395273e-01, 6.794637e-01
0.000000e+00, 0.000000e+00, 0.000000e+00, 0.000000e+00, 0.000000e+00, 0.000000e+00, 0.000000e+00, 0.000000e+00, 0.000000e+00, 0.000000e+00, 0.000000e+00, 0.000000e+00, 0.000000e+00, 0.000000e+00, 0.000000e+00, 0.000000e+00, 0.000000e+00, 5.311115e-288, 2.805716e-141, 1.969241e-92, 3.709867e-68, 1.703821e-53, 8.754413e-44, 7.341903e-37, 1.119299e-31, 1.182591e-27, 8.662056e-27, 5.710194e-26, 3.415492e-25, 1.867250e-24, 2.896789e-21, 1.024319e-18, 1.236026e-16, 6.660073e-15, 1.938896e-13, 3.466794e-12, 4.197660e-11, 3.703474e-10, 2.523623e-09, 1.384070e-08, 6.323597e-08, 2.474031e-07, 1.679271e-05, 3.480613e-04, 3.023377e-03, 1.630196e-02, 6.341963e-02
