rpf2x0_Binningv13_Inputv31_mergedDepths_SR_Blind/rpf2x0_Signal_M200GeV_mergedDepth_SR/Signal_M200GeV_mergedDepth_SR-2x0_area,rpf2x0_Binningv13_Inputv31_mergedDepths_SR_Blind/rpf2x0_Signal_M250GeV_mergedDepth_SR/Signal_M250GeV_mergedDepth_SR-2x0_area,rpf2x0_Binningv13_Inputv31_mergedDepths_SR_Blind/rpf2x0_Signal_M300GeV_mergedDepth_SR/Signal_M300GeV_mergedDepth_SR-2x0_area,rpf2x0_Binningv13_Inputv31_mergedDepths_SR_Blind/rpf2x0_Signal_M400GeV_mergedDepth_SR/Signal_M400GeV_mergedDepth_SR-2x0_area,rpf2x0_Binningv13_Inputv31_mergedDepths_SR_Blind/rpf2x0_Signal_M500GeV_mergedDepth_SR/Signal_M500GeV_mergedDepth_SR-2x0_area,rpf2x0_Binningv13_Inputv31_mergedDepths_SR_Blind/rpf2x0_Signal_M600GeV_mergedDepth_SR/Signal_M600GeV_mergedDepth_SR-2x0_area,rpf2x0_Binningv13_Inputv31_mergedDepths_SR_Blind/rpf2x0_Signal_M750GeV_mergedDepth_SR/Signal_M750GeV_mergedDepth_SR-2x0_area,rpf2x0_Binningv13_Inputv31_mergedDepths_SR_Blind/rpf2x0_Signal_M900GeV_mergedDepth_SR/Signal_M900GeV_mergedDepth_SR-2x0_area,rpf2x0_Binningv13_Inputv31_mergedDepths_SR_Blind/rpf2x0_Signal_M1000GeV_mergedDepth_SR/Signal_M1000GeV_mergedDepth_SR-2x0_area,rpf2x0_Binningv13_Inputv31_mergedDepths_SR_Blind/rpf2x0_Signal_M1500GeV_mergedDepth_SR/Signal_M1500GeV_mergedDepth_SR-2x0_area,rpf2x0_Binningv13_Inputv31_mergedDepths_SR_Blind/rpf2x0_Signal_M2000GeV_mergedDepth_SR/Signal_M2000GeV_mergedDepth_SR-2x0_area,rpf2x0_Binningv13_Inputv31_mergedDepths_SR_Blind/rpf2x0_Signal_M2500GeV_mergedDepth_SR/Signal_M2500GeV_mergedDepth_SR-2x0_area,rpf2x0_Binningv13_Inputv31_mergedDepths_SR_Blind/rpf2x0_Signal_M3000GeV_mergedDepth_SR/Signal_M3000GeV_mergedDepth_SR-2x0_area,rpf2x0_Binningv13_Inputv31_mergedDepths_SR_Blind/rpf2x0_Signal_M3500GeV_mergedDepth_SR/Signal_M3500GeV_mergedDepth_SR-2x0_area,rpf2x0_Binningv13_Inputv31_mergedDepths_SR_Blind/rpf2x0_Signal_M4000GeV_mergedDepth_SR/Signal_M4000GeV_mergedDepth_SR-2x0_area,rpf2x0_Binningv13_Inputv31_mergedDepths_SR_Blind/rpf2x0_Signal_M4500GeV_mergedDepth_SR/Signal_M4500GeV_mergedDepth_SR-2x0_area,rpf2x0_Binningv13_Inputv31_mergedDepths_SR_Blind/rpf2x0_Signal_M5000GeV_mergedDepth_SR/Signal_M5000GeV_mergedDepth_SR-2x0_area,rpf2x0_Binningv13_Inputv31_mergedDepths_SR_Blind/rpf2x0_Signal_M10000GeV_mergedDepth_SR/Signal_M10000GeV_mergedDepth_SR-2x0_area,rpf2x0_Binningv13_Inputv31_mergedDepths_SR_Blind/rpf2x0_Signal_M20000GeV_mergedDepth_SR/Signal_M20000GeV_mergedDepth_SR-2x0_area,rpf2x0_Binningv13_Inputv31_mergedDepths_SR_Blind/rpf2x0_Signal_M30000GeV_mergedDepth_SR/Signal_M30000GeV_mergedDepth_SR-2x0_area,rpf2x0_Binningv13_Inputv31_mergedDepths_SR_Blind/rpf2x0_Signal_M40000GeV_mergedDepth_SR/Signal_M40000GeV_mergedDepth_SR-2x0_area,rpf2x0_Binningv13_Inputv31_mergedDepths_SR_Blind/rpf2x0_Signal_M50000GeV_mergedDepth_SR/Signal_M50000GeV_mergedDepth_SR-2x0_area,rpf2x0_Binningv13_Inputv31_mergedDepths_SR_Blind/rpf2x0_Signal_M60000GeV_mergedDepth_SR/Signal_M60000GeV_mergedDepth_SR-2x0_area,rpf2x0_Binningv13_Inputv31_mergedDepths_SR_Blind/rpf2x0_Signal_M70000GeV_mergedDepth_SR/Signal_M70000GeV_mergedDepth_SR-2x0_area,rpf2x0_Binningv13_Inputv31_mergedDepths_SR_Blind/rpf2x0_Signal_M80000GeV_mergedDepth_SR/Signal_M80000GeV_mergedDepth_SR-2x0_area,rpf2x0_Binningv13_Inputv31_mergedDepths_SR_Blind/rpf2x0_Signal_M90000GeV_mergedDepth_SR/Signal_M90000GeV_mergedDepth_SR-2x0_area,rpf2x0_Binningv13_Inputv31_mergedDepths_SR_Blind/rpf2x0_Signal_M90000GeV_mergedDepth_SR/Signal_M90000GeV_mergedDepth_SR-2x0_area,rpf2x0_Binningv13_Inputv31_mergedDepths_SR_Blind/rpf2x0_Signal_M90000GeV_mergedDepth_SR/Signal_M90000GeV_mergedDepth_SR-2x0_area,rpf2x0_Binningv13_Inputv31_mergedDepths_SR_Blind/rpf2x0_Signal_M90000GeV_mergedDepth_SR/Signal_M90000GeV_mergedDepth_SR-2x0_area,rpf2x0_Binningv13_Inputv31_mergedDepths_SR_Blind/rpf2x0_Signal_M90000GeV_mergedDepth_SR/Signal_M90000GeV_mergedDepth_SR-2x0_area,rpf2x0_Binningv13_Inputv31_mergedDepths_SR_Blind/rpf2x0_Signal_M90000GeV_mergedDepth_SR/Signal_M90000GeV_mergedDepth_SR-2x0_area,rpf2x0_Binningv13_Inputv31_mergedDepths_SR_Blind/rpf2x0_Signal_M90000GeV_mergedDepth_SR/Signal_M90000GeV_mergedDepth_SR-2x0_area,rpf2x0_Binningv13_Inputv31_mergedDepths_SR_Blind/rpf2x0_Signal_M90000GeV_mergedDepth_SR/Signal_M90000GeV_mergedDepth_SR-2x0_area,rpf2x0_Binningv13_Inputv31_mergedDepths_SR_Blind/rpf2x0_Signal_M90000GeV_mergedDepth_SR/Signal_M90000GeV_mergedDepth_SR-2x0_area,rpf2x0_Binningv13_Inputv31_mergedDepths_SR_Blind/rpf2x0_Signal_M90000GeV_mergedDepth_SR/Signal_M90000GeV_mergedDepth_SR-2x0_area,rpf2x0_Binningv13_Inputv31_mergedDepths_SR_Blind/rpf2x0_Signal_M90000GeV_mergedDepth_SR/Signal_M90000GeV_mergedDepth_SR-2x0_area,rpf2x0_Binningv13_Inputv31_mergedDepths_SR_Blind/rpf2x0_Signal_M90000GeV_mergedDepth_SR/Signal_M90000GeV_mergedDepth_SR-2x0_area,rpf2x0_Binningv13_Inputv31_mergedDepths_SR_Blind/rpf2x0_Signal_M90000GeV_mergedDepth_SR/Signal_M90000GeV_mergedDepth_SR-2x0_area,rpf2x0_Binningv13_Inputv31_mergedDepths_SR_Blind/rpf2x0_Signal_M90000GeV_mergedDepth_SR/Signal_M90000GeV_mergedDepth_SR-2x0_area,rpf2x0_Binningv13_Inputv31_mergedDepths_SR_Blind/rpf2x0_Signal_M90000GeV_mergedDepth_SR/Signal_M90000GeV_mergedDepth_SR-2x0_area,rpf2x0_Binningv13_Inputv31_mergedDepths_SR_Blind/rpf2x0_Signal_M90000GeV_mergedDepth_SR/Signal_M90000GeV_mergedDepth_SR-2x0_area,rpf2x0_Binningv13_Inputv31_mergedDepths_SR_Blind/rpf2x0_Signal_M90000GeV_mergedDepth_SR/Signal_M90000GeV_mergedDepth_SR-2x0_area,rpf2x0_Binningv13_Inputv31_mergedDepths_SR_Blind/rpf2x0_Signal_M90000GeV_mergedDepth_SR/Signal_M90000GeV_mergedDepth_SR-2x0_area,rpf2x0_Binningv13_Inputv31_mergedDepths_SR_Blind/rpf2x0_Signal_M90000GeV_mergedDepth_SR/Signal_M90000GeV_mergedDepth_SR-2x0_area,rpf2x0_Binningv13_Inputv31_mergedDepths_SR_Blind/rpf2x0_Signal_M90000GeV_mergedDepth_SR/Signal_M90000GeV_mergedDepth_SR-2x0_area,rpf2x0_Binningv13_Inputv31_mergedDepths_SR_Blind/rpf2x0_Signal_M90000GeV_mergedDepth_SR/Signal_M90000GeV_mergedDepth_SR-2x0_area
400,500,600,800,1000,1200,1500,1800,2000,3000,4000,5000,6000,7000,8000,9000,10000,20000,40000,60000,80000,100000,120000,140000,160000,180000,185000,190000,195000,200000,225000,250000,275000,300000,325000,350000,375000,400000,425000,450000,475000,500000,600000,700000,800000,900000
100,100,100,100,100,100,100,100,100,100,100,100,100,100,100,100,100,100,100,100,100,100,100,100,100,100,100,100,100,100,100,100,100,100,100,100,100,100,100,100,100,100,100,100,100,100
1.016349e-17, 2.718647e-17, 4.431372e-16, 9.030094e-16, 1.448686e-15, 2.180225e-15, 4.025243e-15, 7.431610e-15, 1.118433e-14, 3.634836e-13, 1.430914e-13, 4.166979e-13, 3.410195e-13, 3.183101e-13, 2.951162e-13, 2.630562e-13, 2.367901e-13, 1.076057e-13, 5.425543e-14, 3.150582e-14, 2.531745e-14, 1.815404e-14, 1.427876e-14, 1.165382e-14, 9.772132e-15, 8.365515e-15, 7.991210e-15, 7.646347e-15, 7.329087e-15, 7.036065e-15, 5.943504e-15, 5.147353e-15, 4.541137e-15, 4.062225e-15, 3.544067e-15, 3.126324e-15, 2.783750e-15, 2.497341e-15, 2.394590e-15, 2.298442e-15, 2.208564e-15, 2.124063e-15, 1.560521e-15, 1.111651e-15, 1.053821e-15, 9.013025e-16
6.504502e-16, 1.739879e-15, 2.834956e-14, 5.774015e-14, 9.254804e-14, 1.387316e-13, 2.546171e-13, 4.673043e-13, 7.004996e-13, 1.015423e-11, 5.808995e-12, 7.214904e-12, 6.210548e-12, 5.301372e-12, 4.725507e-12, 4.208895e-12, 3.788634e-12, 1.721688e-12, 8.680868e-13, 5.040931e-13, 4.050860e-13, 2.904616e-13, 2.284573e-13, 1.864583e-13, 1.563568e-13, 1.338533e-13, 1.278569e-13, 1.223465e-13, 1.172702e-13, 1.125818e-13, 9.509606e-14, 8.236201e-14, 7.265608e-14, 6.499148e-14, 5.670897e-14, 5.002859e-14, 4.453647e-14, 3.995576e-14, 3.831345e-14, 3.677508e-14, 3.533525e-14, 3.398321e-14, 2.496675e-14, 1.778642e-14, 1.685971e-14, 1.441809e-14
7.408788e-15, 1.981727e-14, 3.227064e-13, 6.567030e-13, 1.051007e-12, 1.565345e-12, 2.845228e-12, 5.171589e-12, 7.702446e-12, 5.630393e-11, 3.935525e-11, 3.658352e-11, 3.157738e-11, 2.684907e-11, 2.392285e-11, 2.130749e-11, 1.917993e-11, 8.716038e-12, 4.394681e-12, 2.551964e-12, 2.050744e-12, 1.470464e-12, 1.156580e-12, 9.439468e-13, 7.915546e-13, 6.776411e-13, 6.472767e-13, 6.193762e-13, 5.936778e-13, 5.699373e-13, 4.814289e-13, 4.169552e-13, 3.678273e-13, 3.290217e-13, 2.870870e-13, 2.532698e-13, 2.254719e-13, 2.022732e-13, 1.939618e-13, 1.861778e-13, 1.788777e-13, 1.720410e-13, 1.263951e-13, 9.004376e-14, 8.535628e-14, 7.299315e-14
4.162550e-14, 1.113382e-13, 1.811504e-12, 3.681997e-12, 5.880435e-12, 8.681860e-12, 1.557463e-11, 2.793976e-11, 4.125018e-11, 1.806402e-10, 1.368064e-10, 1.156254e-10, 9.981439e-11, 8.485649e-11, 7.560790e-11, 6.734212e-11, 6.061797e-11, 2.754696e-11, 1.388936e-11, 8.065464e-12, 6.481362e-12, 4.647386e-12, 3.655352e-12, 2.983344e-12, 2.501708e-12, 2.141674e-12, 2.045700e-12, 1.957534e-12, 1.876314e-12, 1.801290e-12, 1.521555e-12, 1.317792e-12, 1.162523e-12, 1.039880e-12, 9.073358e-13, 8.004501e-13, 7.126048e-13, 6.392854e-13, 6.130220e-13, 5.884082e-13, 5.653498e-13, 5.437313e-13, 3.994680e-13, 2.845828e-13, 2.697667e-13, 2.306895e-13
1.587792e-13, 4.246812e-13, 6.902153e-12, 1.400765e-11, 2.231139e-11, 3.258679e-11, 5.751936e-11, 1.015282e-10, 1.482865e-10, 4.421085e-10, 3.446016e-10, 2.822880e-10, 2.436880e-10, 2.071687e-10, 1.845893e-10, 1.644092e-10, 1.479929e-10, 6.725330e-11, 3.390955e-11, 1.969108e-11, 1.582364e-11, 1.134614e-11, 8.924209e-12, 7.283567e-12, 6.107681e-12, 5.228702e-12, 4.994381e-12, 4.779136e-12, 4.580846e-12, 4.397674e-12, 3.714732e-12, 3.217273e-12, 2.838184e-12, 2.538749e-12, 2.215188e-12, 1.954230e-12, 1.739756e-12, 1.560753e-12, 1.496630e-12, 1.436537e-12, 1.380242e-12, 1.327472e-12, 9.752661e-13, 6.947739e-13, 6.586023e-13, 5.632111e-13
4.740775e-13, 1.267945e-12, 2.057991e-11, 4.168845e-11, 6.618542e-11, 9.546168e-11, 1.653595e-10, 2.864371e-10, 4.131388e-10, 9.171257e-10, 7.219339e-10, 5.853502e-10, 5.053101e-10, 4.295839e-10, 3.827634e-10, 3.409182e-10, 3.068775e-10, 1.394563e-10, 7.031477e-11, 4.083142e-11, 3.281187e-11, 2.352739e-11, 1.850523e-11, 1.510317e-11, 1.266487e-11, 1.084223e-11, 1.035638e-11, 9.910019e-12, 9.498845e-12, 9.119019e-12, 7.702863e-12, 6.671303e-12, 5.885257e-12, 5.264365e-12, 4.593409e-12, 4.052283e-12, 3.607550e-12, 3.236386e-12, 3.103420e-12, 2.978813e-12, 2.862059e-12, 2.752640e-12, 2.022321e-12, 1.440688e-12, 1.365675e-12, 1.167878e-12
1.195343e-12, 3.196845e-12, 5.180624e-11, 1.047134e-10, 1.656112e-10, 2.355498e-10, 3.995512e-10, 6.777384e-10, 9.639516e-10, 1.699191e-09, 1.341980e-09, 1.084429e-09, 9.361459e-10, 7.958548e-10, 7.091145e-10, 6.315915e-10, 5.685272e-10, 2.583597e-10, 1.302667e-10, 7.564519e-11, 6.078803e-11, 4.358737e-11, 3.428324e-11, 2.798051e-11, 2.346324e-11, 2.008657e-11, 1.918644e-11, 1.835951e-11, 1.759776e-11, 1.689412e-11, 1.427049e-11, 1.235946e-11, 1.090317e-11, 9.752872e-12, 8.509855e-12, 7.507325e-12, 6.683438e-12, 5.995783e-12, 5.749475e-12, 5.518624e-12, 5.302305e-12, 5.099611e-12, 3.746616e-12, 2.669043e-12, 2.530084e-12, 2.163641e-12
2.663184e-12, 7.122044e-12, 1.152069e-10, 2.322763e-10, 3.657584e-10, 5.124168e-10, 8.497023e-10, 1.408998e-09, 1.973964e-09, 2.898753e-09, 2.291880e-09, 1.849978e-09, 1.597017e-09, 1.357688e-09, 1.209714e-09, 1.077464e-09, 9.698799e-10, 4.407497e-10, 2.222291e-10, 1.290473e-10, 1.037016e-10, 7.435813e-11, 5.848563e-11, 4.773351e-11, 4.002724e-11, 3.426678e-11, 3.273124e-11, 3.132054e-11, 3.002102e-11, 2.882064e-11, 2.434481e-11, 2.108467e-11, 1.860026e-11, 1.663798e-11, 1.451740e-11, 1.280717e-11, 1.140165e-11, 1.022857e-11, 9.808352e-12, 9.414532e-12, 9.045511e-12, 8.699702e-12, 6.391538e-12, 4.553261e-12, 4.316222e-12, 3.691076e-12
5.398427e-12, 1.443584e-11, 2.330374e-10, 4.685096e-10, 7.341388e-10, 1.012235e-09, 1.638840e-09, 2.653332e-09, 3.658432e-09, 4.643206e-09, 3.672457e-09, 2.963291e-09, 2.558100e-09, 2.174745e-09, 1.937721e-09, 1.725884e-09, 1.553556e-09, 7.059947e-10, 3.559678e-10, 2.067088e-10, 1.661099e-10, 1.191073e-10, 9.368268e-11, 7.645980e-11, 6.411587e-11, 5.488877e-11, 5.242906e-11, 5.016947e-11, 4.808785e-11, 4.616507e-11, 3.899574e-11, 3.377355e-11, 2.979406e-11, 2.665084e-11, 2.325409e-11, 2.051463e-11, 1.826322e-11, 1.638416e-11, 1.571108e-11, 1.508022e-11, 1.448917e-11, 1.393521e-11, 1.023803e-11, 7.293465e-12, 6.913743e-12, 5.912389e-12
1.015681e-11, 2.715814e-11, 4.374118e-10, 8.766209e-10, 1.366211e-09, 1.852904e-09, 2.926548e-09, 4.622302e-09, 6.268930e-09, 7.076907e-09, 5.598028e-09, 4.516494e-09, 3.898928e-09, 3.314640e-09, 2.953382e-09, 2.630510e-09, 2.367857e-09, 1.076046e-09, 5.425509e-10, 3.150566e-10, 2.531777e-10, 1.815382e-10, 1.427871e-10, 1.165368e-10, 9.772270e-11, 8.365916e-11, 7.991016e-11, 7.646611e-11, 7.329341e-11, 7.036285e-11, 5.943566e-11, 5.147626e-11, 4.541084e-11, 4.062003e-11, 3.544287e-11, 3.126750e-11, 2.783600e-11, 2.497205e-11, 2.394612e-11, 2.298464e-11, 2.208378e-11, 2.123951e-11, 1.560438e-11, 1.111642e-11, 1.053764e-11, 9.011412e-12
6.487438e-10, 1.732643e-09, 2.693094e-08, 5.146432e-08, 7.420223e-08, 8.598000e-08, 1.072428e-07, 1.337639e-07, 1.549956e-07, 1.132116e-07, 8.956245e-08, 7.225666e-08, 6.237763e-08, 5.303044e-08, 4.725114e-08, 4.208582e-08, 3.788381e-08, 1.721630e-08, 8.680704e-09, 5.040864e-09, 4.050817e-09, 2.904597e-09, 2.284585e-09, 1.864582e-09, 1.563558e-09, 1.338542e-09, 1.278559e-09, 1.223455e-09, 1.172692e-09, 1.125802e-09, 9.509679e-10, 8.236177e-10, 7.265724e-10, 6.499201e-10, 5.670855e-10, 5.002796e-10, 4.453757e-10, 3.995527e-10, 3.831377e-10, 3.677541e-10, 3.533399e-10, 3.398316e-10, 2.496699e-10, 1.778623e-10, 1.686023e-10, 1.441825e-10
7.365136e-09, 1.963246e-08, 2.882099e-07, 5.131240e-07, 6.670966e-07, 6.964583e-07, 7.429417e-07, 7.925275e-07, 8.274100e-07, 5.729739e-07, 4.533151e-07, 3.657382e-07, 3.157428e-07, 2.684346e-07, 2.391839e-07, 2.130397e-07, 1.917707e-07, 8.715388e-08, 4.394515e-08, 2.551902e-08, 2.050705e-08, 1.470440e-08, 1.156563e-08, 9.439390e-09, 7.915469e-09, 6.776339e-09, 6.472676e-09, 6.193714e-09, 5.936727e-09, 5.699350e-09, 4.814257e-09, 4.169551e-09, 3.678262e-09, 3.290212e-09, 2.870863e-09, 2.532660e-09, 2.254709e-09, 2.022731e-09, 1.939632e-09, 1.861752e-09, 1.788779e-09, 1.720395e-09, 1.263952e-09, 9.004264e-10, 8.535483e-10, 7.299225e-10
4.119058e-08, 1.095013e-07, 1.490204e-06, 2.438614e-06, 2.850060e-06, 2.804793e-06, 2.738237e-06, 2.673261e-06, 2.630802e-06, 1.810174e-06, 1.432281e-06, 1.155643e-06, 9.977084e-07, 8.482439e-07, 7.558287e-07, 6.732230e-07, 6.060193e-07, 2.754332e-07, 1.388843e-07, 8.065112e-08, 6.481145e-08, 4.647262e-08, 3.655274e-08, 2.983288e-08, 2.501661e-08, 2.141644e-08, 2.045672e-08, 1.957507e-08, 1.876288e-08, 1.801266e-08, 1.521535e-08, 1.317778e-08, 1.162507e-08, 1.039865e-08, 9.073313e-09, 8.004428e-09, 7.125972e-09, 6.392811e-09, 6.130178e-09, 5.884039e-09, 5.653413e-09, 5.437284e-09, 3.994704e-09, 2.845787e-09, 2.697629e-09, 2.306913e-09
1.561954e-07, 4.138010e-07, 5.141929e-06, 7.700609e-06, 8.184870e-06, 7.797592e-06, 7.250761e-06, 6.742279e-06, 6.423259e-06, 4.417154e-06, 3.495463e-06, 2.820544e-06, 2.435201e-06, 2.070463e-06, 1.844938e-06, 1.643336e-06, 1.479317e-06, 6.723937e-07, 3.390602e-07, 1.968972e-07, 1.582281e-07, 1.134568e-07, 8.923897e-08, 7.283341e-08, 6.107513e-08, 5.228579e-08, 4.994277e-08, 4.779033e-08, 4.580745e-08, 4.397588e-08, 3.714660e-08, 3.217212e-08, 2.838137e-08, 2.538721e-08, 2.215154e-08, 1.954198e-08, 1.739732e-08, 1.560739e-08, 1.496620e-08, 1.436528e-08, 1.380223e-08, 1.327458e-08, 9.752670e-09, 6.947706e-09, 6.585998e-09, 5.632102e-09
4.630124e-07, 1.221518e-06, 1.370119e-05, 1.883087e-05, 1.852692e-05, 1.734074e-05, 1.570233e-05, 1.421872e-05, 1.330836e-05, 9.153797e-06, 7.244860e-06, 5.846529e-06, 5.048084e-06, 4.292184e-06, 3.824783e-06, 3.406925e-06, 3.066947e-06, 1.394147e-06, 7.030430e-07, 4.082735e-07, 3.280943e-07, 2.352597e-07, 1.850431e-07, 1.510254e-07, 1.266439e-07, 1.084187e-07, 1.035603e-07, 9.909707e-08, 9.498544e-08, 9.118754e-08, 7.702656e-08, 6.671162e-08, 5.885122e-08, 5.264259e-08, 4.593317e-08, 4.052203e-08, 3.607491e-08, 3.236333e-08, 3.103378e-08, 2.978773e-08, 2.862020e-08, 2.752607e-08, 2.022307e-08, 1.440673e-08, 1.365669e-08, 1.167870e-08
1.157545e-06, 3.038922e-06, 3.052540e-05, 3.878786e-05, 3.596851e-05, 3.334472e-05, 2.976349e-05, 2.656689e-05, 2.462891e-05, 1.694625e-05, 1.341471e-05, 1.082671e-05, 9.348812e-06, 7.949331e-06, 7.083958e-06, 6.310225e-06, 5.680662e-06, 2.582549e-06, 1.302403e-06, 7.563497e-07, 6.078186e-07, 4.358382e-07, 3.428090e-07, 2.797888e-07, 2.346203e-07, 2.008566e-07, 1.918560e-07, 1.835875e-07, 1.759703e-07, 1.689343e-07, 1.426998e-07, 1.235904e-07, 1.090283e-07, 9.752620e-08, 8.509630e-08, 7.507160e-08, 6.683285e-08, 5.995674e-08, 5.749361e-08, 5.518518e-08, 5.302222e-08, 5.099521e-08, 3.746561e-08, 2.669015e-08, 2.530064e-08, 2.163618e-08
2.553778e-06, 6.667150e-06, 5.969179e-05, 7.081177e-05, 6.287192e-05, 5.798814e-05, 5.136448e-05, 4.549740e-05, 4.196324e-05, 2.888540e-05, 2.287055e-05, 1.846063e-05, 1.594199e-05, 1.355635e-05, 1.208113e-05, 1.076197e-05, 9.688529e-06, 4.405163e-06, 2.221703e-06, 1.290245e-06, 1.036879e-06, 7.435022e-07, 5.848047e-07, 4.772988e-07, 4.002456e-07, 3.426478e-07, 3.272934e-07, 3.131880e-07, 3.001937e-07, 2.881909e-07, 2.434369e-07, 2.108377e-07, 1.859958e-07, 1.663740e-07, 1.451694e-07, 1.280679e-07, 1.140131e-07, 1.022829e-07, 9.808098e-08, 9.414295e-08, 9.045308e-08, 8.699515e-08, 6.391441e-08, 4.553206e-08, 4.316164e-08, 3.691027e-08
5.119441e-06, 1.328211e-05, 1.057808e-04, 1.183847e-04, 1.019105e-04, 9.374491e-05, 8.270667e-05, 7.296815e-05, 6.712154e-05, 4.622501e-05, 3.660817e-05, 2.955355e-05, 2.552390e-05, 2.170583e-05, 1.934476e-05, 1.723314e-05, 1.551474e-05, 7.055216e-06, 3.558486e-06, 2.066626e-06, 1.660821e-06, 1.190913e-06, 9.367219e-07, 7.645248e-07, 6.411047e-07, 5.488468e-07, 5.242527e-07, 5.016591e-07, 4.808452e-07, 4.616196e-07, 3.899339e-07, 3.377174e-07, 2.979262e-07, 2.664964e-07, 2.325313e-07, 2.051384e-07, 1.826256e-07, 1.638363e-07, 1.571057e-07, 1.507978e-07, 1.448875e-07, 1.393486e-07, 1.023780e-07, 7.293326e-08, 6.913635e-08, 5.912293e-08
9.513147e-06, 2.451213e-05, 1.736917e-04, 1.852484e-04, 1.560879e-04, 1.433956e-04, 1.262658e-04, 1.111822e-04, 1.021414e-04, 7.037964e-05, 5.575234e-05, 4.501566e-05, 3.888185e-05, 3.306811e-05, 2.947277e-05, 2.625676e-05, 2.363940e-05, 1.075155e-05, 5.423263e-06, 3.149697e-06, 2.531253e-06, 1.815082e-06, 1.427674e-06, 1.165230e-06, 9.771254e-07, 8.365144e-07, 7.990301e-07, 7.645948e-07, 7.328721e-07, 7.035699e-07, 5.943125e-07, 5.147281e-07, 4.540813e-07, 4.061784e-07, 3.544110e-07, 3.126604e-07, 2.783479e-07, 2.497104e-07, 2.394521e-07, 2.298381e-07, 2.208299e-07, 2.123879e-07, 1.560395e-07, 1.111613e-07, 1.053743e-07, 9.011236e-08
5.004770e-04, 1.171658e-03, 3.224446e-03, 2.945354e-03, 2.398480e-03, 2.210215e-03, 1.955161e-03, 1.729539e-03, 1.593782e-03, 1.107401e-03, 8.809201e-04, 7.130604e-04, 6.169300e-04, 5.253116e-04, 4.686165e-04, 4.177731e-04, 3.763378e-04, 1.715939e-04, 8.666346e-05, 5.035303e-05, 4.047466e-05, 2.902674e-05, 2.283324e-05, 1.863700e-05, 1.562911e-05, 1.338050e-05, 1.278102e-05, 1.223029e-05, 1.172294e-05, 1.125430e-05, 9.506880e-06, 8.233997e-06, 7.263975e-06, 6.497767e-06, 5.669700e-06, 5.001850e-06, 4.452970e-06, 3.994865e-06, 3.830782e-06, 3.677000e-06, 3.532906e-06, 3.397866e-06, 2.496423e-06, 1.778453e-06, 1.685883e-06, 1.441717e-06
4.142399e-03, 8.622460e-03, 1.440550e-02, 1.344203e-02, 1.116866e-02, 1.037836e-02, 9.296508e-03, 8.327433e-03, 7.738178e-03, 5.452134e-03, 4.367410e-03, 3.550008e-03, 3.079989e-03, 2.627815e-03, 2.347707e-03, 2.095420e-03, 1.889347e-03, 8.650704e-04, 4.378177e-04, 2.545573e-04, 2.046889e-04, 1.468251e-04, 1.155128e-04, 9.429350e-05, 7.908101e-05, 6.770733e-05, 6.467466e-05, 6.188859e-05, 5.932193e-05, 5.695106e-05, 4.811070e-05, 4.167067e-05, 3.676269e-05, 3.288578e-05, 2.869547e-05, 2.531582e-05, 2.253814e-05, 2.021978e-05, 1.938952e-05, 1.861135e-05, 1.788219e-05, 1.719882e-05, 1.263638e-05, 9.002345e-06, 8.533891e-06, 7.298017e-06
1.508532e-02, 2.829510e-02, 3.749245e-02, 3.670132e-02, 3.139941e-02, 2.952109e-02, 2.691218e-02, 2.453383e-02, 2.306622e-02, 1.657206e-02, 1.340511e-02, 1.096017e-02, 9.546227e-03, 8.167473e-03, 7.312139e-03, 6.536988e-03, 5.901784e-03, 2.718095e-03, 1.379677e-03, 8.029587e-04, 6.459722e-04, 4.634969e-04, 3.647215e-04, 2.977650e-04, 2.497523e-04, 2.138495e-04, 2.042746e-04, 1.954780e-04, 1.873741e-04, 1.798882e-04, 1.519745e-04, 1.316383e-04, 1.161388e-04, 1.038948e-04, 9.065921e-05, 7.998373e-05, 7.120941e-05, 6.388579e-05, 6.126358e-05, 5.880577e-05, 5.650262e-05, 5.434404e-05, 3.992941e-05, 2.844710e-05, 2.696736e-05, 2.306234e-05
3.358898e-02, 5.878962e-02, 7.123224e-02, 7.423753e-02, 6.594819e-02, 6.294333e-02, 5.869079e-02, 5.472557e-02, 5.223205e-02, 3.847959e-02, 3.151887e-02, 2.596484e-02, 2.272891e-02, 1.951600e-02, 1.751922e-02, 1.569480e-02, 1.419343e-02, 6.586229e-03, 3.355702e-03, 1.955438e-03, 1.574117e-03, 1.129882e-03, 8.893173e-04, 7.261842e-04, 6.091735e-04, 5.216572e-04, 4.983117e-04, 4.768635e-04, 4.571034e-04, 4.388497e-04, 3.707834e-04, 3.211891e-04, 2.833869e-04, 2.535221e-04, 2.212335e-04, 1.951888e-04, 1.737814e-04, 1.559125e-04, 1.495163e-04, 1.435208e-04, 1.379021e-04, 1.326360e-04, 9.745946e-05, 6.943599e-05, 6.582591e-05, 5.629512e-05
5.318235e-02, 9.070848e-02, 1.087089e-01, 1.223193e-01, 1.137745e-01, 1.106064e-01, 1.060188e-01, 1.016215e-01, 9.879175e-02, 7.504605e-02, 6.242017e-02, 5.189602e-02, 4.570775e-02, 3.941885e-02, 3.550212e-02, 3.188635e-02, 2.889510e-02, 1.353218e-02, 6.926461e-03, 4.042384e-03, 3.256592e-03, 2.338619e-03, 1.841264e-03, 1.503838e-03, 1.261731e-03, 1.080603e-03, 1.032272e-03, 9.878673e-04, 9.469559e-04, 9.091623e-04, 7.682281e-04, 6.655278e-04, 5.872382e-04, 5.253812e-04, 4.584902e-04, 4.045309e-04, 3.601763e-04, 3.231515e-04, 3.099029e-04, 2.974830e-04, 2.858432e-04, 2.749328e-04, 2.020300e-04, 1.439446e-04, 1.364652e-04, 1.167097e-04
6.506010e-02, 1.129504e-01, 1.401869e-01, 1.726925e-01, 1.695997e-01, 1.685004e-01, 1.668648e-01, 1.652451e-01, 1.641740e-01, 1.293141e-01, 1.095243e-01, 9.205340e-02, 8.166624e-02, 7.079530e-02, 6.400893e-02, 5.766367e-02, 5.238062e-02, 2.479902e-02, 1.276258e-02, 7.461932e-03, 6.016867e-03, 4.323172e-03, 3.404995e-03, 2.781724e-03, 2.334339e-03, 1.999535e-03, 1.910166e-03, 1.828053e-03, 1.752398e-03, 1.682506e-03, 1.421863e-03, 1.231901e-03, 1.087072e-03, 9.726285e-04, 8.488418e-04, 7.489782e-04, 6.668844e-04, 5.983528e-04, 5.738398e-04, 5.508579e-04, 5.293175e-04, 5.091255e-04, 3.741499e-04, 2.665924e-04, 2.527500e-04, 2.161669e-04
6.468618e-02, 1.189672e-01, 1.574430e-01, 2.153165e-01, 2.251448e-01, 2.293669e-01, 2.358491e-01, 2.425145e-01, 2.470624e-01, 2.029100e-01, 1.754872e-01, 1.493556e-01, 1.336150e-01, 1.165227e-01, 1.058259e-01, 9.566798e-02, 8.714557e-02, 4.177877e-02, 2.163629e-02, 1.267662e-02, 1.023238e-02, 7.356665e-03, 5.796642e-03, 4.737004e-03, 3.976041e-03, 3.406369e-03, 3.254244e-03, 3.114464e-03, 2.985671e-03, 2.866683e-03, 2.422933e-03, 2.099461e-03, 1.852806e-03, 1.657875e-03, 1.446969e-03, 1.276808e-03, 1.136915e-03, 1.020124e-03, 9.783678e-04, 9.392156e-04, 9.025155e-04, 8.681100e-04, 6.380165e-04, 4.546320e-04, 4.310451e-04, 3.686685e-04
5.401700e-02, 1.090185e-01, 1.570271e-01, 2.417510e-01, 2.714043e-01, 2.844665e-01, 3.052480e-01, 3.275477e-01, 3.433120e-01, 2.956390e-01, 2.618133e-01, 2.260167e-01, 2.041218e-01, 1.792191e-01, 1.635951e-01, 1.484771e-01, 1.356781e-01, 6.597707e-02, 3.441173e-02, 2.020952e-02, 1.633216e-02, 1.175050e-02, 9.263131e-03, 7.572373e-03, 6.357543e-03, 5.447734e-03, 5.204666e-03, 4.981311e-03, 4.775501e-03, 4.585350e-03, 3.876170e-03, 3.359109e-03, 2.964770e-03, 2.653080e-03, 2.315739e-03, 2.043540e-03, 1.819737e-03, 1.632880e-03, 1.566108e-03, 1.503492e-03, 1.444790e-03, 1.389754e-03, 1.021495e-03, 7.279369e-04, 6.902057e-04, 5.903491e-04
3.873822e-02, 8.847880e-02, 1.409415e-01, 2.476989e-01, 3.010698e-01, 3.257464e-01, 3.666049e-01, 4.125883e-01, 4.464053e-01, 4.053205e-01, 3.685757e-01, 3.232768e-01, 2.950684e-01, 2.610375e-01, 2.396364e-01, 2.184532e-01, 2.003281e-01, 9.897466e-02, 5.203398e-02, 3.063983e-02, 2.479412e-02, 1.785281e-02, 1.408114e-02, 1.151533e-02, 9.670678e-03, 8.288564e-03, 7.919121e-03, 7.579620e-03, 7.266768e-03, 6.977704e-03, 5.899559e-03, 5.113310e-03, 4.513560e-03, 4.039432e-03, 3.526103e-03, 3.111851e-03, 2.771218e-03, 2.486791e-03, 2.385212e-03, 2.289941e-03, 2.200616e-03, 2.116859e-03, 1.556095e-03, 1.108987e-03, 1.051565e-03, 8.994676e-04
5.584471e-03, 2.073491e-02, 4.609517e-02, 1.230531e-01, 1.922059e-01, 2.299067e-01, 3.007661e-01, 3.934651e-01, 4.706424e-01, 5.051043e-01, 4.993667e-01, 4.605254e-01, 4.346363e-01, 3.938043e-01, 3.680537e-01, 3.402268e-01, 3.154957e-01, 1.638935e-01, 8.835231e-02, 5.246241e-02, 4.263106e-02, 3.077326e-02, 2.431257e-02, 1.990619e-02, 1.673238e-02, 1.435101e-02, 1.371342e-02, 1.312738e-02, 1.258725e-02, 1.208810e-02, 1.022603e-02, 8.867132e-03, 7.829946e-03, 7.009578e-03, 6.120379e-03, 5.402539e-03, 4.812080e-03, 4.318908e-03, 4.143104e-03, 3.978140e-03, 3.823411e-03, 3.678278e-03, 2.704793e-03, 1.928094e-03, 1.828586e-03, 1.564319e-03
8.050528e-04, 4.859203e-03, 1.507551e-02, 6.113091e-02, 1.227061e-01, 1.622645e-01, 2.467514e-01, 3.752282e-01, 4.961955e-01, 6.294534e-01, 6.765696e-01, 6.560436e-01, 6.402200e-01, 5.940981e-01, 5.652878e-01, 5.298814e-01, 4.968726e-01, 2.713936e-01, 1.500199e-01, 8.982768e-02, 7.329994e-02, 5.304448e-02, 4.197820e-02, 3.441119e-02, 2.895065e-02, 2.484768e-02, 2.374731e-02, 2.273573e-02, 2.180321e-02, 2.094128e-02, 1.772533e-02, 1.537674e-02, 1.358308e-02, 1.216364e-02, 1.062335e-02, 9.379441e-03, 8.355931e-03, 7.500818e-03, 7.196554e-03, 6.910919e-03, 6.642900e-03, 6.391415e-03, 4.701450e-03, 3.352198e-03, 3.179763e-03, 2.720604e-03
1.160558e-04, 1.138749e-03, 4.930472e-03, 3.036891e-02, 7.833680e-02, 1.145238e-01, 2.024371e-01, 3.578367e-01, 5.231360e-01, 7.844153e-01, 9.166539e-01, 9.345700e-01, 9.430452e-01, 8.962637e-01, 8.682165e-01, 8.252563e-01, 7.825220e-01, 4.494044e-01, 2.547298e-01, 1.538056e-01, 1.260321e-01, 9.143384e-02, 7.247977e-02, 5.948554e-02, 5.009093e-02, 4.302186e-02, 4.112284e-02, 3.937672e-02, 3.776677e-02, 3.627844e-02, 3.072429e-02, 2.666523e-02, 2.356339e-02, 2.110741e-02, 1.843932e-02, 1.628381e-02, 1.450965e-02, 1.302697e-02, 1.250038e-02, 1.200581e-02, 1.154156e-02, 1.110579e-02, 8.172023e-03, 5.828156e-03, 5.529349e-03, 4.731568e-03
1.673050e-05, 2.668646e-04, 1.612520e-03, 1.508682e-02, 5.001098e-02, 8.082906e-02, 1.660813e-01, 3.412512e-01, 5.515391e-01, 9.775266e-01, 1.241933e+00, 1.331346e+00, 1.389107e+00, 1.352114e+00, 1.333480e+00, 1.285284e+00, 1.232390e+00, 7.441750e-01, 4.325244e-01, 2.633504e-01, 2.166998e-01, 1.576063e-01, 1.251439e-01, 1.028308e-01, 8.666820e-02, 7.448906e-02, 7.121179e-02, 6.819779e-02, 6.541832e-02, 6.284837e-02, 5.325609e-02, 4.624092e-02, 4.087685e-02, 3.662745e-02, 3.200577e-02, 2.827060e-02, 2.519527e-02, 2.262445e-02, 2.171311e-02, 2.085678e-02, 2.005262e-02, 1.929755e-02, 1.420455e-02, 1.013288e-02, 9.615090e-03, 8.228961e-03
2.411856e-06, 6.253942e-05, 5.273775e-04, 7.494904e-03, 3.192750e-02, 5.704788e-02, 1.362547e-01, 3.254344e-01, 5.814844e-01, 1.218179e+00, 1.682640e+00, 1.896575e+00, 2.046157e+00, 2.039816e+00, 2.048070e+00, 2.001747e+00, 1.940884e+00, 1.232290e+00, 7.344149e-01, 4.509163e-01, 3.725941e-01, 2.716692e-01, 2.160741e-01, 1.777603e-01, 1.499548e-01, 1.289721e-01, 1.233163e-01, 1.181139e-01, 1.133154e-01, 1.088778e-01, 9.231170e-02, 8.018767e-02, 7.091155e-02, 6.355917e-02, 5.555351e-02, 4.908109e-02, 4.375030e-02, 3.929277e-02, 3.771559e-02, 3.623289e-02, 3.483997e-02, 3.353163e-02, 2.469023e-02, 1.761709e-02, 1.671986e-02, 1.431149e-02
5.103449e-08, 3.052198e-06, 4.494164e-05, 1.281976e-03, 8.295269e-03, 1.751967e-02, 5.377358e-02, 1.650487e-01, 3.485840e-01, 9.649725e-01, 1.532189e+00, 1.877593e+00, 2.141793e+00, 2.221878e+00, 2.298487e+00, 2.299283e+00, 2.271182e+00, 1.567745e+00, 9.742250e-01, 6.065485e-01, 5.046977e-01, 3.695314e-01, 2.947298e-01, 2.429521e-01, 2.052555e-01, 1.767398e-01, 1.690317e-01, 1.619391e-01, 1.553953e-01, 1.493418e-01, 1.267366e-01, 1.101731e-01, 9.748756e-02, 8.742397e-02, 7.644517e-02, 6.756352e-02, 6.024452e-02, 5.412154e-02, 5.196192e-02, 4.993007e-02, 4.801997e-02, 4.622483e-02, 3.405554e-02, 2.430915e-02, 2.307799e-02, 1.975836e-02
1.079882e-09, 1.489606e-07, 3.829801e-06, 2.192772e-04, 2.155242e-03, 5.380370e-03, 2.122200e-02, 8.370676e-02, 2.089665e-01, 7.643967e-01, 1.395190e+00, 1.858802e+00, 2.241898e+00, 2.420189e+00, 2.579521e+00, 2.641045e+00, 2.657689e+00, 1.994519e+00, 1.292341e+00, 8.158965e-01, 6.836389e-01, 5.026461e-01, 4.020178e-01, 3.320522e-01, 2.809499e-01, 2.421993e-01, 2.316945e-01, 2.220254e-01, 2.131015e-01, 2.048440e-01, 1.739993e-01, 1.513714e-01, 1.340237e-01, 1.202494e-01, 1.051934e-01, 9.300588e-02, 8.295718e-02, 7.454657e-02, 7.158952e-02, 6.880522e-02, 6.618599e-02, 6.372295e-02, 4.697324e-02, 3.354327e-02, 3.185394e-02, 2.727828e-02
2.285013e-11, 7.269932e-09, 3.263649e-07, 3.750656e-05, 5.599659e-04, 1.652336e-03, 8.375366e-03, 4.245307e-02, 1.252697e-01, 6.055119e-01, 1.270441e+00, 1.840198e+00, 2.346682e+00, 2.636200e+00, 2.894917e+00, 3.033605e+00, 3.109972e+00, 2.537469e+00, 1.714332e+00, 1.097500e+00, 9.260238e-01, 6.837121e-01, 5.483610e-01, 4.538290e-01, 3.845591e-01, 3.319032e-01, 3.175874e-01, 3.044063e-01, 2.922372e-01, 2.809735e-01, 2.388873e-01, 2.079755e-01, 1.842526e-01, 1.653999e-01, 1.447528e-01, 1.280291e-01, 1.142327e-01, 1.026798e-01, 9.863107e-02, 9.481578e-02, 9.122423e-02, 8.784488e-02, 6.479077e-02, 4.628507e-02, 4.396716e-02, 3.766025e-02
4.835052e-13, 3.548046e-10, 2.781191e-08, 6.415358e-06, 1.454880e-04, 5.074401e-04, 3.305378e-03, 2.153067e-02, 7.509573e-02, 4.796523e-01, 1.156846e+00, 1.821781e+00, 2.456364e+00, 2.871491e+00, 3.248876e+00, 3.484515e+00, 3.639223e+00, 3.228222e+00, 2.274117e+00, 1.476298e+00, 1.254347e+00, 9.300026e-01, 7.479763e-01, 6.202661e-01, 5.263775e-01, 4.548308e-01, 4.353222e-01, 4.173539e-01, 4.007600e-01, 3.853961e-01, 3.279732e-01, 2.857461e-01, 2.533063e-01, 2.275032e-01, 1.991891e-01, 1.762409e-01, 1.572993e-01, 1.414304e-01, 1.358870e-01, 1.306592e-01, 1.257345e-01, 1.210980e-01, 8.936672e-02, 6.386700e-02, 6.068673e-02, 5.199353e-02
1.023089e-14, 1.731602e-11, 2.370053e-09, 1.097323e-06, 3.780008e-05, 1.558372e-04, 1.304484e-03, 1.091959e-02, 4.501783e-02, 3.799534e-01, 1.053409e+00, 1.803548e+00, 2.571172e+00, 3.127782e+00, 3.646114e+00, 4.002447e+00, 4.258542e+00, 4.107013e+00, 3.016689e+00, 1.985837e+00, 1.699077e+00, 1.265013e+00, 1.020256e+00, 8.477423e-01, 7.204960e-01, 6.232875e-01, 5.967033e-01, 5.722098e-01, 5.495829e-01, 5.286269e-01, 4.502812e-01, 3.925984e-01, 3.482396e-01, 3.129247e-01, 2.740969e-01, 2.426078e-01, 2.166024e-01, 1.948050e-01, 1.872157e-01, 1.800525e-01, 1.733000e-01, 1.669389e-01, 1.232646e-01, 8.812762e-02, 8.376430e-02, 7.178197e-02
3.699492e-17, 2.018452e-13, 6.028720e-11, 7.403254e-08, 4.578817e-06, 2.385617e-05, 2.837082e-04, 3.373983e-03, 1.757884e-02, 2.191717e-01, 7.385421e-01, 1.421479e+00, 2.190956e+00, 2.818032e+00, 3.425271e+00, 3.884284e+00, 4.241729e+00, 4.598779e+00, 3.581495e+00, 2.404085e+00, 2.077090e+00, 1.555533e+00, 1.259470e+00, 1.049428e+00, 8.937751e-01, 7.744460e-01, 7.416752e-01, 7.114679e-01, 6.835502e-01, 6.576833e-01, 5.609397e-01, 4.895902e-01, 4.346425e-01, 3.908425e-01, 3.425523e-01, 3.033549e-01, 2.709587e-01, 2.437864e-01, 2.343695e-01, 2.254710e-01, 2.170746e-01, 2.091584e-01, 1.545592e-01, 1.105632e-01, 1.051330e-01, 9.012322e-02
1.337737e-19, 2.352820e-15, 1.533530e-12, 4.994714e-09, 5.546435e-07, 3.651996e-06, 6.170282e-05, 1.042509e-03, 6.864297e-03, 1.264267e-01, 5.177900e-01, 1.120349e+00, 1.866966e+00, 2.538958e+00, 3.217804e+00, 3.769610e+00, 4.224982e+00, 5.149428e+00, 4.252047e+00, 2.910422e+00, 2.539205e+00, 1.912772e+00, 1.554770e+00, 1.299097e+00, 1.108728e+00, 9.622631e-01, 9.218688e-01, 8.846170e-01, 8.501736e-01, 8.182468e-01, 6.987930e-01, 6.105439e-01, 5.424829e-01, 4.881618e-01, 4.281043e-01, 3.793125e-01, 3.389557e-01, 3.050835e-01, 2.933998e-01, 2.823465e-01, 2.719066e-01, 2.620553e-01, 1.937990e-01, 1.387105e-01, 1.319530e-01, 1.131509e-01
4.837258e-22, 2.742578e-17, 3.900850e-14, 3.369758e-10, 6.718534e-08, 5.590620e-07, 1.341956e-05, 3.221190e-04, 2.680414e-03, 7.292777e-02, 3.630212e-01, 8.830114e-01, 1.590885e+00, 2.287520e+00, 3.022904e+00, 3.658321e+00, 4.208301e+00, 5.766011e+00, 5.048144e+00, 3.523402e+00, 3.104131e+00, 2.352054e+00, 1.919309e+00, 1.608165e+00, 1.375376e+00, 1.195629e+00, 1.145841e+00, 1.099905e+00, 1.057413e+00, 1.018010e+00, 8.705244e-01, 7.613795e-01, 6.770800e-01, 6.097136e-01, 5.350228e-01, 4.742892e-01, 4.240165e-01, 3.817930e-01, 3.672981e-01, 3.535689e-01, 3.405887e-01, 3.283299e-01, 2.430010e-01, 1.740235e-01, 1.656149e-01, 1.420625e-01
1.749153e-24, 3.196901e-19, 9.922618e-16, 2.273457e-11, 8.138326e-09, 8.558342e-08, 2.918578e-06, 9.952980e-05, 1.046665e-03, 4.206754e-02, 2.545132e-01, 6.959519e-01, 1.355631e+00, 2.060983e+00, 2.839808e+00, 3.550317e+00, 4.191686e+00, 6.456422e+00, 5.993293e+00, 4.265484e+00, 3.794743e+00, 2.892221e+00, 2.369318e+00, 1.990763e+00, 1.706154e+00, 1.485591e+00, 1.424229e+00, 1.367588e+00, 1.315170e+00, 1.266541e+00, 1.084459e+00, 9.494790e-01, 8.450725e-01, 7.615315e-01, 6.686440e-01, 5.930474e-01, 5.304233e-01, 4.777901e-01, 4.598089e-01, 4.427573e-01, 4.266197e-01, 4.113657e-01, 3.046944e-01, 2.183265e-01, 2.078641e-01, 1.783613e-01
6.324940e-27, 3.726486e-21, 2.524023e-17, 1.533821e-12, 9.858156e-10, 1.310145e-08, 6.347527e-07, 3.075317e-05, 4.087083e-04, 2.426617e-02, 1.784386e-01, 5.485196e-01, 1.155165e+00, 1.856881e+00, 2.667803e+00, 3.445503e+00, 4.175137e+00, 7.229502e+00, 7.115398e+00, 5.163860e+00, 4.639004e+00, 3.556440e+00, 2.924839e+00, 2.464384e+00, 2.116484e+00, 1.845874e+00, 1.770253e+00, 1.700416e+00, 1.635758e+00, 1.575749e+00, 1.350970e+00, 1.184049e+00, 1.054746e+00, 9.511519e-01, 8.356371e-01, 7.415417e-01, 6.635328e-01, 5.979246e-01, 5.756204e-01, 5.544437e-01, 5.343815e-01, 5.154015e-01, 3.820507e-01, 2.739081e-01, 2.608913e-01, 2.239350e-01
4.079919e-30, 1.082633e-23, 1.999858e-19, 4.259279e-14, 5.809656e-11, 1.043257e-09, 7.938758e-08, 6.041070e-06, 1.084813e-04, 1.063665e-02, 1.005133e-01, 3.591579e-01, 8.361994e-01, 1.444019e+00, 2.189198e+00, 2.948079e+00, 3.693868e+00, 7.434944e+00, 7.889471e+00, 5.871056e+00, 5.340884e+00, 4.125455e+00, 3.409862e+00, 2.883364e+00, 2.482979e+00, 2.170041e+00, 2.082080e+00, 2.000799e+00, 1.925501e+00, 1.855577e+00, 1.593544e+00, 1.398521e+00, 1.247161e+00, 1.125695e+00, 9.897457e-01, 8.788785e-01, 7.868730e-01, 7.094250e-01, 6.832639e-01, 6.583860e-01, 6.347863e-01, 6.124341e-01, 4.544335e-01, 3.260360e-01, 3.107089e-01, 2.668073e-01
2.631762e-33, 3.145304e-26, 1.584547e-21, 1.182762e-15, 3.423774e-12, 8.307365e-11, 9.928887e-09, 1.186692e-06, 2.879361e-05, 4.662388e-03, 5.661847e-02, 2.351683e-01, 6.053069e-01, 1.122954e+00, 1.796455e+00, 2.522468e+00, 3.268075e+00, 7.646225e+00, 8.747754e+00, 6.675104e+00, 6.148957e+00, 4.785508e+00, 3.975317e+00, 3.373576e+00, 2.912938e+00, 2.551137e+00, 2.448836e+00, 2.354244e+00, 2.266566e+00, 2.185100e+00, 1.879673e+00, 1.651841e+00, 1.474678e+00, 1.332267e+00, 1.172275e+00, 1.041651e+00, 9.331401e-01, 8.417180e-01, 8.110372e-01, 7.818146e-01, 7.540560e-01, 7.277346e-01, 5.405300e-01, 3.880844e-01, 3.700391e-01, 3.178874e-01
1.697625e-36, 9.137853e-29, 1.255483e-23, 3.284421e-17, 2.017715e-13, 6.615083e-12, 1.241791e-09, 2.331105e-07, 7.642534e-06, 2.043675e-03, 3.189281e-02, 1.539828e-01, 4.381688e-01, 8.732746e-01, 1.474170e+00, 2.158302e+00, 2.891364e+00, 7.863509e+00, 9.699408e+00, 7.589267e+00, 7.079292e+00, 5.551168e+00, 4.634540e+00, 3.947131e+00, 3.417350e+00, 2.999161e+00, 2.880195e+00, 2.770127e+00, 2.668043e+00, 2.573140e+00, 2.217179e+00, 1.951046e+00, 1.743700e+00, 1.576748e+00, 1.388467e+00, 1.234569e+00, 1.106596e+00, 9.986807e-01, 9.627047e-01, 9.283826e-01, 8.957352e-01, 8.647423e-01, 6.429381e-01, 4.619413e-01, 4.406986e-01, 3.787467e-01
1.095057e-39, 2.654763e-31, 9.947568e-26, 9.120533e-19, 1.189089e-14, 5.267533e-13, 1.553090e-10, 4.579161e-08, 2.028517e-06, 8.958091e-04, 1.796501e-02, 1.008244e-01, 3.171810e-01, 6.791095e-01, 1.209704e+00, 1.846710e+00, 2.558076e+00, 8.086968e+00, 1.075459e+01, 8.628625e+00, 8.150386e+00, 6.439329e+00, 5.403082e+00, 4.618199e+00, 4.009107e+00, 3.525865e+00, 3.387537e+00, 3.259476e+00, 3.140634e+00, 3.030090e+00, 2.615285e+00, 2.304448e+00, 2.061800e+00, 1.866092e+00, 1.644529e+00, 1.463216e+00, 1.312294e+00, 1.184914e+00, 1.142735e+00, 1.102428e+00, 1.064035e+00, 1.027544e+00, 7.647483e-01, 5.498540e-01, 5.248507e-01, 4.512575e-01
7.063696e-43, 7.712714e-34, 7.881753e-28, 2.532687e-20, 7.007597e-16, 4.194491e-14, 1.942426e-11, 8.995180e-09, 5.384186e-07, 3.926621e-04, 1.011957e-02, 6.601745e-02, 2.296006e-01, 5.281153e-01, 9.926825e-01, 1.580102e+00, 2.263206e+00, 8.316777e+00, 1.192457e+01, 9.810325e+00, 9.383535e+00, 7.469593e+00, 6.299070e+00, 5.403357e+00, 4.703334e+00, 4.145068e+00, 3.984247e+00, 3.835270e+00, 3.696936e+00, 3.568187e+00, 3.084874e+00, 2.721863e+00, 2.437929e+00, 2.208532e+00, 1.947814e+00, 1.734210e+00, 1.556229e+00, 1.405875e+00, 1.356431e+00, 1.309102e+00, 1.263955e+00, 1.220995e+00, 9.096366e-01, 6.544976e-01, 6.250717e-01, 5.376505e-01
8.283942e-47, 5.691675e-37, 1.982474e-30, 2.950233e-22, 2.047660e-17, 1.770654e-15, 1.423795e-12, 1.144883e-09, 9.900039e-08, 1.332944e-04, 4.667593e-03, 3.659928e-02, 1.438937e-01, 3.612743e-01, 7.251842e-01, 1.214822e+00, 1.812606e+00, 8.006031e+00, 1.258480e+01, 1.067581e+01, 1.036909e+01, 8.330390e+00, 7.068181e+00, 6.089714e+00, 5.318210e+00, 4.698949e+00, 4.519135e+00, 4.352435e+00, 4.197530e+00, 4.053259e+00, 3.511411e+00, 3.103277e+00, 2.783277e+00, 2.524197e+00, 2.228315e+00, 1.985555e+00, 1.783028e+00, 1.611750e+00, 1.555907e+00, 1.502339e+00, 1.451153e+00, 1.402374e+00, 1.046045e+00, 7.533047e-01, 7.199092e-01, 6.195407e-01
9.714984e-51, 4.200229e-40, 4.986461e-33, 3.436617e-24, 5.983381e-19, 7.474602e-17, 1.043639e-13, 1.457177e-10, 1.820345e-08, 4.524856e-05, 2.152900e-03, 2.029020e-02, 9.018012e-02, 2.471414e-01, 5.297687e-01, 9.339861e-01, 1.451720e+00, 7.706895e+00, 1.328158e+01, 1.161765e+01, 1.145817e+01, 9.290386e+00, 7.931199e+00, 6.863253e+00, 6.013469e+00, 5.326843e+00, 5.125831e+00, 4.939336e+00, 4.765909e+00, 4.604273e+00, 3.996925e+00, 3.538139e+00, 3.177546e+00, 2.884979e+00, 2.549210e+00, 2.273329e+00, 2.042879e+00, 1.847773e+00, 1.784717e+00, 1.724101e+00, 1.666076e+00, 1.610695e+00, 1.202908e+00, 8.670283e-01, 8.291358e-01, 7.139038e-01
1.139324e-54, 3.099601e-43, 1.254230e-35, 4.003187e-26, 1.748378e-20, 3.155313e-18, 7.649851e-15, 1.854657e-11, 3.347114e-09, 1.536023e-05, 9.930127e-04, 1.124864e-02, 5.651709e-02, 1.690651e-01, 3.870118e-01, 7.180721e-01, 1.162685e+00, 7.418936e+00, 1.401694e+01, 1.264258e+01, 1.266162e+01, 1.036101e+01, 8.899591e+00, 7.735051e+00, 6.799622e+00, 6.038638e+00, 5.813977e+00, 5.605377e+00, 5.411250e+00, 5.230194e+00, 4.549570e+00, 4.033939e+00, 3.627665e+00, 3.297328e+00, 2.916317e+00, 2.602810e+00, 2.340600e+00, 2.118358e+00, 2.047176e+00, 1.978597e+00, 1.912830e+00, 1.849963e+00, 1.383294e+00, 9.979205e-01, 9.549345e-01, 8.226394e-01
1.336141e-58, 2.287382e-46, 3.154728e-38, 4.663163e-28, 5.108862e-22, 1.331977e-19, 5.607326e-16, 2.360558e-12, 6.154424e-10, 5.214234e-06, 4.580213e-04, 6.236109e-03, 3.542001e-02, 1.156544e-01, 2.827237e-01, 5.520719e-01, 9.311968e-01, 7.141736e+00, 1.479302e+01, 1.375793e+01, 1.399148e+01, 1.155502e+01, 9.986222e+00, 8.717588e+00, 7.688549e+00, 6.845547e+00, 6.594507e+00, 6.361230e+00, 6.143976e+00, 5.941205e+00, 5.178627e+00, 4.599215e+00, 4.141546e+00, 3.768614e+00, 3.336291e+00, 2.980045e+00, 2.681710e+00, 2.428568e+00, 2.348232e+00, 2.270659e+00, 2.196129e+00, 2.124774e+00, 1.590731e+00, 1.148573e+00, 1.099820e+00, 9.479367e-01
1.566957e-62, 1.687997e-49, 7.934997e-41, 5.431945e-30, 1.492839e-23, 5.622781e-21, 4.110159e-17, 3.004457e-13, 1.131629e-10, 1.770041e-06, 2.112597e-04, 3.457223e-03, 2.219819e-02, 7.911715e-02, 2.065381e-01, 4.244468e-01, 7.457974e-01, 6.874893e+00, 1.561207e+01, 1.497167e+01, 1.546101e+01, 1.288662e+01, 1.120553e+01, 9.824931e+00, 8.693688e+00, 7.760278e+00, 7.479824e+00, 7.219006e+00, 6.975918e+00, 6.748873e+00, 5.894662e+00, 5.243703e+00, 4.728222e+00, 4.307260e+00, 3.816744e+00, 3.411953e+00, 3.072532e+00, 2.784204e+00, 2.693561e+00, 2.605833e+00, 2.521386e+00, 2.440408e+00, 1.829275e+00, 1.321969e+00, 1.266687e+00, 1.092318e+00
3.374954e-67, 3.196328e-53, 6.400384e-44, 2.681261e-32, 2.184898e-25, 1.271111e-22, 1.783658e-18, 2.502879e-14, 1.456103e-11, 4.700684e-07, 8.060077e-05, 1.639294e-03, 1.216705e-02, 4.809433e-02, 1.356876e-01, 2.962016e-01, 5.462159e-01, 6.257724e+00, 1.584216e+01, 1.575284e+01, 1.656508e+01, 1.395774e+01, 1.222518e+01, 1.077458e+01, 9.571072e+00, 8.569294e+00, 8.264996e+00, 7.981734e+00, 7.717490e+00, 7.470471e+00, 6.540706e+00, 5.829656e+00, 5.264890e+00, 4.802471e+00, 4.260306e+00, 3.812113e+00, 3.435728e+00, 3.115575e+00, 3.016071e+00, 2.919498e+00, 2.826323e+00, 2.736803e+00, 2.054422e+00, 1.486214e+00, 1.425170e+00, 1.229727e+00
7.269066e-72, 6.052448e-57, 5.162561e-47, 1.323496e-34, 3.197787e-27, 2.873529e-24, 7.740424e-20, 2.085037e-15, 1.873613e-12, 1.248357e-07, 3.075118e-05, 7.772962e-04, 6.668877e-03, 2.923594e-02, 8.914154e-02, 2.067053e-01, 4.000441e-01, 5.695959e+00, 1.607565e+01, 1.657476e+01, 1.774800e+01, 1.511789e+01, 1.333762e+01, 1.181601e+01, 1.053700e+01, 9.462651e+00, 9.132589e+00, 8.825048e+00, 8.537893e+00, 8.269223e+00, 7.257555e+00, 6.481086e+00, 5.862472e+00, 5.354616e+00, 4.755417e+00, 4.259205e+00, 3.841857e+00, 3.486384e+00, 3.377196e+00, 3.270918e+00, 3.168138e+00, 3.069197e+00, 2.307279e+00, 1.670865e+00, 1.603481e+00, 1.384421e+00
1.565631e-76, 1.146069e-60, 4.164132e-50, 6.532904e-37, 4.680238e-29, 6.496028e-26, 3.359060e-21, 1.736952e-16, 2.410836e-13, 3.315251e-08, 1.173233e-05, 3.685667e-04, 3.655277e-03, 1.777216e-02, 5.856257e-02, 1.442500e-01, 2.929890e-01, 5.184625e+00, 1.631257e+01, 1.743957e+01, 1.901538e+01, 1.637447e+01, 1.455128e+01, 1.295811e+01, 1.160042e+01, 1.044914e+01, 1.009125e+01, 9.757464e+00, 9.445509e+00, 9.153379e+00, 8.052969e+00, 7.205310e+00, 6.527881e+00, 5.970243e+00, 5.308067e+00, 4.758733e+00, 4.295993e+00, 3.901327e+00, 3.781560e+00, 3.664640e+00, 3.551293e+00, 3.441961e+00, 2.591258e+00, 1.878458e+00, 1.804102e+00, 1.558575e+00
3.372096e-81, 2.170154e-64, 3.358796e-53, 3.224704e-39, 6.849932e-31, 1.468521e-27, 1.457709e-22, 1.446977e-17, 3.102098e-14, 8.804285e-09, 4.476175e-06, 1.747615e-04, 2.003493e-03, 1.080348e-02, 3.847337e-02, 1.006653e-01, 2.145828e-01, 4.719194e+00, 1.655298e+01, 1.834949e+01, 2.037327e+01, 1.773549e+01, 1.587538e+01, 1.421060e+01, 1.277116e+01, 1.153847e+01, 1.115055e+01, 1.078839e+01, 1.044961e+01, 1.013207e+01, 8.935559e+00, 8.010462e+00, 7.268817e+00, 6.656649e+00, 5.924942e+00, 5.316846e+00, 4.803811e+00, 4.365655e+00, 4.234340e+00, 4.105753e+00, 3.980787e+00, 3.859998e+00, 2.910189e+00, 2.111843e+00, 2.029824e+00, 1.754636e+00
7.262910e-86, 4.109324e-68, 2.709211e-56, 1.591745e-41, 1.002547e-32, 3.319803e-29, 6.325923e-24, 1.205412e-18, 3.991566e-15, 2.338147e-09, 1.707771e-06, 8.286578e-05, 1.098134e-03, 6.567299e-03, 2.527553e-02, 7.024964e-02, 1.571587e-01, 4.295545e+00, 1.679694e+01, 1.930690e+01, 2.182812e+01, 1.920964e+01, 1.731997e+01, 1.558415e+01, 1.406005e+01, 1.274137e+01, 1.232105e+01, 1.192825e+01, 1.156045e+01, 1.121540e+01, 9.914879e+00, 8.905584e+00, 8.093851e+00, 7.421971e+00, 6.613508e+00, 5.940415e+00, 5.371658e+00, 4.885247e+00, 4.741334e+00, 4.599964e+00, 4.462224e+00, 4.328807e+00, 3.268374e+00, 2.374224e+00, 2.283788e+00, 1.975362e+00
2.890354e-91, 2.008727e-72, 7.050182e-60, 3.349576e-44, 7.393944e-35, 4.043394e-31, 1.635125e-25, 6.612350e-20, 3.615978e-16, 4.887175e-10, 5.422101e-07, 3.380993e-05, 5.295966e-04, 3.569017e-03, 1.502332e-02, 4.476809e-02, 1.058936e-01, 3.719467e+00, 1.648763e+01, 1.976040e+01, 2.281273e+01, 2.032950e+01, 1.848355e+01, 1.673074e+01, 1.516226e+01, 1.378816e+01, 1.334335e+01, 1.292718e+01, 1.253706e+01, 1.217069e+01, 1.078942e+01, 9.712734e+00, 8.843547e+00, 8.121771e+00, 7.246395e+00, 6.516070e+00, 5.897830e+00, 5.368260e+00, 5.213962e+00, 5.061819e+00, 4.913131e+00, 4.768750e+00, 3.606569e+00, 2.623028e+00, 2.525376e+00, 2.185846e+00
1.150247e-96, 9.819094e-77, 1.834669e-63, 7.048652e-47, 5.453154e-37, 4.924701e-33, 4.226472e-27, 3.627239e-21, 3.275731e-17, 1.021513e-10, 1.721494e-07, 1.379474e-05, 2.554083e-04, 1.939592e-03, 8.929594e-03, 2.852942e-02, 7.135115e-02, 3.220647e+00, 1.618401e+01, 2.022455e+01, 2.384174e+01, 2.151463e+01, 1.972531e+01, 1.796168e+01, 1.635088e+01, 1.492094e+01, 1.445048e+01, 1.400977e+01, 1.359618e+01, 1.320735e+01, 1.174111e+01, 1.059304e+01, 9.662684e+00, 8.887554e+00, 7.939847e+00, 7.147508e+00, 6.475542e+00, 5.899029e+00, 5.733704e+00, 5.570046e+00, 5.409602e+00, 5.253404e+00, 3.979759e+00, 2.897905e+00, 2.792520e+00, 2.418758e+00
4.577534e-102, 4.799787e-81, 4.774361e-67, 1.483277e-49, 4.021790e-39, 5.998100e-35, 1.092459e-28, 1.989741e-22, 2.967500e-18, 2.135159e-11, 5.465673e-08, 5.628369e-06, 1.231757e-04, 1.054077e-03, 5.307592e-03, 1.818098e-02, 4.807644e-02, 2.788724e+00, 1.588599e+01, 2.069961e+01, 2.491717e+01, 2.276886e+01, 2.105049e+01, 1.928320e+01, 1.763268e+01, 1.614680e+01, 1.564946e+01, 1.518302e+01, 1.474477e+01, 1.433231e+01, 1.277673e+01, 1.155313e+01, 1.055769e+01, 9.725540e+00, 8.699659e+00, 7.840136e+00, 7.109843e+00, 6.482276e+00, 6.305255e+00, 6.129301e+00, 5.956241e+00, 5.787315e+00, 4.391565e+00, 3.201587e+00, 3.087924e+00, 2.676488e+00
1.821679e-107, 2.346240e-85, 1.242432e-70, 3.121322e-52, 2.966136e-41, 7.305458e-37, 2.823788e-30, 1.091482e-23, 2.688272e-19, 4.462892e-12, 1.735328e-08, 2.296422e-06, 5.940387e-05, 5.728409e-04, 3.154738e-03, 1.158622e-02, 3.239393e-02, 2.414727e+00, 1.559345e+01, 2.118582e+01, 2.604111e+01, 2.409620e+01, 2.246470e+01, 2.070194e+01, 1.901496e+01, 1.747336e+01, 1.694793e+01, 1.645452e+01, 1.599040e+01, 1.555309e+01, 1.390371e+01, 1.260024e+01, 1.153560e+01, 1.064254e+01, 9.532182e+00, 8.599882e+00, 7.806277e+00, 7.123190e+00, 6.933780e+00, 6.744707e+00, 6.558119e+00, 6.375488e+00, 4.845983e+00, 3.537094e+00, 3.414576e+00, 2.961680e+00
7.249568e-113, 1.146893e-89, 3.233182e-74, 6.568328e-55, 2.187573e-43, 8.897771e-39, 7.298929e-32, 5.987384e-25, 2.435318e-20, 9.328300e-13, 5.509594e-09, 9.369593e-07, 2.864868e-05, 3.113120e-04, 1.875120e-03, 7.383566e-03, 2.182705e-02, 2.090887e+00, 1.530630e+01, 2.168345e+01, 2.721575e+01, 2.550093e+01, 2.397392e+01, 2.222506e+01, 2.050561e+01, 1.890892e+01, 1.835413e+01, 1.783250e+01, 1.734125e+01, 1.687785e+01, 1.513009e+01, 1.374225e+01, 1.260409e+01, 1.164600e+01, 1.044437e+01, 9.433252e+00, 8.570928e+00, 7.827472e+00, 7.624958e+00, 7.421903e+00, 7.220816e+00, 7.023438e+00, 5.347421e+00, 3.907760e+00, 3.775784e+00, 3.277261e+00
5.351489e-119, 1.452903e-94, 2.725074e-78, 5.915564e-58, 8.161687e-46, 5.861503e-41, 1.128113e-33, 2.171182e-26, 1.559284e-21, 1.540599e-13, 1.461387e-09, 3.302339e-07, 1.220419e-05, 1.518408e-04, 1.012309e-03, 4.313633e-03, 1.358334e-02, 1.729009e+00, 1.459031e+01, 2.167199e+01, 2.785342e+01, 2.647201e+01, 2.512379e+01, 2.344923e+01, 2.174517e+01, 2.013128e+01, 1.955732e+01, 1.901687e+01, 1.850718e+01, 1.802576e+01, 1.621025e+01, 1.476058e+01, 1.356610e+01, 1.255649e+01, 1.127735e+01, 1.019832e+01, 9.276103e+00, 8.479511e+00, 8.267035e+00, 8.052865e+00, 7.839893e+00, 7.630159e+00, 5.820378e+00, 4.259146e+00, 4.119483e+00, 3.578405e+00
3.950364e-125, 1.840562e-99, 2.296817e-82, 5.327672e-61, 3.045069e-48, 3.861328e-43, 1.743596e-35, 7.873271e-28, 9.983773e-23, 2.544348e-14, 3.876243e-10, 1.163919e-07, 5.198924e-06, 7.405957e-05, 5.465083e-04, 2.520114e-03, 8.453137e-03, 1.429763e+00, 1.390782e+01, 2.166053e+01, 2.850603e+01, 2.748007e+01, 2.632881e+01, 2.474082e+01, 2.305966e+01, 2.143266e+01, 2.083938e+01, 2.027990e+01, 1.975151e+01, 1.925175e+01, 1.736752e+01, 1.585437e+01, 1.460154e+01, 1.353817e+01, 1.217677e+01, 1.102545e+01, 1.003930e+01, 9.185865e+00, 8.963181e+00, 8.737466e+00, 8.512048e+00, 8.289291e+00, 6.335167e+00, 4.642130e+00, 4.494469e+00, 3.907222e+00
2.916081e-131, 2.331655e-104, 1.935863e-86, 4.798204e-64, 1.136095e-50, 2.543691e-45, 2.694879e-37, 2.855053e-29, 6.392404e-24, 4.202071e-15, 1.028151e-10, 4.102264e-08, 2.214716e-06, 3.612218e-05, 2.950398e-04, 1.472303e-03, 5.260529e-03, 1.182308e+00, 1.325725e+01, 2.164907e+01, 2.917393e+01, 2.852652e+01, 2.759163e+01, 2.610355e+01, 2.445361e+01, 2.281818e+01, 2.220549e+01, 2.162681e+01, 2.107950e+01, 2.056111e+01, 1.860741e+01, 1.702921e+01, 1.571600e+01, 1.459660e+01, 1.314791e+01, 1.191966e+01, 1.086528e+01, 9.951059e+00, 9.717947e+00, 9.480268e+00, 9.241830e+00, 9.005362e+00, 6.895486e+00, 5.059551e+00, 4.903589e+00, 4.266254e+00
2.152594e-137, 2.953780e-109, 1.631634e-90, 4.321356e-67, 4.238691e-53, 1.675684e-47, 4.165170e-39, 1.035317e-30, 4.092924e-25, 6.939855e-16, 2.727109e-11, 1.445855e-08, 9.434578e-07, 1.761841e-05, 1.592812e-04, 8.601499e-04, 3.273715e-03, 9.776817e-01, 1.263711e+01, 2.163762e+01, 2.985748e+01, 2.961282e+01, 2.891502e+01, 2.754135e+01, 2.593183e+01, 2.429325e+01, 2.366115e+01, 2.306318e+01, 2.249677e+01, 2.195953e+01, 1.993583e+01, 1.829111e+01, 1.691552e+01, 1.573778e+01, 1.419651e+01, 1.288639e+01, 1.175923e+01, 1.077999e+01, 1.053627e+01, 1.028622e+01, 1.003418e+01, 9.783291e+00, 7.505364e+00, 5.514508e+00, 5.349949e+00, 4.658276e+00
1.589002e-143, 3.741898e-114, 1.375216e-94, 3.891897e-70, 1.581427e-55, 1.103875e-49, 6.437632e-41, 3.754329e-32, 2.620615e-26, 1.146139e-16, 7.233495e-12, 5.095955e-09, 4.019083e-07, 8.593286e-06, 8.599008e-05, 5.025174e-04, 2.037288e-03, 8.084706e-01, 1.204598e+01, 2.162618e+01, 3.055704e+01, 3.074049e+01, 3.030189e+01, 2.905834e+01, 2.749940e+01, 2.586369e+01, 2.521223e+01, 2.459495e+01, 2.400933e+01, 2.345306e+01, 2.135908e+01, 1.964653e+01, 1.820660e+01, 1.696817e+01, 1.532873e+01, 1.393152e+01, 1.272672e+01, 1.167798e+01, 1.142350e+01, 1.116069e+01, 1.089446e+01, 1.062842e+01, 8.169182e+00, 6.010373e+00, 5.836941e+00, 5.086322e+00
2.181550e-150, 1.231756e-119, 3.764137e-99, 1.504123e-73, 2.992730e-58, 3.943639e-52, 5.965425e-43, 9.023722e-34, 1.189091e-27, 1.499618e-17, 1.607153e-12, 1.555657e-09, 1.516357e-07, 3.771711e-06, 4.227716e-05, 2.698586e-04, 1.174085e-03, 6.401634e-01, 1.118043e+01, 2.116375e+01, 3.070594e+01, 3.138491e+01, 3.126649e+01, 3.021102e+01, 2.875291e+01, 2.716223e+01, 2.650334e+01, 2.587782e+01, 2.528333e+01, 2.471768e+01, 2.259038e+01, 2.083787e+01, 1.935531e+01, 1.807350e+01, 1.635390e+01, 1.488401e+01, 1.361331e+01, 1.250474e+01, 1.224368e+01, 1.197194e+01, 1.169505e+01, 1.141710e+01, 8.793976e+00, 6.479853e+00, 6.300018e+00, 5.494695e+00
2.995061e-157, 4.054688e-125, 1.030291e-103, 5.813065e-77, 5.663516e-61, 1.408881e-54, 5.527856e-45, 2.168898e-35, 5.395445e-29, 1.962113e-18, 3.570805e-13, 4.749002e-10, 5.721056e-08, 1.655455e-06, 2.078563e-05, 1.449176e-04, 6.766230e-04, 5.068943e-01, 1.037707e+01, 2.071121e+01, 3.085557e+01, 3.204284e+01, 3.226179e+01, 3.140943e+01, 3.006356e+01, 2.852597e+01, 2.786057e+01, 2.722761e+01, 2.662494e+01, 2.605048e+01, 2.389268e+01, 2.210146e+01, 2.057648e+01, 1.925084e+01, 1.744762e+01, 1.590162e+01, 1.456165e+01, 1.339004e+01, 1.312275e+01, 1.284216e+01, 1.255447e+01, 1.226429e+01, 9.466555e+00, 6.986005e+00, 6.799834e+00, 5.935856e+00
4.111934e-164, 1.334720e-130, 2.820034e-108, 2.246607e-80, 1.071777e-63, 5.033285e-57, 5.122382e-47, 5.213056e-37, 2.448157e-30, 2.567245e-19, 7.933687e-14, 1.449742e-10, 2.158494e-08, 7.266020e-07, 1.021929e-05, 7.782271e-05, 3.899365e-04, 4.013691e-01, 9.631436e+00, 2.026835e+01, 3.100593e+01, 3.271456e+01, 3.328878e+01, 3.265538e+01, 3.143395e+01, 2.995817e+01, 2.928729e+01, 2.864781e+01, 2.803773e+01, 2.745515e+01, 2.527004e+01, 2.344168e+01, 2.187471e+01, 2.050487e+01, 1.861449e+01, 1.698881e+01, 1.557607e+01, 1.433801e+01, 1.406494e+01, 1.377563e+01, 1.347705e+01, 1.317435e+01, 1.019057e+01, 7.531693e+00, 7.339303e+00, 6.412438e+00
5.645296e-171, 4.393625e-136, 7.718784e-113, 8.682584e-84, 2.028258e-66, 1.798162e-59, 4.746650e-49, 1.252985e-38, 1.110840e-31, 3.359005e-20, 1.762723e-14, 4.425670e-11, 8.143769e-09, 3.189156e-07, 5.024330e-06, 4.179183e-05, 2.247197e-04, 3.178122e-01, 8.939378e+00, 1.983495e+01, 3.115702e+01, 3.340036e+01, 3.434847e+01, 3.395075e+01, 3.286680e+01, 3.146228e+01, 3.078708e+01, 3.014208e+01, 2.952549e+01, 2.893555e+01, 2.672681e+01, 2.486316e+01, 2.325484e+01, 2.184060e+01, 1.985940e+01, 1.815032e+01, 1.666115e+01, 1.535309e+01, 1.507477e+01, 1.477696e+01, 1.446742e+01, 1.415194e+01, 1.096997e+01, 8.120006e+00, 7.921571e+00, 6.927283e+00
7.750455e-178, 1.446291e-141, 2.112727e-117, 3.355606e-87, 3.838324e-69, 6.424007e-62, 4.398479e-51, 3.011612e-40, 5.040381e-33, 4.394950e-21, 3.916454e-15, 1.351038e-11, 3.072558e-09, 1.399764e-07, 2.470220e-06, 2.244277e-05, 1.295055e-04, 2.516501e-01, 8.297048e+00, 1.941083e+01, 3.130884e+01, 3.410054e+01, 3.544188e+01, 3.529750e+01, 3.436498e+01, 3.304191e+01, 3.236368e+01, 3.171430e+01, 3.109219e+01, 3.049579e+01, 2.826756e+01, 2.637084e+01, 2.472205e+01, 2.326333e+01, 2.118756e+01, 1.939125e+01, 1.782182e+01, 1.644004e+01, 1.615710e+01, 1.585108e+01, 1.553057e+01, 1.520208e+01, 1.180897e+01, 8.754273e+00, 8.550034e+00, 7.483465e+00
0.000000e+00, 0.000000e+00, 0.000000e+00, 0.000000e+00, 8.437467e-286, 8.631218e-257, 2.823982e-213, 9.239573e-170, 9.451742e-141, 1.684028e-92, 2.145189e-68, 5.785589e-54, 2.405761e-44, 1.686561e-37, 2.312485e-32, 2.229891e-28, 3.389897e-25, 5.149983e-11, 4.747749e-04, 7.263180e-02, 9.473469e-01, 3.616254e+00, 8.671977e+00, 1.569297e+01, 2.391096e+01, 3.257162e+01, 3.439886e+01, 3.620193e+01, 3.797774e+01, 3.972361e+01, 4.865546e+01, 5.672767e+01, 6.382315e+01, 6.991726e+01, 7.241953e+01, 7.400521e+01, 7.483521e+01, 7.505287e+01, 7.940839e+01, 8.318412e+01, 8.642713e+01, 8.918635e+01, 8.188950e+01, 6.840822e+01, 7.307352e+01, 6.857306e+01
0.000000e+00, 0.000000e+00, 0.000000e+00, 0.000000e+00, 0.000000e+00, 0.000000e+00, 0.000000e+00, 0.000000e+00, 0.000000e+00, 7.874598e-213, 1.819489e-158, 7.014545e-126, 3.701282e-104, 1.146628e-88, 4.791713e-77, 5.102700e-68, 8.398212e-61, 1.823839e-28, 2.010297e-12, 3.264099e-07, 1.387004e-04, 4.281410e-03, 4.136365e-02, 2.025220e-01, 6.509743e-01, 1.584753e+00, 1.897520e+00, 2.249182e+00, 2.641337e+00, 3.075354e+00, 5.993801e+00, 1.013317e+01, 1.545134e+01, 2.180739e+01, 2.798843e+01, 3.437068e+01, 4.075627e+01, 4.698649e+01, 5.621727e+01, 6.569137e+01, 7.526381e+01, 8.481174e+01, 1.029012e+02, 1.048947e+02, 1.300904e+02, 1.371103e+02
0.000000e+00, 0.000000e+00, 0.000000e+00, 0.000000e+00, 0.000000e+00, 0.000000e+00, 0.000000e+00, 0.000000e+00, 0.000000e+00, 0.000000e+00, 4.715590e-285, 4.751142e-227, 2.207825e-188, 8.679135e-161, 4.336381e-140, 5.306155e-124, 3.885454e-111, 2.205393e-53, 1.242756e-24, 3.476150e-15, 1.938732e-10, 1.116580e-07, 7.588637e-06, 1.496890e-04, 1.368237e-03, 7.508902e-03, 1.071838e-02, 1.500647e-02, 2.063860e-02, 2.792055e-02, 1.042666e-01, 2.965645e-01, 6.921385e-01, 1.392754e+00, 2.413206e+00, 3.832906e+00, 5.680181e+00, 7.959118e+00, 1.131145e+01, 1.540307e+01, 2.023675e+01, 2.579411e+01, 4.623100e+01, 6.227320e+01, 9.518507e+01, 1.180312e+02
0.000000e+00, 0.000000e+00, 0.000000e+00, 0.000000e+00, 0.000000e+00, 0.000000e+00, 0.000000e+00, 0.000000e+00, 0.000000e+00, 0.000000e+00, 0.000000e+00, 0.000000e+00, 6.318502e-297, 9.050664e-254, 2.120805e-221, 3.102639e-196, 4.153908e-176, 1.126684e-85, 1.387910e-40, 1.085496e-25, 3.201287e-18, 7.937124e-14, 6.625951e-11, 7.840680e-09, 2.747164e-07, 4.287256e-06, 7.671290e-06, 1.330419e-05, 2.241784e-05, 3.678160e-05, 3.169243e-04, 1.759594e-03, 7.098297e-03, 2.253680e-02, 5.743788e-02, 1.269924e-01, 2.506711e-01, 4.513758e-01, 8.004004e-01, 1.326882e+00, 2.078781e+00, 3.104468e+00, 9.188872e+00, 1.771112e+01, 3.541812e+01, 5.412894e+01
0.000000e+00, 0.000000e+00, 0.000000e+00, 0.000000e+00, 0.000000e+00, 0.000000e+00, 0.000000e+00, 0.000000e+00, 0.000000e+00, 0.000000e+00, 0.000000e+00, 0.000000e+00, 0.000000e+00, 0.000000e+00, 0.000000e+00, 1.121684e-284, 1.128354e-255, 2.673855e-125, 3.078835e-60, 1.092828e-38, 6.865914e-28, 1.690857e-21, 3.027416e-17, 3.200099e-14, 5.793401e-12, 3.243173e-10, 7.648977e-10, 1.723276e-09, 3.721894e-09, 7.730628e-09, 1.850688e-07, 2.327152e-06, 1.832523e-05, 1.015913e-04, 4.149450e-04, 1.374474e-03, 3.851420e-03, 9.423078e-03, 2.189962e-02, 4.617252e-02, 8.969954e-02, 1.625757e-01, 8.883966e-01, 2.653309e+00, 7.369114e+00, 1.454011e+01
0.000000e+00, 0.000000e+00, 0.000000e+00, 0.000000e+00, 0.000000e+00, 0.000000e+00, 0.000000e+00, 0.000000e+00, 0.000000e+00, 0.000000e+00, 0.000000e+00, 0.000000e+00, 0.000000e+00, 0.000000e+00, 0.000000e+00, 0.000000e+00, 0.000000e+00, 3.100808e-172, 1.427052e-83, 3.731197e-54, 2.011947e-39, 1.135530e-30, 7.613999e-25, 1.070524e-20, 1.349851e-17, 3.419213e-15, 1.117665e-14, 3.430477e-14, 9.935015e-14, 2.726803e-13, 2.184013e-11, 7.216614e-10, 1.252726e-08, 1.341977e-07, 9.570794e-07, 5.111893e-06, 2.167150e-05, 7.617383e-05, 2.437156e-04, 6.827130e-04, 1.710261e-03, 3.896759e-03, 4.394855e-02, 2.202440e-01, 9.018106e-01, 2.406515e+00
0.000000e+00, 0.000000e+00, 0.000000e+00, 0.000000e+00, 0.000000e+00, 0.000000e+00, 0.000000e+00, 0.000000e+00, 0.000000e+00, 0.000000e+00, 0.000000e+00, 0.000000e+00, 0.000000e+00, 0.000000e+00, 0.000000e+00, 0.000000e+00, 0.000000e+00, 1.811075e-226, 1.424431e-110, 4.452823e-72, 8.302289e-53, 2.477746e-41, 1.086398e-33, 3.025318e-28, 3.581455e-24, 5.178045e-21, 2.466672e-20, 1.081698e-19, 4.394664e-19, 1.663666e-18, 5.368346e-16, 5.408251e-14, 2.337182e-12, 5.353968e-11, 7.264225e-10, 6.733363e-09, 4.602852e-08, 2.457513e-07, 1.137015e-06, 4.420939e-06, 1.485058e-05, 4.406047e-05, 1.146552e-03, 1.044030e-02, 6.690278e-02, 2.529359e-01
0.000000e+00, 0.000000e+00, 0.000000e+00, 0.000000e+00, 0.000000e+00, 0.000000e+00, 0.000000e+00, 0.000000e+00, 0.000000e+00, 0.000000e+00, 0.000000e+00, 0.000000e+00, 0.000000e+00, 0.000000e+00, 0.000000e+00, 0.000000e+00, 0.000000e+00, 5.432373e-288, 3.122150e-141, 1.893983e-92, 4.919311e-68, 1.791196e-53, 8.967310e-44, 7.364603e-37, 1.103358e-31, 1.148553e-27, 8.384258e-27, 5.508983e-26, 3.284711e-25, 1.790250e-24, 2.802531e-21, 9.987499e-19, 1.213446e-16, 6.578254e-15, 1.850018e-13, 3.202942e-12, 3.762677e-11, 3.226446e-10, 2.267496e-09, 1.278423e-08, 5.988188e-08, 2.396371e-07, 1.608482e-05, 2.881884e-04, 3.068057e-03, 1.721454e-02
