CMS_EXO26004_Background_rpf_2x0_par0: 0.0007732560680029992 +/- 0.00017887123023076792
CMS_EXO26004_Background_rpf_2x0_par1: 0.008639373435806286 +/- 0.010852462218922812
