CMS_AN23122_Background_rpf_2x0_par0: 0.060718199814691724 +/- 0.015420215830900948
CMS_AN23122_Background_rpf_2x0_par1: 0.640603350897111 +/- 1.2579552010812476
CMS_AN23122_Background_rpf_2x0_par3: 0.08209277657802577 +/- 0.0
