CMS_EXO26004_Background_rpf_2x0_par0: 0.0008966535100498154 +/- 0.0003483404912884438
CMS_EXO26004_Background_rpf_2x0_par1: 3.6584646404447425e-09 +/- 0.02290648736937443
CMS_EXO26004_Background_rpf_2x0_par2: 0.1464217583253807 +/- 0.231333980126729
