CMS_EXO26004_Background_rpf_2x0_par0: 0.6195950712131926 +/- 0.0
CMS_EXO26004_Background_rpf_2x0_par3: 0.0014880562092665372 +/- 0.0001536790774680769
