CMS_AN23122_Background_rpf_2x0_par0: 0.9973451595490718 +/- 0.6513929493689379
CMS_AN23122_Background_rpf_2x0_par3: 0.003127986092732976 +/- 0.002143525269770336
