CMS_EXO26004_Background_rpf_2x0_par0: 0.022999240536896302 +/- 0.010647047961894383
CMS_EXO26004_Background_rpf_2x0_par1: 0.5048168940819436 +/- 0.8937480093732358
CMS_EXO26004_Background_rpf_2x0_par2: -6.035676762962232e-09 +/- 0.0
CMS_EXO26004_Background_rpf_2x0_par3: 0.030655257944267704 +/- 0.0
