CMS_AN23122_Background_rpf_2x0_par0: 0.07592343117794674 +/- 0.9198337520088157
CMS_AN23122_Background_rpf_2x0_par1: 0.5514556115497014 +/- 8.445300086530237
CMS_AN23122_Background_rpf_2x0_par3: 0.015663950146766865 +/- 0.19328237041181404
