Background_rpf_1x0_par0: 0.046988026597375145 +/- 0.0006158280219686529
Background_rpf_1x0_par1: 0.1478755253547678 +/- 0.023322042759280265
