Background_rpf_1x0_par0: 0.0351470233055039 +/- 0.0012859319460267456
Background_rpf_1x0_par1: 0.6679278922315764 +/- 0.04311908314854052
