Background_rpf_1x0_par0: 0.03514520574970341 +/- 0.0012468264201275913
Background_rpf_1x0_par1: 0.6679615374018557 +/- 0.039250375214867066
