Background_rpf_1x0_par0: 0.047229980441615645 +/- 0.0005999326870481471
Background_rpf_1x0_par1: 0.09845126118106322 +/- 0.02186541080367461
