Background_rpf_1x0_par0: 0.031208501680812146 +/- 0.001225486000659698
Background_rpf_1x0_par1: 0.4606859743707204 +/- 0.039709004847127936
