Background_rpf_1x0_par0: 0.05632162161452039 +/- 0.0006623299714047437
Background_rpf_1x0_par1: 0.26506149530921896 +/- 0.02408204584572648
