Background_rpf_1x0_par0: 0.05750172614885703 +/- 0.0006565773485794268
Background_rpf_1x0_par1: 0.14686585392303114 +/- 0.023834629924202492
