Background_rpf_1x0_par0: 0.05655330472101364 +/- 0.0006537611358784182
Background_rpf_1x0_par1: 0.2171527964765502 +/- 0.02372383845228926
