Background_rpf_1x0_par0: 0.023905744782515226 +/- 0.0011591409522162764
Background_rpf_1x0_par1: 0.5488142169162734 +/- 0.038210871230443026
