Background_rpf_1x0_par0: 0.031206131482890007 +/- 0.0012740815754060317
Background_rpf_1x0_par1: 0.4607244946600593 +/- 0.04411262409738023
