CMS_EXO26004_Background_rpf_2x0_par0: 0.0009461262307201618 +/- 0.0001942996064239815
CMS_EXO26004_Background_rpf_2x0_par1: 0.00050374772417819 +/- 0.007082417338441422
CMS_EXO26004_Background_rpf_2x0_par2: 0.04582066260175492 +/- 0.0
