CMS_EXO26004_Background_rpf_2x0_par0: 0.02337398954069412 +/- 0.004023524948541186
CMS_EXO26004_Background_rpf_2x0_par1: 0.5043756154381788 +/- 0.0
CMS_EXO26004_Background_rpf_2x0_par2: -1.1568437180420332e-16 +/- 0.0
CMS_EXO26004_Background_rpf_2x0_par3: 0.030305039495110406 +/- 0.0
