CMS_AN23122_Background_rpf_2x0_par0: 0.571211105044815 +/- 2.5220306451203247
CMS_AN23122_Background_rpf_2x0_par3: 0.005693684760986765 +/- 0.024818184383026125
