CMS_EXO26004_Background_rpf_2x0_par0: 0.06466323358912261 +/- 0.016248726033222735
CMS_EXO26004_Background_rpf_2x0_par1: 0.5145211953484886 +/- 1.5131871293594918
CMS_EXO26004_Background_rpf_2x0_par2: -4.005152597554788e-05 +/- 0.0
CMS_EXO26004_Background_rpf_2x0_par3: 0.01241708729343477 +/- 0.0
