CMS_EXO26004_Background_rpf_2x0_par0: 0.0008968904166370192 +/- 0.0001195991683775184
CMS_EXO26004_Background_rpf_2x0_par1: 2.6102994154467585e-08 +/- 0.0
CMS_EXO26004_Background_rpf_2x0_par2: 0.1106784860085542 +/- 0.08652447441207865
