CMS_AN23122_Background_rpf_2x0_par0: 0.17985069434929807 +/- 0.39295840854920894
CMS_AN23122_Background_rpf_2x0_par3: 0.01746255764068058 +/- 0.035615298091991536
