CMS_AN23122_Background_rpf_2x0_par0: 0.1651162876891869 +/- 0.3662227022888984
CMS_AN23122_Background_rpf_2x0_par3: 0.019151087217147273 +/- 0.039030382553616794
