CMS_AN23122_Background_rpf_2x0_par0: 0.08797767697956509 +/- 0.22993888127957118
CMS_AN23122_Background_rpf_2x0_par1: 0.5525700693709829 +/- 2.238356833863151
CMS_AN23122_Background_rpf_2x0_par3: 0.013524073317759205 +/- 0.03573699622272449
