CMS_AN23122_Background_rpf_2x0_par0: 0.075068432039797 +/- 0.014382648570800571
CMS_AN23122_Background_rpf_2x0_par1: 0.553631174264411 +/- 1.1580938909651768
CMS_AN23122_Background_rpf_2x0_par3: 0.015831929539343596 +/- 0.0
