CMS_EXO26004_Background_rpf_2x0_par0: 0.0008959965587911826 +/- 0.0003107674886887619
CMS_EXO26004_Background_rpf_2x0_par1: 1.934617376101724e-08 +/- 0.01995280212799988
CMS_EXO26004_Background_rpf_2x0_par2: 0.14708614391369149 +/- 0.19085117352956188
