CMS_EXO26004_Background_rpf_1x0_par0: 0.08901067554570509 +/- 0.0015756558514586744
CMS_EXO26004_Background_rpf_1x0_par1: 1.1081570593674057 +/- 0.041851968989207955
