CMS_EXO26004_Background_rpf_1x0_par0: 0.0890095644832205 +/- 0.0015318025537356642
CMS_EXO26004_Background_rpf_1x0_par1: 1.108167781583797 +/- 0.03877112387109175
