CMS_AN23122_Background_rpf_1x0_par0: 0.1739981307857593 +/- 0.004722919545383846
CMS_AN23122_Background_rpf_1x0_par1: 0.1 +/- 0.05803850190570178
