CMS_AN23122_Background_rpf_2x0_par0: 10.795572213221831 +/- 1.5418050537916295
CMS_AN23122_Background_rpf_2x0_par1: 50.00000527280025 +/- 0.0
CMS_AN23122_Background_rpf_2x0_par3: 0.0004540821346009046 +/- 0.0
