CMS_AN23122_Background_rpf_2x0_par0: 0.054545361481466874 +/- 0.0214874610935066
CMS_AN23122_Background_rpf_2x0_par1: 0.5138912063662182 +/- 1.8985485360361134
CMS_AN23122_Background_rpf_2x0_par2: -7.179496755093523e-05 +/- 22.433162521310745
CMS_AN23122_Background_rpf_2x0_par3: 0.014140614613280877 +/- 0.0
