CMS_AN23122_Background_rpf_2x0_par0: 10.722693556658134 +/- 3.108435763135478
CMS_AN23122_Background_rpf_2x0_par1: 50.00000290883791 +/- 128.73205572491523
CMS_AN23122_Background_rpf_2x0_par3: 0.0004569992696344553 +/- 0.0
