CMS_AN23122_Background_rpf_2x0_par0: 0.2567192721068197 +/- 0.0041891865668218075
CMS_AN23122_Background_rpf_2x0_par1: 8.43780708538766 +/- 0.25596480308245045
CMS_AN23122_Background_rpf_2x0_par2: -8.615598647187703 +/- 0.36632866170756423
CMS_AN23122_Background_rpf_2x0_par3: 0.3302086882726506 +/- 0.0
