CMS_AN23122_Background_rpf_2x0_par0: 0.29631418704050416 +/- 0.005004035255242125
CMS_AN23122_Background_rpf_2x0_par1: 9.726302363990815 +/- 0.32248206463027834
CMS_AN23122_Background_rpf_2x0_par2: -9.995457728274006 +/- 0.49023140555540085
CMS_AN23122_Background_rpf_2x0_par3: 0.2873421076315448 +/- 0.0
