CMS_AN23122_Background_rpf_2x0_par0: 0.2599650995588658 +/- 0.0043325680477529546
CMS_AN23122_Background_rpf_2x0_par1: 8.54497309332945 +/- 0.2742465498403123
CMS_AN23122_Background_rpf_2x0_par2: -8.725188475169615 +/- 0.3795970019058744
CMS_AN23122_Background_rpf_2x0_par3: 0.3260813642088761 +/- 0.0
