CMS_AN23122_Background_rpf_2x0_par0: 0.29595964009251435 +/- 0.005123610498232759
CMS_AN23122_Background_rpf_2x0_par1: 9.711651642941645 +/- 0.3416676902024138
CMS_AN23122_Background_rpf_2x0_par2: -9.979706882548708 +/- 0.5025916223277935
CMS_AN23122_Background_rpf_2x0_par3: 0.2877180529818274 +/- 0.0
