CMS_AN23122_Background_rpf_2x0_par0: 0.0862016996967537 +/- 0.03329862626547067
CMS_AN23122_Background_rpf_2x0_par1: 0.5007354197073538 +/- 2.9333609528503968
CMS_AN23122_Background_rpf_2x0_par2: -7.776408090575358e-06 +/- 30.94103301292901
CMS_AN23122_Background_rpf_2x0_par3: 0.009180210481897225 +/- 0.0
