CMS_EXO26004_Background_rpf_2x0_par0: 0.7973898033307917 +/- 0.10938954783927633
CMS_EXO26004_Background_rpf_2x0_par3: 0.001158398961831984 +/- 0.0
