CMS_EXO26004_Background_rpf_2x0_par0: 0.05773818758669622 +/- 0.012226800760005426
CMS_EXO26004_Background_rpf_2x0_par1: 0.9999999319331228 +/- 0.1791333450321788
CMS_EXO26004_Background_rpf_2x0_par2: -0.9075224887397723 +/- 0.0
CMS_EXO26004_Background_rpf_2x0_par3: 1.4747127089793475 +/- 0.30079675219786817
