CMS_AN23122_Background_rpf_2x0_par0: 0.07594368430735919 +/- 0.7432563693942765
CMS_AN23122_Background_rpf_2x0_par1: 0.5532302143437529 +/- 6.688709377241522
CMS_AN23122_Background_rpf_2x0_par3: 0.015648364007918338 +/- 0.15538349560357384
