Background_rpf_2x0_par0: 2.181292889539879 +/- 0.07366136374229262
Background_rpf_2x0_par1: 50.00155027620902 +/- 3.846699471785916
Background_rpf_2x0_par2: -37.77486386824408 +/- 9.126196144928281
Background_rpf_2x0_par3: 0.012895799648102085 +/- 0.0
