CMS_EXO26004_Background_rpf_2x0_par0: 0.0007913240779639516 +/- 0.00017233966855860475
CMS_EXO26004_Background_rpf_2x0_par1: 0.00870202756902766 +/- 0.008922664134256082
