CMS_EXO26004_Background_rpf_2x0_par0: 0.024082100911688983 +/- 0.016219656006480506
CMS_EXO26004_Background_rpf_2x0_par1: 0.5041299079860291 +/- 1.0357534986662058
CMS_EXO26004_Background_rpf_2x0_par2: -5.75811881471178e-07 +/- 0.0
CMS_EXO26004_Background_rpf_2x0_par3: 0.029710318255855 +/- 0.0
