CMS_EXO26004_Background_rpf_2x0_par0: 0.0006991446189803571 +/- 0.00015231254378159925
CMS_EXO26004_Background_rpf_2x0_par1: 0.014545365541069097 +/- 0.011535677662301026
CMS_EXO26004_Background_rpf_2x0_par2: -6.062995986226295e-05 +/- 5.503984170354898
