CMS_EXO26004_Background_rpf_2x0_par0: 0.0007953872629557681 +/- 0.00022522350051311948
CMS_EXO26004_Background_rpf_2x0_par1: 0.009211877623628196 +/- 0.009225069679528687
CMS_EXO26004_Background_rpf_2x0_par2: -6.141375597989269e-06 +/- 6.867807092941162
