CMS_EXO26004_Background_rpf_2x0_par0: 0.024455800416027122 +/- 0.0826577020808964
CMS_EXO26004_Background_rpf_2x0_par1: 0.5002077985181876 +/- 0.0
CMS_EXO26004_Background_rpf_2x0_par3: 0.023475166296359824 +/- 0.055958513842589895
