CMS_EXO26004_Background_rpf_2x0_par0: 0.08171822098083903 +/- 0.030722711559720988
CMS_EXO26004_Background_rpf_2x0_par1: 0.9999998999441587 +/- 0.0
CMS_EXO26004_Background_rpf_2x0_par2: -1.966289876371985e-07 +/- 3.918243283145192
CMS_EXO26004_Background_rpf_2x0_par3: 2.0 +/- 0.5721845849499513
