CMS_EXO26004_Background_rpf_2x0_par0: 0.00070331578001425 +/- 0.00015416284091134732
CMS_EXO26004_Background_rpf_2x0_par1: 0.013889474691326783 +/- 0.01201046637316058
CMS_EXO26004_Background_rpf_2x0_par2: -5.528944373746065e-07 +/- 5.894763070586205
