CMS_AN23122_Background_rpf_2x0_par0: 0.8650810441046819 +/- 3.018117139551919
CMS_AN23122_Background_rpf_2x0_par3: 0.0010648088197457643 +/- 0.003705506990040463
