Background_rpf_expo_par0: -0.9999999999934821 +/- 0.4103604430035441
Background_rpf_expo_par1: -5.540981325329427 +/- 0.01887685054749361
