Background_rpf_expo_par0: -0.9999999999985564 +/- 0.433927265618363
Background_rpf_expo_par1: -5.54101360030462 +/- 0.019040095634417914
