Background_rpf_expo_par0: -0.9999999996865371 +/- 0.3880270497795055
Background_rpf_expo_par1: -5.158380294505666 +/- 0.031497931046830456
