Background_rpf_expo_par0: -0.9999999999996014 +/- 0.3865240680931765
Background_rpf_expo_par1: -5.158333285197677 +/- 0.03147772945295046
