Background_rpf_2x0_par0: 1.9487698146580825 +/- 0.08606842336416597
Background_rpf_2x0_par1: 62.5619865138981 +/- 9.564231473354319
Background_rpf_2x0_par2: -49.999995872575994 +/- 162.97004173833292
Background_rpf_2x0_par3: 0.04680139588087749 +/- 0.0
