CMS_EXO26004_Background_rpf_2x0_par0: 0.057358554198521365 +/- 0.01080353893663157
CMS_EXO26004_Background_rpf_2x0_par1: 0.5077035355911894 +/- 0.5658737628528697
CMS_EXO26004_Background_rpf_2x0_par2: -3.0994261400344304e-05 +/- 0.0
CMS_EXO26004_Background_rpf_2x0_par3: 0.013898424033764501 +/- 0.0
