Background_rpf_1x0_par0: 0.04628249132620391 +/- 0.002073776269653316
Background_rpf_1x0_par1: 0.43352813988198613 +/- 0.05449015703337948
