Background_rpf_1x0_par0: 0.04628417008380082 +/- 0.002073831512798437
Background_rpf_1x0_par1: 0.4335243390539885 +/- 0.0544907769403109
