CMS_EXO26004_Background_rpf_2x0_par0: 0.04871277492614862 +/- 0.008977533578605253
CMS_EXO26004_Background_rpf_2x0_par1: 0.5003935832274422 +/- 0.33067089496644225
CMS_EXO26004_Background_rpf_2x0_par2: -5.650024742251489e-07 +/- 0.0
CMS_EXO26004_Background_rpf_2x0_par3: 0.016285832710670422 +/- 0.0
