CMS_EXO26004_Background_rpf_2x0_par0: 0.057322085703787336 +/- 0.010361994842878851
CMS_EXO26004_Background_rpf_2x0_par1: 0.99256307495352 +/- 0.17218925450448389
CMS_EXO26004_Background_rpf_2x0_par2: -0.9006369679572048 +/- 0.16292390682355648
CMS_EXO26004_Background_rpf_2x0_par3: 1.4855270857049376 +/- 0.26321634909057484
