CMS_EXO26004_Background_rpf_2x0_par0: 0.057559269333029565 +/- 0.010385671222987334
CMS_EXO26004_Background_rpf_2x0_par1: 0.9947936632532489 +/- 0.1732742844678305
CMS_EXO26004_Background_rpf_2x0_par2: -0.9052730585652298 +/- 0.16500274891291777
CMS_EXO26004_Background_rpf_2x0_par3: 1.4800922933311418 +/- 0.2623670254219118
