CMS_AN23122_Background_rpf_2x0_par0: 0.07689774830884508 +/- 0.014729744200755828
CMS_AN23122_Background_rpf_2x0_par1: 0.553323863759126 +/- 1.1869742613243204
CMS_AN23122_Background_rpf_2x0_par3: 0.015467772101325106 +/- 0.0
