CMS_EXO26004_Background_rpf_2x0_par0: 0.0007107689578428646 +/- 0.00018260502134113816
CMS_EXO26004_Background_rpf_2x0_par1: 0.015171410839057896 +/- 0.008684668225339578
CMS_EXO26004_Background_rpf_2x0_par2: -8.152493746760043e-09 +/- 4.448351706106014
