CMS_EXO26004_Background_rpf_2x0_par0: 0.049549487396007307 +/- 0.009154991143320516
CMS_EXO26004_Background_rpf_2x0_par1: 0.5052488029130736 +/- 0.3461658404630704
CMS_EXO26004_Background_rpf_2x0_par2: -7.673448942159523e-06 +/- 0.0
CMS_EXO26004_Background_rpf_2x0_par3: 0.016015610422564216 +/- 0.0
