Background_rpf_2x0_par0: 1.948687642271294 +/- 0.0861762718520424
Background_rpf_2x0_par1: 62.559403283007576 +/- 9.578040566748218
Background_rpf_2x0_par2: -49.99999799414784 +/- 163.19277603664358
Background_rpf_2x0_par3: 0.046803358444191964 +/- 0.0
