CMS_EXO26004_Background_rpf_2x0_par0: 0.0007199966157215765 +/- 0.00016228894831198885
CMS_EXO26004_Background_rpf_2x0_par1: 0.012531821156461427 +/- 0.012638157496082362
CMS_EXO26004_Background_rpf_2x0_par2: -0.0013397325678396884 +/- 6.779503046822278
