CMS_AN23122_Background_rpf_2x0_par0: 0.06377491166720302 +/- 0.7648814631741577
CMS_AN23122_Background_rpf_2x0_par1: 0.5791692917657864 +/- 8.915101877104176
CMS_AN23122_Background_rpf_2x0_par3: 0.0782734311803079 +/- 0.9604067305797002
