CMS_AN23122_Background_rpf_2x0_par0: 0.06722681567777362 +/- 0.018676253081515187
CMS_AN23122_Background_rpf_2x0_par1: 0.5941729055246794 +/- 1.5736829077037235
CMS_AN23122_Background_rpf_2x0_par3: 0.06845901338061842 +/- 0.0
