CMS_AN23122_Background_rpf_2x0_par0: 0.06720787467213622 +/- 0.01864496538352162
CMS_AN23122_Background_rpf_2x0_par1: 0.5978372242985482 +/- 1.576377296805906
CMS_AN23122_Background_rpf_2x0_par3: 0.06844797950285882 +/- 0.0
