CMS_EXO26004_Background_rpf_2x0_par0: 0.08173145549053047 +/- 0.025607006815096287
CMS_EXO26004_Background_rpf_2x0_par1: 0.9999998720521623 +/- 0.0
CMS_EXO26004_Background_rpf_2x0_par2: -1.4643380047722407e-07 +/- 2.5262675328203708
CMS_EXO26004_Background_rpf_2x0_par3: 2.0 +/- 0.48373357082828317
