CMS_EXO26004_Background_rpf_2x0_par0: 0.05284653079539947 +/- 0.012248365614691751
CMS_EXO26004_Background_rpf_2x0_par1: 0.5261917967519784 +/- 0.9022846889590568
CMS_EXO26004_Background_rpf_2x0_par2: -1.0608881474627792 +/- 0.0
CMS_EXO26004_Background_rpf_2x0_par3: 0.014861923647038788 +/- 0.0
