CMS_AN23122_Background_rpf_2x0_par0: 0.06715306945125225 +/- 0.018482519954975983
CMS_AN23122_Background_rpf_2x0_par1: 0.6078034753045451 +/- 1.516570942114606
CMS_AN23122_Background_rpf_2x0_par3: 0.0684457489954237 +/- 0.0
