CMS_AN23122_Background_rpf_2x0_par0: 0.1572092132488537 +/- 0.25485446627521535
CMS_AN23122_Background_rpf_2x0_par3: 0.019832379882049445 +/- 0.0286463759427673
