CMS_EXO26004_Background_rpf_2x0_par0: 0.320903552520341 +/- 7.037272320900492
CMS_EXO26004_Background_rpf_2x0_par3: 0.0028925308756380585 +/- 0.06141205627579623
