CMS_AN23122_Background_rpf_2x0_par0: 0.05342941522952536 +/- 0.019897612557933243
CMS_AN23122_Background_rpf_2x0_par1: 0.5044452191812678 +/- 1.7428027128440997
CMS_AN23122_Background_rpf_2x0_par2: -8.516310851158695e-06 +/- 20.61660376772426
CMS_AN23122_Background_rpf_2x0_par3: 0.014435960060186102 +/- 0.0
