CMS_AN23122_Background_rpf_2x0_par0: 0.07378618479478137 +/- 0.019607971416090973
CMS_AN23122_Background_rpf_2x0_par1: 0.5050328730859062 +/- 0.6629902893320202
CMS_AN23122_Background_rpf_2x0_par2: -5.2917235228211673e-05 +/- 0.0
CMS_AN23122_Background_rpf_2x0_par3: 0.04211208113090401 +/- 0.0
