CMS_AN23122_Background_rpf_2x0_par0: 0.07631004895350764 +/- 0.014567183700302114
CMS_AN23122_Background_rpf_2x0_par1: 0.5530904517623504 +/- 1.1727128072007524
CMS_AN23122_Background_rpf_2x0_par3: 0.015581737721625443 +/- 0.0
