CMS_EXO26004_Background_rpf_2x0_par0: 0.0007129312429315863 +/- 0.00017803459905036407
CMS_EXO26004_Background_rpf_2x0_par1: 0.015057641746611073 +/- 0.008369852179437646
CMS_EXO26004_Background_rpf_2x0_par2: -1.3954873953278286e-08 +/- 3.8461193487835397
