CMS_EXO26004_Background_rpf_2x0_par0: 0.0007147585930800085 +/- 0.00035703872284932164
CMS_EXO26004_Background_rpf_2x0_par1: 0.015157715849234447 +/- 0.013634535187920072
CMS_EXO26004_Background_rpf_2x0_par2: -8.648397756998768e-08 +/- 8.046121951335065
