CMS_EXO26004_Background_rpf_2x0_par0: 0.08378066725395839 +/- 0.012599205781795061
CMS_EXO26004_Background_rpf_2x0_par1: 0.5002182441027845 +/- 0.13576956655132064
CMS_EXO26004_Background_rpf_2x0_par2: -0.17861951345809177 +/- 0.1948077979091781
CMS_EXO26004_Background_rpf_2x0_par3: 0.0014489416171917385 +/- 0.0
