CMS_AN23122_Background_rpf_2x0_par0: 0.10111260348021686 +/- 0.02676214635483171
CMS_AN23122_Background_rpf_2x0_par1: 0.5312166325879921 +/- 0.9193733970161604
CMS_AN23122_Background_rpf_2x0_par3: 0.03111242135395394 +/- 0.0
