CMS_AN23122_Background_rpf_1x0_par0: 0.002500067385622406 +/- 1.4273385980633142e-05
CMS_AN23122_Background_rpf_1x0_par1: -0.09999898596281068 +/- 0.0
