CMS_AN23122_Background_rpf_1x0_par0: 1.5172038147477456e-05 +/- 0.0
CMS_AN23122_Background_rpf_1x0_par1: -0.0999999919033298 +/- 0.0
