CMS_EXO26004_Background_rpf_2x0_par0: 0.08395283178636523 +/- 0.012651755497413266
CMS_EXO26004_Background_rpf_2x0_par1: 0.5001387875043244 +/- 0.1364930429991994
CMS_EXO26004_Background_rpf_2x0_par2: -0.17806330756366984 +/- 0.1958021728440551
CMS_EXO26004_Background_rpf_2x0_par3: 0.00144745981262626 +/- 0.0
