CMS_EXO26004_Background_rpf_2x0_par0: 0.0007818627764263342 +/- 0.00016322730300535738
CMS_EXO26004_Background_rpf_2x0_par1: 0.009881055049210155 +/- 0.007606600871522562
