CMS_AN23122_Background_rpf_1x0_par0: 0.04482399633690213 +/- 0.00465964164763074
CMS_AN23122_Background_rpf_1x0_par1: -2.5198883850263964 +/- 0.0
