CMS_AN23122_Background_rpf_1x0_par0: 0.012429746760934075 +/- 0.0059338923583997965
CMS_AN23122_Background_rpf_1x0_par1: 0.040875411378814744 +/- 0.12635962391593544
