CMS_AN23122_Background_rpf_2x0_par0: 0.08230276092771066 +/- 0.032792315763342704
CMS_AN23122_Background_rpf_2x0_par1: 0.5194353006424709 +/- 3.254334867724168
CMS_AN23122_Background_rpf_2x0_par2: -0.0002498891582896737 +/- 29.757560769158804
CMS_AN23122_Background_rpf_2x0_par3: 0.009474798804017434 +/- 0.0
