CMS_EXO26004_Background_rpf_2x0_par0: 0.027991421109628628 +/- 0.00618450955727167
CMS_EXO26004_Background_rpf_2x0_par1: 0.5024290238808414 +/- 0.22529298719901955
CMS_EXO26004_Background_rpf_2x0_par2: -1.0776361883792565e-08 +/- 0.0
CMS_EXO26004_Background_rpf_2x0_par3: 0.026301764095982557 +/- 0.0
