CMS_EXO26004_Background_rpf_2x0_par0: 0.0008948203648528972 +/- 0.0005421281416799074
CMS_EXO26004_Background_rpf_2x0_par1: 1.0749196522577727e-08 +/- 0.036466276647548895
CMS_EXO26004_Background_rpf_2x0_par2: 0.13407758168501577 +/- 0.4716289445262336
