CMS_AN23122_Background_rpf_2x0_par0: 0.07661282660992944 +/- 0.6099871015980111
CMS_AN23122_Background_rpf_2x0_par1: 0.5530213366398478 +/- 5.6687653463036805
CMS_AN23122_Background_rpf_2x0_par3: 0.015518227679984408 +/- 0.12588102217181765
