CMS_EXO26004_Background_rpf_2x0_par0: 0.022874972461981745 +/- 0.01203323950160764
CMS_EXO26004_Background_rpf_2x0_par1: 0.5047787327221418 +/- 1.1578416353502046
CMS_EXO26004_Background_rpf_2x0_par2: -6.529184744946681e-13 +/- 0.0
CMS_EXO26004_Background_rpf_2x0_par3: 0.030756548439477432 +/- 0.0
