CMS_EXO26004_Background_rpf_2x0_par0: 0.0009183568135175105 +/- 0.0001851394028683961
CMS_EXO26004_Background_rpf_2x0_par1: 0.0037927376102797187 +/- 0.006694176108905014
