CMS_AN23122_Background_rpf_2x0_par0: 0.0742037210316259 +/- 0.019773829443624942
CMS_AN23122_Background_rpf_2x0_par1: 0.5051503763868661 +/- 0.6700000911723898
CMS_AN23122_Background_rpf_2x0_par2: -0.00013495375309059763 +/- 0.0
CMS_AN23122_Background_rpf_2x0_par3: 0.04187413569673745 +/- 0.0
