CMS_EXO26004_Background_rpf_2x0_par0: 0.5110271097474529 +/- 0.05345959225328278
CMS_EXO26004_Background_rpf_2x0_par3: 0.0018011172943817955 +/- 0.0
