Background_rpf_2x0_par0: 1.9249996390312278 +/- 0.09739555061551543
Background_rpf_2x0_par1: 61.88513617029077 +/- 13.00767990308769
Background_rpf_2x0_par2: -49.996219562163304 +/- 0.0
Background_rpf_2x0_par3: 0.04736208853947556 +/- 0.0
