Background_rpf_2x0_par0: 1.006561400466732 +/- 0.17699668834884658
Background_rpf_2x0_par1: 50.7329913533859 +/- 10.284992867920268
Background_rpf_2x0_par2: -49.99846307629978 +/- 0.0
Background_rpf_2x0_par3: 0.06023117194139649 +/- 0.0
