Background_rpf_2x0_par0: 1.9250008605468814 +/- 0.09746217645559452
Background_rpf_2x0_par1: 61.88516560862231 +/- 13.015817033084378
Background_rpf_2x0_par2: -49.99621768850606 +/- 0.0
Background_rpf_2x0_par3: 0.0473620585220222 +/- 0.0
