Background_rpf_2x0_par0: 1.0065623347885273 +/- 0.17683661062495862
Background_rpf_2x0_par1: 50.73312465575922 +/- 10.277187123777052
Background_rpf_2x0_par2: -49.998461707314235 +/- 0.0
Background_rpf_2x0_par3: 0.06023104440291204 +/- 0.0
