Background_rpf_2x0_par0: 1.0074699597524583 +/- 1.905104151180427
Background_rpf_2x0_par1: 50.6697854290289 +/- 99.29314865474754
Background_rpf_2x0_par2: -49.99999857161052 +/- 0.0
Background_rpf_2x0_par3: 0.06024856222152605 +/- 0.1157864696343249
