Background_rpf_2x0_par0: 1.0065943287298356 +/- 0.15989470086622612
Background_rpf_2x0_par1: 50.732246611195706 +/- 10.58138110527235
Background_rpf_2x0_par2: -49.99862982105793 +/- 136.65358640917444
Background_rpf_2x0_par3: 0.06023084924938411 +/- 0.0
