CMS_AN23122_Background_rpf_2x0_par0: 0.1403217102636414 +/- 0.017675021035292917
CMS_AN23122_Background_rpf_2x0_par1: 0.708692682860743 +/- 0.1770909716557369
CMS_AN23122_Background_rpf_2x0_par2: -0.16076201894784628 +/- 0.2598179914873191
CMS_AN23122_Background_rpf_2x0_par3: 0.0008352582548680631 +/- 0.0
