CMS_AN23122_Background_rpf_2x0_par0: 0.11786175456330714 +/- 0.014869665725126914
CMS_AN23122_Background_rpf_2x0_par1: 0.5952542400944261 +/- 0.14910657490997076
CMS_AN23122_Background_rpf_2x0_par2: -0.12883228687074305 +/- 0.2187662471738227
CMS_AN23122_Background_rpf_2x0_par3: 0.0009945269977204522 +/- 0.0
