CMS_EXO26004_Background_rpf_2x0_par0: 0.18231636974660648 +/- 13.18847927762369
CMS_EXO26004_Background_rpf_2x0_par1: 0.5017655782516559 +/- 49.37161732921119
CMS_EXO26004_Background_rpf_2x0_par3: 0.004984481988061398 +/- 0.367508701524169
