CMS_AN23122_Background_rpf_2x0_par0: 10.783570614854245 +/- 3.9837817790108074
CMS_AN23122_Background_rpf_2x0_par1: 50.00020860946551 +/- 189.098773087154
CMS_AN23122_Background_rpf_2x0_par3: 0.0004544185906740274 +/- 0.0
