CMS_AN23122_Background_rpf_2x0_par0: 12.064621876967603 +/- 1.5594348234822213
CMS_AN23122_Background_rpf_2x0_par1: 50.06902652572014 +/- 0.0
CMS_AN23122_Background_rpf_2x0_par3: 0.00012182538137529066 +/- 0.0
