CMS_AN23122_Background_rpf_2x0_par0: 0.07523738013306054 +/- 0.31148631014936773
CMS_AN23122_Background_rpf_2x0_par1: 0.5509039056229406 +/- 2.9671662160086973
CMS_AN23122_Background_rpf_2x0_par3: 0.015804002804708246 +/- 0.06633165339967052
