CMS_EXO26004_Background_rpf_2x0_par0: 0.0009004696038109822 +/- 0.00018202463932100573
CMS_EXO26004_Background_rpf_2x0_par1: 0.005864866053955669 +/- 0.006171356530319385
