CMS_AN23122_Background_rpf_2x0_par0: 0.067499799381429 +/- 0.024936489632025827
CMS_AN23122_Background_rpf_2x0_par1: 0.5144524806108848 +/- 2.202818893249419
CMS_AN23122_Background_rpf_2x0_par2: -1.3001101315164056e-07 +/- 23.70621314966441
CMS_AN23122_Background_rpf_2x0_par3: 0.011574790769510039 +/- 0.0
