CMS_EXO26004_Background_rpf_2x0_par0: 0.0007061328579029212 +/- 0.00015613965050294507
CMS_EXO26004_Background_rpf_2x0_par1: 0.013830311161403373 +/- 0.011924597466072615
CMS_EXO26004_Background_rpf_2x0_par2: -8.271457816214208e-06 +/- 5.887888224294981
