CMS_EXO26004_Background_rpf_2x0_par0: 0.0817308664933382 +/- 0.0244929643769456
CMS_EXO26004_Background_rpf_2x0_par1: 0.9999995744458299 +/- 0.0
CMS_EXO26004_Background_rpf_2x0_par2: -1.462917807159951e-06 +/- 1.9939785384978939
CMS_EXO26004_Background_rpf_2x0_par3: 1.9999999999999987 +/- 0.46590808118636795
