CMS_EXO26004_Background_rpf_2x0_par0: 0.08347950064738965 +/- 0.012566760487151786
CMS_EXO26004_Background_rpf_2x0_par1: 0.5002712831678497 +/- 0.1354134109274824
CMS_EXO26004_Background_rpf_2x0_par2: -0.17905513426574732 +/- 0.1942378663744286
CMS_EXO26004_Background_rpf_2x0_par3: 0.001452656326462409 +/- 0.0
