CMS_AN23122_Background_rpf_2x0_par0: 0.061263672165316065 +/- 0.022247583137158414
CMS_AN23122_Background_rpf_2x0_par1: 0.5437245836862189 +/- 1.947536314828885
CMS_AN23122_Background_rpf_2x0_par2: -0.00010638333756254783 +/- 22.861159053101638
CMS_AN23122_Background_rpf_2x0_par3: 0.012628616089242687 +/- 0.0
