CMS_EXO26004_Background_rpf_2x0_par0: 0.08368343022803268 +/- 0.012621213638107323
CMS_EXO26004_Background_rpf_2x0_par1: 0.500067581092252 +/- 0.13612248805924992
CMS_EXO26004_Background_rpf_2x0_par2: -0.1792378965102203 +/- 0.19522999050318726
CMS_EXO26004_Background_rpf_2x0_par3: 0.0014499576000554933 +/- 0.0
