CMS_AN23122_Background_rpf_2x0_par0: 0.0674140225013728 +/- 0.013366303417925449
CMS_AN23122_Background_rpf_2x0_par1: 0.5322181337410468 +/- 0.0
CMS_AN23122_Background_rpf_2x0_par3: 0.06851729764650653 +/- 0.0
