CMS_AN23122_Background_rpf_2x0_par0: 0.0894137831880482 +/- 0.3194093212346799
CMS_AN23122_Background_rpf_2x0_par1: 3.2556844516856177e-09 +/- 2.417348686867511
CMS_AN23122_Background_rpf_2x0_par3: 0.035125282126871375 +/- 0.12565674140319763
