CMS_AN23122_Background_rpf_2x0_par0: 0.09809284920769087 +/- 0.539299093858274
CMS_AN23122_Background_rpf_2x0_par1: 1.7676817070270268 +/- 16.011857604444753
CMS_AN23122_Background_rpf_2x0_par2: -1.8853064508855821e-10 +/- 143.78063522155438
CMS_AN23122_Background_rpf_2x0_par3: 0.03014771777523751 +/- 0.17475490427673446
