CMS_AN23122_Background_rpf_2x0_par0: 0.08651329909591901 +/- 0.35383739145351034
CMS_AN23122_Background_rpf_2x0_par1: 0.0001222386675174154 +/- 2.286733560878105
CMS_AN23122_Background_rpf_2x0_par3: 0.03687235760232354 +/- 0.1484805603894251
