CMS_AN23122_Background_rpf_2x0_par0: 0.09450745085001136 +/- 0.03302220092538712
CMS_AN23122_Background_rpf_2x0_par1: 1.878528084625736 +/- 4.033463075154755
CMS_AN23122_Background_rpf_2x0_par2: -7.007760613117475e-10 +/- 82.24365508415526
CMS_AN23122_Background_rpf_2x0_par3: 0.03092908353259023 +/- 0.0
