CMS_AN23122_Background_rpf_2x0_par0: 0.06721731099175952 +/- 0.18776578489942924
CMS_AN23122_Background_rpf_2x0_par1: 0.004865759128707865 +/- 1.8735986551628807
CMS_AN23122_Background_rpf_2x0_par3: 0.04754045852190187 +/- 0.12904365793760864
