CMS_AN23122_Background_rpf_2x0_par0: 0.05524330455198778 +/- 0.018551515886237824
CMS_AN23122_Background_rpf_2x0_par1: 0.9780191589588363 +/- 2.144596049682313
CMS_AN23122_Background_rpf_2x0_par2: -1.1133008166221148e-06 +/- 41.34190985848107
CMS_AN23122_Background_rpf_2x0_par3: 0.053775118231587565 +/- 0.0
