Background_rpf_2x0_par0: 2.7744099358577365 +/- 0.12127203841512753
Background_rpf_2x0_par1: 50.114391624597815 +/- 14.27967279637219
Background_rpf_2x0_par2: -49.57709921809264 +/- 0.0
Background_rpf_2x0_par3: 0.054389814490145585 +/- 0.0
