Background_rpf_expo_par0: -0.9999999999575152 +/- 0.0
Background_rpf_expo_par1: -4.316994343444385 +/- 0.010782171070065483
