CMS_EXO26004_Background_rpf_2x0_par0: 0.0009081848648243669 +/- 0.00018194552631906676
CMS_EXO26004_Background_rpf_2x0_par1: 0.004522847296122449 +/- 0.006365476617453199
