Background_rpf_1x0_par0: 0.30258176663965153 +/- 0.021221230855203593
Background_rpf_1x0_par1: 2.136203356865173 +/- 0.0
