CMS_AN23122_Background_rpf_2x0_par0: 0.0671527719688165 +/- 0.5608008656790486
CMS_AN23122_Background_rpf_2x0_par1: 0.6079763724335703 +/- 7.11049661976483
CMS_AN23122_Background_rpf_2x0_par3: 0.06844748955198071 +/- 0.5900234368979608
