CMS_EXO26004_Background_rpf_2x0_par0: 0.9915409516635294 +/- 0.4716196551808737
CMS_EXO26004_Background_rpf_2x0_par3: 0.0009315700849613004 +/- 0.000451264466769622
