CMS_EXO26004_Background_rpf_2x0_par0: 0.08172243229127732 +/- 0.024445617206154065
CMS_EXO26004_Background_rpf_2x0_par1: 0.9999985722561368 +/- 0.0
CMS_EXO26004_Background_rpf_2x0_par2: -3.358570842800293e-07 +/- 2.3617159183329943
CMS_EXO26004_Background_rpf_2x0_par3: 1.999999999999999 +/- 0.4646149549081881
