CMS_AN23122_Background_rpf_2x0_par0: 0.06005382862273003 +/- 0.015264795555656711
CMS_AN23122_Background_rpf_2x0_par1: 0.6375240435308883 +/- 1.2474239352077674
CMS_AN23122_Background_rpf_2x0_par3: 0.0829236255406954 +/- 0.0
