Background_rpf_2x0_par0: 1.5321047175527318 +/- 0.04067245692141447
Background_rpf_2x0_par1: 50.00026292433311 +/- 3.9614167427160805
Background_rpf_2x0_par2: -49.99998684087505 +/- 0.0
Background_rpf_2x0_par3: 0.05931742419568205 +/- 0.0
