Background_rpf_2x0_par0: 1.0067670831835835 +/- 0.07396698098812947
Background_rpf_2x0_par1: 50.739977228168875 +/- 3.8368401224477444
Background_rpf_2x0_par2: -49.99975729679116 +/- 0.0
Background_rpf_2x0_par3: 0.0602180309256242 +/- 0.0
