Background_rpf_2x0_par0: 1.0068172283891224 +/- 0.07404889804422687
Background_rpf_2x0_par1: 50.7427451973696 +/- 3.8408316192846295
Background_rpf_2x0_par2: -49.999749021113985 +/- 0.0
Background_rpf_2x0_par3: 0.06021479159814988 +/- 0.0
