Background_rpf_2x0_par0: 1.0067981431724573 +/- 0.07395776322119187
Background_rpf_2x0_par1: 50.741748912956204 +/- 3.8361866662500006
Background_rpf_2x0_par2: -49.99975261045319 +/- 0.0
Background_rpf_2x0_par3: 0.060215978089798186 +/- 0.0
