Background_rpf_2x0_par0: 1.5323231632072327 +/- 0.04070765553353086
Background_rpf_2x0_par1: 50.00043655163201 +/- 3.967677141929764
Background_rpf_2x0_par2: -49.99999985350542 +/- 0.0
Background_rpf_2x0_par3: 0.05931086277671761 +/- 0.0
