CMS_AN23122_Background_rpf_2x0_par0: 0.07797258920713789 +/- 0.03774889461296375
CMS_AN23122_Background_rpf_2x0_par1: 0.5293051459265066 +/- 3.5114952457186144
CMS_AN23122_Background_rpf_2x0_par2: -8.374241684138946e-05 +/- 28.810019345278015
CMS_AN23122_Background_rpf_2x0_par3: 0.010078385919080163 +/- 0.0
