CMS_EXO26004_Background_rpf_2x0_par0: 0.054937490809442484 +/- 0.0
CMS_EXO26004_Background_rpf_2x0_par1: 0.6389512286259967 +/- 0.1167401102496416
CMS_EXO26004_Background_rpf_2x0_par2: -0.8170228090457562 +/- 0.20015787682976763
CMS_EXO26004_Background_rpf_2x0_par3: 0.0018454120550744687 +/- 0.00019899066255287272
