CMS_AN23122_Background_rpf_2x0_par0: 3.695583373888878 +/- 0.8470051215556051
CMS_AN23122_Background_rpf_2x0_par1: 50.00000000047162 +/- 29.47476081079908
CMS_AN23122_Background_rpf_2x0_par3: 0.0008859783197408403 +/- 0.0
