CMS_EXO26004_Background_rpf_2x0_par0: 0.05771196593640124 +/- 0.01067195777484855
CMS_EXO26004_Background_rpf_2x0_par1: 0.9994516142591748 +/- 0.1767482474215716
CMS_EXO26004_Background_rpf_2x0_par2: -0.9069752331593455 +/- 0.1670282105047412
CMS_EXO26004_Background_rpf_2x0_par3: 1.4754702296288695 +/- 0.2672152743457574
