CMS_AN23122_Background_rpf_2x0_par0: 11.878511298574304 +/- 37.52771054034116
CMS_AN23122_Background_rpf_2x0_par1: 50.0688592490906 +/- 0.0
CMS_AN23122_Background_rpf_2x0_par3: 0.00012361610210388712 +/- 0.0003877722491782838
