CMS_AN23122_Background_rpf_2x0_par0: 8.726582681416732 +/- 2.0096069349631485
CMS_AN23122_Background_rpf_2x0_par1: 50.00004241601583 +/- 84.49326831610831
CMS_AN23122_Background_rpf_2x0_par3: 0.00016451638766327013 +/- 0.0
