CMS_EXO26004_Background_rpf_2x0_par0: 0.05110776951354955 +/- 0.0009976178880031577
CMS_EXO26004_Background_rpf_2x0_par1: 0.8848592839229565 +/- 0.04037740926714502
CMS_EXO26004_Background_rpf_2x0_par2: -0.8028237876667655 +/- 0.17461129525767927
CMS_EXO26004_Background_rpf_2x0_par3: 1.6662492767137522 +/- 0.0
