CMS_EXO26004_Background_rpf_2x0_par0: 0.10356365741710688 +/- 0.0295653055012988
CMS_EXO26004_Background_rpf_2x0_par1: 0.5152107403932729 +/- 2.442013448541021
CMS_EXO26004_Background_rpf_2x0_par2: -3.210679674177505e-05 +/- 0.0
CMS_EXO26004_Background_rpf_2x0_par3: 0.007982718351112247 +/- 0.0
