CMS_AN23122_Background_rpf_2x0_par0: 0.07582112794300615 +/- 0.01451594810856423
CMS_AN23122_Background_rpf_2x0_par1: 0.5513089018153786 +/- 1.168056272877345
CMS_AN23122_Background_rpf_2x0_par3: 0.01568474640712589 +/- 0.0
