CMS_AN23122_Background_rpf_2x0_par0: 0.052972217966473 +/- 0.0191218523990218
CMS_AN23122_Background_rpf_2x0_par1: 0.5018168948330917 +/- 1.6654632566079528
CMS_AN23122_Background_rpf_2x0_par2: -2.7343096715074086e-06 +/- 19.720282844338875
CMS_AN23122_Background_rpf_2x0_par3: 0.014538332052092746 +/- 0.0
