CMS_EXO26004_Background_rpf_2x0_par0: 0.0007569190109186703 +/- 0.00018351568643632985
CMS_EXO26004_Background_rpf_2x0_par1: 0.008893562217007331 +/- 0.012757191495378175
