CMS_AN23122_Background_rpf_2x0_par0: 0.2990681217183577 +/- 1.0686612707155159
CMS_AN23122_Background_rpf_2x0_par3: 0.010587625946368227 +/- 0.03668867165836529
