CMS_EXO26004_Background_rpf_2x0_par0: 0.04698172759740783 +/- 0.008649351493939259
CMS_EXO26004_Background_rpf_2x0_par1: 0.5044109676313645 +/- 0.3006854675893033
CMS_EXO26004_Background_rpf_2x0_par2: -3.9609826757913344e-07 +/- 0.0
CMS_EXO26004_Background_rpf_2x0_par3: 0.01683796716996396 +/- 0.0
