CMS_AN23122_Background_rpf_2x0_par0: 0.6701450044584778 +/- 0.11337594283332433
CMS_AN23122_Background_rpf_2x0_par3: 0.03044124770387122 +/- 0.0
