CMS_AN23122_Background_rpf_2x0_par0: 0.9964512122146031 +/- 0.49889203186776626
CMS_AN23122_Background_rpf_2x0_par3: 0.0008591192545081756 +/- 0.0004382115578735609
