CMS_AN23122_Background_rpf_2x0_par0: 0.06087662873890852 +/- 0.015403181710179552
CMS_AN23122_Background_rpf_2x0_par1: 0.6345342100477979 +/- 1.25759530849851
CMS_AN23122_Background_rpf_2x0_par3: 0.08193339148496537 +/- 0.0
