CMS_EXO26004_Background_rpf_2x0_par0: 0.09146537570993198 +/- 0.03593798344264534
CMS_EXO26004_Background_rpf_2x0_par1: 0.5121960155284633 +/- 2.4756583184260053
CMS_EXO26004_Background_rpf_2x0_par2: -0.09551469710124479 +/- 28.316950220102083
CMS_EXO26004_Background_rpf_2x0_par3: 0.009864023569446807 +/- 0.0
