CMS_AN23122_Background_rpf_2x0_par0: 0.053152364077073876 +/- 0.019199025011314073
CMS_AN23122_Background_rpf_2x0_par1: 0.502661106265021 +/- 1.6718141681314405
CMS_AN23122_Background_rpf_2x0_par2: -2.23284489988141e-06 +/- 19.79470658298208
CMS_AN23122_Background_rpf_2x0_par3: 0.01449814551025238 +/- 0.0
