CMS_EXO26004_Background_rpf_2x0_par0: 0.0007216120570140237 +/- 0.00016912822429104515
CMS_EXO26004_Background_rpf_2x0_par1: 0.012447473145877854 +/- 0.012779882060969298
CMS_EXO26004_Background_rpf_2x0_par2: -0.00023387906121447347 +/- 6.855661045935183
