CMS_EXO26004_Background_rpf_2x0_par0: 0.0006793062367862165 +/- 0.00013709056543315565
CMS_EXO26004_Background_rpf_2x0_par1: 0.015922985395539945 +/- 0.005656874170234476
