CMS_EXO26004_Background_rpf_2x0_par0: 0.057748715086492514 +/- 0.010520601550370977
CMS_EXO26004_Background_rpf_2x0_par1: 0.9998472213759949 +/- 0.17594986967758103
CMS_EXO26004_Background_rpf_2x0_par2: -0.9071583214203485 +/- 0.16805358107036616
CMS_EXO26004_Background_rpf_2x0_par3: 1.474635084246257 +/- 0.26407056170511195
