CMS_AN23122_Background_rpf_2x0_par0: 3.2962377456576593 +/- 2.803615056253788
CMS_AN23122_Background_rpf_2x0_par1: 50.00000127214085 +/- 0.0
CMS_AN23122_Background_rpf_2x0_par2: -49.99989040431602 +/- 0.0
CMS_AN23122_Background_rpf_2x0_par3: 0.006924531647556387 +/- 0.004827160849697428
