CMS_EXO26004_Background_rpf_2x0_par0: 0.0817329762116502 +/- 0.024405168586052257
CMS_EXO26004_Background_rpf_2x0_par1: 0.9999999276179289 +/- 0.0
CMS_EXO26004_Background_rpf_2x0_par2: -4.606309568362362e-07 +/- 1.9655774668704173
CMS_EXO26004_Background_rpf_2x0_par3: 2.0 +/- 0.4645045255589468
