CMS_EXO26004_Background_rpf_2x0_par0: 0.05316277177221626 +/- 0.0009651452714314617
CMS_EXO26004_Background_rpf_2x0_par1: 0.9169816861980316 +/- 0.032055385057527884
CMS_EXO26004_Background_rpf_2x0_par2: -0.8346001491814381 +/- 0.05746178731872186
CMS_EXO26004_Background_rpf_2x0_par3: 1.603332935529002 +/- 0.0
