CMS_EXO26004_Background_rpf_2x0_par0: 0.05555760293186689 +/- 0.0010167950905422079
CMS_EXO26004_Background_rpf_2x0_par1: 0.9621496679066625 +/- 0.03426571047809654
CMS_EXO26004_Background_rpf_2x0_par2: -0.8730262283571534 +/- 0.06035221982331358
CMS_EXO26004_Background_rpf_2x0_par3: 1.5326966758367122 +/- 0.0
