CMS_AN23122_Background_rpf_2x0_par0: 0.06722580384849562 +/- 0.01856450382509378
CMS_AN23122_Background_rpf_2x0_par1: 0.6002562608437457 +/- 1.5341729296850652
CMS_AN23122_Background_rpf_2x0_par3: 0.06846395338464197 +/- 0.0
