Background_rpf_1x0_par0: 0.3026429615876297 +/- 0.11753495445792891
Background_rpf_1x0_par1: 2.1346954996524685 +/- 1.3554377712445584
