Background_rpf_1x0_par0: 0.3026210472338585 +/- 0.02172208593585118
Background_rpf_1x0_par1: 2.135395955140802 +/- 0.45778114914075096
