CMS_EXO26004_Background_rpf_2x0_par0: 0.0008960351305165549 +/- 0.00029453406364846887
CMS_EXO26004_Background_rpf_2x0_par1: 1.3005091925241685e-08 +/- 0.018744082631689914
CMS_EXO26004_Background_rpf_2x0_par2: 0.15531355205636252 +/- 0.15569990287420993
