CMS_EXO26004_Background_rpf_2x0_par0: 0.022898842521107014 +/- 0.01234205812360926
CMS_EXO26004_Background_rpf_2x0_par1: 0.50500836439545 +/- 0.823050169206449
CMS_EXO26004_Background_rpf_2x0_par2: -5.173848192322611e-10 +/- 5.892379803235709
CMS_EXO26004_Background_rpf_2x0_par3: 0.03071648805997749 +/- 0.0
