CMS_EXO26004_Background_rpf_2x0_par0: 0.000798437163292079 +/- 0.0001906843469742599
CMS_EXO26004_Background_rpf_2x0_par1: 0.0072407588058375875 +/- 0.011517303348041314
