CMS_EXO26004_Background_rpf_2x0_par0: 0.053022345818029344 +/- 0.0010466973775380532
CMS_EXO26004_Background_rpf_2x0_par1: 0.9180588176419712 +/- 0.043277013925603826
CMS_EXO26004_Background_rpf_2x0_par2: -0.832997279234649 +/- 0.19193015393498736
CMS_EXO26004_Background_rpf_2x0_par3: 1.6060299838003311 +/- 0.0
