CMS_EXO26004_Background_rpf_2x0_par0: 0.9999804939041663 +/- 0.5572988334239743
CMS_EXO26004_Background_rpf_2x0_par3: 0.0007945728895132745 +/- 0.00045776653746165105
