CMS_EXO26004_Background_rpf_2x0_par0: 0.062369593356204074 +/- 0.011933829059742669
CMS_EXO26004_Background_rpf_2x0_par1: 0.5416438503182552 +/- 0.5952610684728658
CMS_EXO26004_Background_rpf_2x0_par2: -1.0657531816405004e-06 +/- 0.0
CMS_EXO26004_Background_rpf_2x0_par3: 0.012848983620259566 +/- 0.0
