CMS_AN23122_Background_rpf_1x0_par0: 0.08542467106455472 +/- 0.0014656683362031038
CMS_AN23122_Background_rpf_1x0_par1: 0.8524951129388554 +/- 0.0354473960938837
