CMS_AN23122_Background_rpf_1x0_par0: 0.10559681729848497 +/- 0.00206205698371647
CMS_AN23122_Background_rpf_1x0_par1: 0.7297522426343935 +/- 0.04002032235299194
