CMS_AN23122_Background_rpf_1x0_par0: 0.09241715110585781 +/- 0.0016411026879820754
CMS_AN23122_Background_rpf_1x0_par1: 0.8097428976859404 +/- 0.036790914094033005
