CMS_AN23122_Background_rpf_1x0_par0: 0.0854305388198375 +/- 0.0014079767068469514
CMS_AN23122_Background_rpf_1x0_par1: 0.852448064160997 +/- 0.031315115373200406
