CMS_AN23122_Background_rpf_1x0_par0: 0.08129510365156904 +/- 0.0012059610024078402
CMS_AN23122_Background_rpf_1x0_par1: 0.8451516973832085 +/- 0.02946911573268043
