CMS_AN23122_Background_rpf_1x0_par0: 0.08129406959089912 +/- 0.0012597016281088243
CMS_AN23122_Background_rpf_1x0_par1: 0.8451758737995728 +/- 0.033010871233944236
