CMS_AN23122_Background_rpf_1x0_par0: 0.09241954612355041 +/- 0.0015759754120412172
CMS_AN23122_Background_rpf_1x0_par1: 0.8096649833461431 +/- 0.03217607515351348
