CMS_AN23122_Background_rpf_1x0_par0: 0.10559131798223617 +/- 0.0019707780527861013
CMS_AN23122_Background_rpf_1x0_par1: 0.7299081754820679 +/- 0.03415556784079038
