CMS_EXO26004_Background_rpf_2x0_par0: 0.08173323876767817 +/- 0.025016396400353358
CMS_EXO26004_Background_rpf_2x0_par1: 0.9999997259292994 +/- 0.0
CMS_EXO26004_Background_rpf_2x0_par2: -3.090778778729736e-07 +/- 2.1792421295377693
CMS_EXO26004_Background_rpf_2x0_par3: 2.0 +/- 0.474415588325316
