CMS_EXO26004_Background_rpf_2x0_par0: 0.05774508429790658 +/- 0.010673260314350798
CMS_EXO26004_Background_rpf_2x0_par1: 0.999833159341629 +/- 0.18029689875244423
CMS_EXO26004_Background_rpf_2x0_par2: -0.9071787814740226 +/- 0.25552045020220854
CMS_EXO26004_Background_rpf_2x0_par3: 1.474689418494254 +/- 0.2675387297246858
