CMS_EXO26004_Background_rpf_2x0_par0: 0.09068790852633468 +/- 0.019179106560760894
CMS_EXO26004_Background_rpf_2x0_par1: 0.5135837096477043 +/- 0.6631420505049619
CMS_EXO26004_Background_rpf_2x0_par3: 0.00994075481872497 +/- 0.0
