CMS_EXO26004_Background_rpf_2x0_par0: 0.0007081237685679172 +/- 0.0001546807986762473
CMS_EXO26004_Background_rpf_2x0_par1: 0.013549084245415441 +/- 0.01193554828350537
CMS_EXO26004_Background_rpf_2x0_par2: -0.00030726841042805035 +/- 5.996356200296492
