CMS_EXO26004_Background_rpf_2x0_par0: 0.0007131560937070593 +/- 0.00016949944217961891
CMS_EXO26004_Background_rpf_2x0_par1: 0.014938475112811968 +/- 0.00835816993991497
CMS_EXO26004_Background_rpf_2x0_par2: -2.248569277367267e-08 +/- 3.3834040526412266
