CMS_AN23122_Background_rpf_2x0_par0: 0.07927533438177935 +/- 0.015297382070040662
CMS_AN23122_Background_rpf_2x0_par1: 0.534173115475772 +/- 1.3208929751578773
CMS_AN23122_Background_rpf_2x0_par3: 0.015006155941513185 +/- 0.0
