CMS_AN23122_Background_rpf_2x0_par0: 0.0970348056234235 +/- 0.018550086640782542
CMS_AN23122_Background_rpf_2x0_par1: 0.5706241780000141 +/- 1.5067504272870842
CMS_AN23122_Background_rpf_2x0_par3: 0.012270775769334922 +/- 0.0
