CMS_EXO26004_Background_rpf_2x0_par0: 1.0095238497421794e-08 +/- 0.0
CMS_EXO26004_Background_rpf_2x0_par1: 0.02411849727137331 +/- 0.00623012204258301
CMS_EXO26004_Background_rpf_2x0_par2: -3.139553239237501e-10 +/- 2.517786444639339
