CMS_EXO26004_Background_rpf_2x0_par0: 0.04961273517672947 +/- 0.009204584766532176
CMS_EXO26004_Background_rpf_2x0_par1: 0.5017410935861626 +/- 0.3566512125844349
CMS_EXO26004_Background_rpf_2x0_par2: -1.0501876744140395e-07 +/- 0.0
CMS_EXO26004_Background_rpf_2x0_par3: 0.01600845571536068 +/- 0.0
