CMS_AN23122_Background_rpf_2x0_par0: 3.2964745523008325 +/- 0.2840191285846684
CMS_AN23122_Background_rpf_2x0_par1: 50.0000010584099 +/- 11.486059196721296
CMS_AN23122_Background_rpf_2x0_par2: -49.99996331971271 +/- 0.0
CMS_AN23122_Background_rpf_2x0_par3: 0.00692358962646747 +/- 0.0
