CMS_AN23122_Background_rpf_2x0_par0: 0.06181160407959288 +/- 0.021600169801823017
CMS_AN23122_Background_rpf_2x0_par1: 0.5298774249233383 +/- 1.8756771466716153
CMS_AN23122_Background_rpf_2x0_par2: -4.971035215945276e-07 +/- 22.014386762705353
CMS_AN23122_Background_rpf_2x0_par3: 0.012490192126740686 +/- 0.0
