CMS_AN23122_Background_rpf_2x0_par0: 3.993974668655933 +/- 0.3282330578436225
CMS_AN23122_Background_rpf_2x0_par1: 50.000125276030545 +/- 17.672665359603943
CMS_AN23122_Background_rpf_2x0_par2: -46.28628101867336 +/- 0.0
CMS_AN23122_Background_rpf_2x0_par3: 0.012679062157734393 +/- 0.0
