Background_rpf_sigmoid_par0: 0.017532679713393878 +/- 0.03596803206882247
Background_rpf_sigmoid_par1: 1.3235659356598644 +/- 2.721144434833882
Background_rpf_sigmoid_par2: 22.1088099363409 +/- 2.825018239895747
Background_rpf_sigmoid_par3: 1.5482427938360759 +/- 2.0519823333855913
