Background_rpf_sigmoid_par0: 0.020048123631351094 +/- 0.0
Background_rpf_sigmoid_par1: 1.5120749996966087 +/- 0.17449843233898923
Background_rpf_sigmoid_par2: 22.099043491630525 +/- 2.8279884111016727
Background_rpf_sigmoid_par3: 1.6825390284455157 +/- 0.039632425426153584
