CMS_EXO26004_Background_rpf_2x0_par0: 0.0007089432190175927 +/- 0.0001548485177494706
CMS_EXO26004_Background_rpf_2x0_par1: 0.013564633884213615 +/- 0.011928280257522616
CMS_EXO26004_Background_rpf_2x0_par2: -0.0006561174710438772 +/- 6.012883315098959
