CMS_EXO26004_Background_rpf_2x0_par0: 0.0008818887954656698 +/- 0.00018116310829537852
CMS_EXO26004_Background_rpf_2x0_par1: 0.005151704180297523 +/- 0.006540934451744557
