CMS_EXO26004_Background_rpf_2x0_par0: 0.0236097986736847 +/- 0.012725608227513393
CMS_EXO26004_Background_rpf_2x0_par1: 0.5046661850483193 +/- 0.832508364838953
CMS_EXO26004_Background_rpf_2x0_par2: -1.0936649585220268e-07 +/- 6.899955712113975
CMS_EXO26004_Background_rpf_2x0_par3: 0.030098838270476602 +/- 0.0
