CMS_EXO26004_Background_rpf_2x0_par0: 0.05892932166098337 +/- 0.011071579414952239
CMS_EXO26004_Background_rpf_2x0_par1: 0.9999201852219338 +/- 0.18001969244438656
CMS_EXO26004_Background_rpf_2x0_par2: -0.9050247588305959 +/- 0.16976196358488788
CMS_EXO26004_Background_rpf_2x0_par3: 1.4509964594656055 +/- 0.2672814062142262
