CMS_EXO26004_Background_rpf_2x0_par0: 0.09114913379368403 +/- 0.019358573515708292
CMS_EXO26004_Background_rpf_2x0_par1: 0.5010641662395265 +/- 0.6916325968566828
CMS_EXO26004_Background_rpf_2x0_par3: 0.009832929870052754 +/- 0.0
