Background_rpf_1x0_par0: 0.020678922221403943 +/- 0.0011915539555564128
Background_rpf_1x0_par1: 0.5673773874122463 +/- 0.040841634516213726
