Background_rpf_1x0_par0: 0.020481028064490647 +/- 0.001129759334736552
Background_rpf_1x0_par1: 0.5772556202051878 +/- 0.03783944258021717
