CMS_AN23122_Background_rpf_2x0_par0: 10.801705404417486 +/- 3.073721549055535
CMS_AN23122_Background_rpf_2x0_par1: 50.000003575273595 +/- 123.11688345956163
CMS_AN23122_Background_rpf_2x0_par3: 0.0004538615949436964 +/- 0.0
