CMS_EXO26004_Background_rpf_2x0_par0: 0.04879211976264666 +/- 0.009004482063058686
CMS_EXO26004_Background_rpf_2x0_par1: 0.5010802931286412 +/- 0.3362320964966336
CMS_EXO26004_Background_rpf_2x0_par2: -4.288761561528111e-06 +/- 0.0
CMS_EXO26004_Background_rpf_2x0_par3: 0.016220422385769786 +/- 0.0
