CMS_EXO26004_Background_rpf_2x0_par0: 0.0007453163557162848 +/- 0.00017718250411797435
CMS_EXO26004_Background_rpf_2x0_par1: 0.010479258992012444 +/- 0.010949608563722278
