CMS_EXO26004_Background_rpf_2x0_par0: 0.02380651983222356 +/- 0.003961548514512964
CMS_EXO26004_Background_rpf_2x0_par1: 0.5041343641400097 +/- 0.0
CMS_EXO26004_Background_rpf_2x0_par2: -6.535194774497533e-08 +/- 0.0
CMS_EXO26004_Background_rpf_2x0_par3: 0.029918576976104082 +/- 0.0
