CMS_EXO26004_Background_rpf_2x0_par0: 0.992467379386374 +/- 0.4736325914947668
CMS_EXO26004_Background_rpf_2x0_par3: 0.0009317895949837571 +/- 0.0004526728618633896
