CMS_EXO26004_Background_rpf_2x0_par0: 0.0007051084635887976 +/- 0.0001605361807283651
CMS_EXO26004_Background_rpf_2x0_par1: 0.01547238586744416 +/- 0.008027114059773112
CMS_EXO26004_Background_rpf_2x0_par2: -2.9027802191713276e-07 +/- 3.196802662272724
