CMS_EXO26004_Background_rpf_2x0_par0: 0.023592362489433867 +/- 0.0039472600143438405
CMS_EXO26004_Background_rpf_2x0_par1: 0.5043735884690871 +/- 0.0
CMS_EXO26004_Background_rpf_2x0_par2: -1.9427339288972598e-07 +/- 0.0
CMS_EXO26004_Background_rpf_2x0_par3: 0.03011538484550372 +/- 0.0
