CMS_AN23122_Background_rpf_2x0_par0: 0.8571455776352097 +/- 3.3051161422096564
CMS_AN23122_Background_rpf_2x0_par3: 0.023860435194431324 +/- 0.09145002242516699
