CMS_EXO26004_Background_rpf_2x0_par0: 0.0575294587364474 +/- 0.010538594041343963
CMS_EXO26004_Background_rpf_2x0_par1: 0.996055925815497 +/- 0.17556602842548072
CMS_EXO26004_Background_rpf_2x0_par2: -0.9037896900743757 +/- 0.16603960395792527
CMS_EXO26004_Background_rpf_2x0_par3: 1.4802277998808029 +/- 0.26610680134070613
