CMS_AN23122_Background_rpf_2x0_par0: 0.06139732219763123 +/- 0.015545930456247359
CMS_AN23122_Background_rpf_2x0_par1: 0.6276300963313635 +/- 1.2716383236137683
CMS_AN23122_Background_rpf_2x0_par3: 0.08130704113412145 +/- 0.0
