Background_rpf_2x0_par0: 0.29335860747790865 +/- 0.4997629903087002
Background_rpf_2x0_par1: 11.674295924579006 +/- 19.867992061153767
Background_rpf_2x0_par2: -40.65561343067265 +/- 72.65279377841823
Background_rpf_2x0_par3: 0.29610186478131123 +/- 0.5038307741068314
