CMS_EXO26004_Background_rpf_2x0_par0: 0.28723030438653324 +/- 0.132975077103997
CMS_EXO26004_Background_rpf_2x0_par1: 0.9999999873621497 +/- 0.0
CMS_EXO26004_Background_rpf_2x0_par2: -1.027978892291377 +/- 0.42608761859669897
CMS_EXO26004_Background_rpf_2x0_par3: 1.9999992699266496 +/- 0.775468330391076
