CMS_EXO26004_Background_rpf_2x0_par0: 0.16183466121739776 +/- 0.02217112865953725
CMS_EXO26004_Background_rpf_2x0_par1: 0.9692465931904986 +/- 0.2261959830542818
CMS_EXO26004_Background_rpf_2x0_par2: -0.3484761893454418 +/- 0.3313442566442098
CMS_EXO26004_Background_rpf_2x0_par3: 0.0007492634583479926 +/- 0.0
