CMS_AN23122_Background_rpf_2x0_par0: 0.0805620259256974 +/- 0.3567315329387395
CMS_AN23122_Background_rpf_2x0_par1: 0.5545595051734614 +/- 3.2377510157813596
CMS_AN23122_Background_rpf_2x0_par3: 0.014743124735854271 +/- 0.06624245665858214
