CMS_EXO26004_Background_rpf_2x0_par0: 0.05765335976070054 +/- 0.010712451733508597
CMS_EXO26004_Background_rpf_2x0_par1: 0.998298286943734 +/- 0.18088370096092649
CMS_EXO26004_Background_rpf_2x0_par2: -0.905983335024085 +/- 0.280601808346697
CMS_EXO26004_Background_rpf_2x0_par3: 1.4769845996498043 +/- 0.26900789665779146
