CMS_EXO26004_Background_rpf_2x0_par0: 0.0007029656714370279 +/- 0.0001532991014251638
CMS_EXO26004_Background_rpf_2x0_par1: 0.014075711736387508 +/- 0.011776756960062917
CMS_EXO26004_Background_rpf_2x0_par2: -0.00013059666120833133 +/- 5.75790177409308
