CMS_AN23122_Background_rpf_2x0_par0: 0.06721542538447794 +/- 0.018485036237804557
CMS_AN23122_Background_rpf_2x0_par1: 0.6024236913334444 +/- 1.5234399948109731
CMS_AN23122_Background_rpf_2x0_par3: 0.06845881535909555 +/- 0.0
