CMS_EXO26004_Background_rpf_2x0_par0: 0.057650571910265104 +/- 0.010492348419452879
CMS_EXO26004_Background_rpf_2x0_par1: 0.9980921343244271 +/- 0.1743324167881379
CMS_EXO26004_Background_rpf_2x0_par2: -0.905397982422715 +/- 0.1650672152324867
CMS_EXO26004_Background_rpf_2x0_par3: 1.4771730160420609 +/- 0.2636713401369179
