CMS_AN23122_Background_rpf_2x0_par0: 0.14628196658700668 +/- 0.37497268482389035
CMS_AN23122_Background_rpf_2x0_par1: 0.999999991662332 +/- 2.3087870331118867
CMS_AN23122_Background_rpf_2x0_par3: 0.02123220734902275 +/- 0.0528838773561324
