CMS_AN23122_Background_rpf_2x0_par0: 0.7717233032124894 +/- 4.790537553101645
CMS_AN23122_Background_rpf_2x0_par3: 0.02647717770473195 +/- 0.1675956418202723
