CMS_EXO26004_Background_rpf_2x0_par0: 0.08357121760925218 +/- 0.012568565577569918
CMS_EXO26004_Background_rpf_2x0_par1: 0.5001548372457867 +/- 0.13543862716982044
CMS_EXO26004_Background_rpf_2x0_par2: -0.17886380826755605 +/- 0.19424628757430454
CMS_EXO26004_Background_rpf_2x0_par3: 0.0014517310417854928 +/- 0.0
