CMS_EXO26004_Background_rpf_2x0_par0: 0.0007036739425851066 +/- 0.00015449730309574896
CMS_EXO26004_Background_rpf_2x0_par1: 0.013959325431153281 +/- 0.01193029681950129
CMS_EXO26004_Background_rpf_2x0_par2: -0.00014464960702990638 +/- 5.887995013776506
