CMS_AN23122_Background_rpf_2x0_par0: 0.07921421492030672 +/- 0.015412626210297299
CMS_AN23122_Background_rpf_2x0_par1: 0.5324021876012115 +/- 1.3650822396015194
CMS_AN23122_Background_rpf_2x0_par3: 0.015046870782079743 +/- 0.0
