CMS_AN23122_Background_rpf_2x0_par0: 0.07607287810660841 +/- 0.19977304939142373
CMS_AN23122_Background_rpf_2x0_par1: 0.5504361803470035 +/- 2.1121994695070905
CMS_AN23122_Background_rpf_2x0_par3: 0.015635282234791763 +/- 0.04165068040579539
