CMS_AN23122_Background_rpf_2x0_par0: 0.13361618768119318 +/- 0.23150383739426075
CMS_AN23122_Background_rpf_2x0_par1: 9.953523633976632 +/- 12.088425428327902
CMS_AN23122_Background_rpf_2x0_par3: 0.10828891760019795 +/- 0.1486172161522097
