CMS_AN23122_Background_rpf_2x0_par0: 0.14821569818155483 +/- 1.1030729144731644
CMS_AN23122_Background_rpf_2x0_par3: 0.1450905332949426 +/- 1.0105546543462804
