CMS_AN23122_Background_rpf_2x0_par0: 0.14847450735701914 +/- 0.725318239341905
CMS_AN23122_Background_rpf_2x0_par3: 0.14488673632234414 +/- 0.6615983655442348
