CMS_AN23122_Background_rpf_2x0_par0: 0.1340117136064347 +/- 0.23627760789654567
CMS_AN23122_Background_rpf_2x0_par1: 9.999920114525128 +/- 12.285448072262115
CMS_AN23122_Background_rpf_2x0_par3: 0.10790738018466894 +/- 0.15111536126380698
