CMS_EXO26004_Background_rpf_2x0_par0: 0.8310938818656074 +/- 3.3754696074160058
CMS_EXO26004_Background_rpf_2x0_par3: 0.0011122311508262404 +/- 0.004488610804136155
