CMS_EXO26004_Background_rpf_2x0_par0: 0.0007081560092683844 +/- 0.00015509675724780853
CMS_EXO26004_Background_rpf_2x0_par1: 0.013619246807983331 +/- 0.011905615131593586
CMS_EXO26004_Background_rpf_2x0_par2: -0.00047936625426263927 +/- 5.93203516583556
