CMS_EXO26004_Background_rpf_2x0_par0: 0.08173857596536903 +/- 0.024373404112455078
CMS_EXO26004_Background_rpf_2x0_par1: 0.9999998077085954 +/- 0.0
CMS_EXO26004_Background_rpf_2x0_par2: -6.615329508363483e-07 +/- 1.9046532282322726
CMS_EXO26004_Background_rpf_2x0_par3: 1.9999999999999996 +/- 0.4641481976744215
