CMS_AN23122_Background_rpf_2x0_par0: 0.05982948352741829 +/- 0.02153766232805197
CMS_AN23122_Background_rpf_2x0_par1: 0.5260333190335673 +/- 1.8661865325666067
CMS_AN23122_Background_rpf_2x0_par2: -4.822202574724169e-06 +/- 21.976196521474737
CMS_AN23122_Background_rpf_2x0_par3: 0.012949200687650375 +/- 0.0
