CMS_EXO26004_Background_rpf_2x0_par0: 0.7486510746469809 +/- 1.6553534765898856
CMS_EXO26004_Background_rpf_2x0_par3: 0.001233633890212636 +/- 0.0027236933302282242
