CMS_EXO26004_Background_rpf_2x0_par0: 0.052507604727316866 +/- 0.0009414143844239999
CMS_EXO26004_Background_rpf_2x0_par1: 0.9091670747865186 +/- 0.03067004177151899
CMS_EXO26004_Background_rpf_2x0_par2: -0.8301210267393124 +/- 0.06475574325441406
CMS_EXO26004_Background_rpf_2x0_par3: 1.6218939624595938 +/- 0.0
