CMS_EXO26004_Background_rpf_2x0_par0: 0.5739750348548823 +/- 1.223231219723375
CMS_EXO26004_Background_rpf_2x0_par3: 0.0016057047728516597 +/- 0.003391489172240963
