CMS_EXO26004_Background_rpf_2x0_par0: 0.030010528207402548 +/- 0.0064762042098121895
CMS_EXO26004_Background_rpf_2x0_par1: 0.5009574106415575 +/- 0.2286418171445846
CMS_EXO26004_Background_rpf_2x0_par2: -1.1442942683557913e-06 +/- 0.0
CMS_EXO26004_Background_rpf_2x0_par3: 0.02497914964403421 +/- 0.0
