CMS_EXO26004_Background_rpf_2x0_par0: 0.04371525643303207 +/- 0.012094436034924543
CMS_EXO26004_Background_rpf_2x0_par1: 0.5023855301276463 +/- 0.6094273197393356
CMS_EXO26004_Background_rpf_2x0_par2: -5.168305232506861e-06 +/- 0.0
CMS_EXO26004_Background_rpf_2x0_par3: 0.018227947021376065 +/- 0.0
