CMS_EXO26004_Background_rpf_2x0_par0: 0.08369149413523419 +/- 0.012677998121835624
CMS_EXO26004_Background_rpf_2x0_par1: 0.5002191262274704 +/- 0.13700566387659976
CMS_EXO26004_Background_rpf_2x0_par2: -0.1783305894004677 +/- 0.19635526488896526
CMS_EXO26004_Background_rpf_2x0_par3: 0.0014504355968348792 +/- 0.0
