CMS_EXO26004_Background_rpf_2x0_par0: 0.027813865667972386 +/- 0.01383236876206591
CMS_EXO26004_Background_rpf_2x0_par1: 0.5021643384250739 +/- 0.8946276225322296
CMS_EXO26004_Background_rpf_2x0_par2: -2.2867390805144522e-08 +/- 8.08956084852518
CMS_EXO26004_Background_rpf_2x0_par3: 0.026466010047527057 +/- 0.0
