CMS_AN23122_Background_rpf_2x0_par0: 0.8509950128906465 +/- 3.735136236765986
CMS_AN23122_Background_rpf_2x0_par3: 0.02402821949195574 +/- 0.10565479942509994
