CMS_EXO26004_Background_rpf_2x0_par0: 0.08172591317874232 +/- 0.02686076702041237
CMS_EXO26004_Background_rpf_2x0_par1: 0.999999912297467 +/- 0.0
CMS_EXO26004_Background_rpf_2x0_par2: -7.475261873596869e-08 +/- 2.9445048605525743
CMS_EXO26004_Background_rpf_2x0_par3: 2.0 +/- 0.5046982778073389
