CMS_EXO26004_Background_rpf_2x0_par0: 0.0007448476607065487 +/- 0.00017888425812534247
CMS_EXO26004_Background_rpf_2x0_par1: 0.01032277716002781 +/- 0.011523836119929166
