CMS_EXO26004_Background_rpf_2x0_par0: 0.05767679147600697 +/- 0.01072560797704264
CMS_EXO26004_Background_rpf_2x0_par1: 0.9986009701227174 +/- 0.17959216702198658
CMS_EXO26004_Background_rpf_2x0_par2: -0.906051090449545 +/- 0.24831391317509657
CMS_EXO26004_Background_rpf_2x0_par3: 1.4764667379417857 +/- 0.2690701186048636
