CMS_AN23122_Background_rpf_2x0_par0: 0.09804539539455409 +/- 0.3829145621776504
CMS_AN23122_Background_rpf_2x0_par1: 0.5796583939150013 +/- 3.2397461911643752
CMS_AN23122_Background_rpf_2x0_par3: 0.012149295185769213 +/- 0.0481526405284317
