CMS_EXO26004_Background_rpf_2x0_par0: 0.0007004085514430906 +/- 0.0001527382523634769
CMS_EXO26004_Background_rpf_2x0_par1: 0.014443070197457511 +/- 0.011599282743556195
CMS_EXO26004_Background_rpf_2x0_par2: -1.3519346002131762e-05 +/- 5.549377663422652
