CMS_EXO26004_Background_rpf_2x0_par0: 0.023093230543060297 +/- 0.004055143769711008
CMS_EXO26004_Background_rpf_2x0_par1: 0.5047142008709375 +/- 0.0
CMS_EXO26004_Background_rpf_2x0_par2: -5.5335038372261204e-08 +/- 0.0
CMS_EXO26004_Background_rpf_2x0_par3: 0.030558357600879476 +/- 0.0
