CMS_AN23122_Background_rpf_2x0_par0: 10.681179813647745 +/- 30.118273783500417
CMS_AN23122_Background_rpf_2x0_par1: 50.00021633957158 +/- 0.0
CMS_AN23122_Background_rpf_2x0_par3: 0.00045858928043698464 +/- 0.00120773895460868
