CMS_EXO26004_Background_rpf_2x0_par0: 0.02434659061123281 +/- 0.012664423469955471
CMS_EXO26004_Background_rpf_2x0_par1: 0.5037271326988129 +/- 0.8302367929779784
CMS_EXO26004_Background_rpf_2x0_par2: -7.28583859910259e-17 +/- 5.8872873378699655
CMS_EXO26004_Background_rpf_2x0_par3: 0.029306677544158114 +/- 0.0
