CMS_EXO26004_Background_rpf_2x0_par0: 0.0007059486385990919 +/- 0.00017743138273312433
CMS_EXO26004_Background_rpf_2x0_par1: 0.015483634907259805 +/- 0.009215593314939905
CMS_EXO26004_Background_rpf_2x0_par2: -1.5133363236581295e-07 +/- 3.6944438659464707
