CMS_EXO26004_Background_rpf_2x0_par0: 0.050053922456381475 +/- 0.009249107235439688
CMS_EXO26004_Background_rpf_2x0_par1: 0.5278262783554525 +/- 0.3276441777513769
CMS_EXO26004_Background_rpf_2x0_par2: -1.2275205802631732e-05 +/- 0.0
CMS_EXO26004_Background_rpf_2x0_par3: 0.01578897512393773 +/- 0.0
