CMS_AN23122_Background_rpf_2x0_par0: 0.0764623761615308 +/- 0.9164074236629851
CMS_AN23122_Background_rpf_2x0_par1: 0.5518333469685914 +/- 8.048533309021547
CMS_AN23122_Background_rpf_2x0_par3: 0.0155511388122206 +/- 0.1891010658704505
