CMS_EXO26004_Background_rpf_2x0_par0: 0.0005105580765524457 +/- 0.0
CMS_EXO26004_Background_rpf_2x0_par1: 1.3011686329924372e-05 +/- 0.011215552601195528
CMS_EXO26004_Background_rpf_2x0_par2: 0.20274425447437608 +/- 0.12961365151626533
