CMS_EXO26004_Background_rpf_2x0_par0: 1.0775192746197669e-08 +/- 0.0
CMS_EXO26004_Background_rpf_2x0_par1: 0.541475894664608 +/- 0.0
CMS_EXO26004_Background_rpf_2x0_par2: -4.9318989159535115e-09 +/- 1.3588276853115744
CMS_EXO26004_Background_rpf_2x0_par3: 0.04452372359270457 +/- 0.011455288154438302
