CMS_EXO26004_Background_rpf_2x0_par0: 0.0007132918451926722 +/- 0.00015827513222193494
CMS_EXO26004_Background_rpf_2x0_par1: 0.012970671987798294 +/- 0.012352124883986706
CMS_EXO26004_Background_rpf_2x0_par2: -0.0013937251817922767 +/- 6.50325334475156
