CMS_EXO26004_Background_rpf_2x0_par0: 0.4997010515636346 +/- 1.2193441654095711
CMS_EXO26004_Background_rpf_2x0_par3: 0.0018420286905923206 +/- 0.004479716398719028
