CMS_EXO26004_Background_rpf_2x0_par0: 0.023478801928184315 +/- 0.028292029709738035
CMS_EXO26004_Background_rpf_2x0_par1: 0.504564603949505 +/- 1.8504800831167596
CMS_EXO26004_Background_rpf_2x0_par2: -8.2975622725176e-08 +/- 21.761711398843506
CMS_EXO26004_Background_rpf_2x0_par3: 0.03021377128393667 +/- 0.0
