CMS_AN23122_Background_rpf_2x0_par0: 3.703052095043961 +/- 8.882662623667638
CMS_AN23122_Background_rpf_2x0_par1: 50.00000000007382 +/- 0.0
CMS_AN23122_Background_rpf_2x0_par3: 0.0008845468205512855 +/- 0.0017329649160808414
