CMS_EXO26004_Background_rpf_2x0_par0: 0.0817295063179497 +/- 0.024615060591486524
CMS_EXO26004_Background_rpf_2x0_par1: 0.9999984402191874 +/- 0.0
CMS_EXO26004_Background_rpf_2x0_par2: -2.9322480825150123e-07 +/- 2.4255231215375743
CMS_EXO26004_Background_rpf_2x0_par3: 2.0 +/- 0.46658581840739394
