CMS_EXO26004_Background_rpf_2x0_par0: 0.4432444215983452 +/- 1.2064178256752016
CMS_EXO26004_Background_rpf_2x0_par3: 0.0020739487421708026 +/- 0.005581464920896537
