CMS_EXO26004_Background_rpf_2x0_par0: 0.3798134884240081 +/- 0.0657890650913484
CMS_EXO26004_Background_rpf_2x0_par1: 0.5000000004320152 +/- 5.38548963268755
CMS_EXO26004_Background_rpf_2x0_par3: 0.002416715256485205 +/- 0.0
