CMS_AN23122_Background_rpf_2x0_par0: 0.07170605472404355 +/- 0.019104013220063054
CMS_AN23122_Background_rpf_2x0_par1: 0.5009107238295056 +/- 0.6480640073872156
CMS_AN23122_Background_rpf_2x0_par2: -3.594786467664966e-05 +/- 0.0
CMS_AN23122_Background_rpf_2x0_par3: 0.043218256829105677 +/- 0.0
