CMS_EXO26004_Background_rpf_2x0_par0: 0.023862338246752116 +/- 0.012575060210853002
CMS_EXO26004_Background_rpf_2x0_par1: 0.5043969963133338 +/- 0.8241320165845053
CMS_EXO26004_Background_rpf_2x0_par2: -2.158344881454926e-08 +/- 5.831930375731876
CMS_EXO26004_Background_rpf_2x0_par3: 0.029901089517936817 +/- 0.0
