CMS_EXO26004_Background_rpf_2x0_par0: 0.08174455935090466 +/- 0.02446874092688194
CMS_EXO26004_Background_rpf_2x0_par1: 0.9999995647705325 +/- 0.0
CMS_EXO26004_Background_rpf_2x0_par2: -4.0971341016854835e-07 +/- 1.9425217515372057
CMS_EXO26004_Background_rpf_2x0_par3: 1.9999999999999998 +/- 0.4657095867376037
