CMS_EXO26004_Background_rpf_2x0_par0: 0.053649957720474 +/- 0.009901989586631592
CMS_EXO26004_Background_rpf_2x0_par1: 0.533697485331682 +/- 0.3720402713829362
CMS_EXO26004_Background_rpf_2x0_par2: -1.5287250632045613e-17 +/- 0.0
CMS_EXO26004_Background_rpf_2x0_par3: 0.014787314854041968 +/- 0.0
