CMS_EXO26004_Background_rpf_2x0_par0: 0.08385245431534126 +/- 0.012627044384625434
CMS_EXO26004_Background_rpf_2x0_par1: 0.5000622191891309 +/- 0.13616497456204368
CMS_EXO26004_Background_rpf_2x0_par2: -0.17973076953723865 +/- 0.19528765971962478
CMS_EXO26004_Background_rpf_2x0_par3: 0.0014487668207236073 +/- 0.0
