CMS_EXO26004_Background_rpf_2x0_par0: 0.04904919798604509 +/- 0.013553768444503166
CMS_EXO26004_Background_rpf_2x0_par1: 0.50126797320476 +/- 0.6676355518868249
CMS_EXO26004_Background_rpf_2x0_par2: -3.661078013033822e-07 +/- 0.0
CMS_EXO26004_Background_rpf_2x0_par3: 0.016594789782660026 +/- 0.0
