CMS_EXO26004_Background_rpf_2x0_par0: 0.16424563528430153 +/- 0.09060736174890578
CMS_EXO26004_Background_rpf_2x0_par1: 0.9840983369857228 +/- 0.4288894139096819
CMS_EXO26004_Background_rpf_2x0_par2: -0.3528506857221638 +/- 0.3009506433843055
CMS_EXO26004_Background_rpf_2x0_par3: 0.0007382205961547783 +/- 0.00036138569674081455
