Background_rpf_2x0_par0: 0.2929599328956721 +/- 0.8297159597935194
Background_rpf_2x0_par1: 11.757132878091248 +/- 33.3844264264308
Background_rpf_2x0_par2: -41.83945646078339 +/- 121.78716772808632
Background_rpf_2x0_par3: 0.2958281586949641 +/- 0.8381071037274993
