CMS_AN23122_Background_rpf_2x0_par0: 99.99999999999653 +/- 51.77819015717556
CMS_AN23122_Background_rpf_2x0_par1: 50.00000000001795 +/- 0.0
CMS_AN23122_Background_rpf_2x0_par2: -49.999999999982656 +/- 0.0
CMS_AN23122_Background_rpf_2x0_par3: 2.520924618698049e-06 +/- 1.5356570718039907e-06
