CMS_AN23122_Background_rpf_2x0_par0: 0.3268223960076731 +/- 0.2003350163915787
CMS_AN23122_Background_rpf_2x0_par1: 0.9962419508495589 +/- 0.514802158266866
CMS_AN23122_Background_rpf_2x0_par2: -0.4999821793285845 +/- 0.3964245478681764
CMS_AN23122_Background_rpf_2x0_par3: 0.000826956309575241 +/- 0.0004764336392183974
