CMS_AN23122_Background_rpf_2x0_par0: 99.9999657853262 +/- 36.90305310179166
CMS_AN23122_Background_rpf_2x0_par1: 50.00000001911935 +/- 0.0
CMS_AN23122_Background_rpf_2x0_par2: -49.99999982504416 +/- 0.0
CMS_AN23122_Background_rpf_2x0_par3: 8.986761062511575e-06 +/- 5.398684526147873e-06
