CMS_AN23122_Background_rpf_2x0_par0: 0.19684121632609136 +/- 0.018810622228238483
CMS_AN23122_Background_rpf_2x0_par1: 0.6150415574458588 +/- 0.1634471696400188
CMS_AN23122_Background_rpf_2x0_par2: -0.3209915001163383 +/- 0.5718980115206138
CMS_AN23122_Background_rpf_2x0_par3: 0.0013671055871396238 +/- 0.0
