CMS_AN23122_Background_rpf_2x0_par0: 99.99630710774666 +/- 28.91298960893058
CMS_AN23122_Background_rpf_2x0_par1: 50.000000033307145 +/- 0.0
CMS_AN23122_Background_rpf_2x0_par2: -49.99999980458861 +/- 0.0
CMS_AN23122_Background_rpf_2x0_par3: 9.111639461313314e-06 +/- 2.482292921045269e-06
