CMS_AN23122_Background_rpf_2x0_par0: 99.9999999999994 +/- 46.75915705970606
CMS_AN23122_Background_rpf_2x0_par1: 50.00000000000015 +/- 0.0
CMS_AN23122_Background_rpf_2x0_par2: -47.97909041879189 +/- 48.474010466216185
CMS_AN23122_Background_rpf_2x0_par3: 2.8131333290150504e-06 +/- 1.2752070047286174e-06
