CMS_AN23122_Background_rpf_2x0_par0: 99.99999999970315 +/- 30.80330061840552
CMS_AN23122_Background_rpf_2x0_par1: 50.00000000000116 +/- 0.0
CMS_AN23122_Background_rpf_2x0_par2: -49.999999999999986 +/- 0.0
CMS_AN23122_Background_rpf_2x0_par3: 4.272388829813591e-06 +/- 1.285366860493377e-06
