CMS_AN23122_Background_rpf_2x0_par0: 99.99999999999997 +/- 30.187237517018325
CMS_AN23122_Background_rpf_2x0_par1: 50.0 +/- 0.0
CMS_AN23122_Background_rpf_2x0_par2: -50.0 +/- 0.0
CMS_AN23122_Background_rpf_2x0_par3: 4.455586579723785e-06 +/- 1.2779202263557729e-06
