CMS_EXO26004_Background_rpf_2x0_par0: 0.0009007187945036803 +/- 0.00012208739515320838
CMS_EXO26004_Background_rpf_2x0_par1: 1.281360376283831e-08 +/- 0.0
CMS_EXO26004_Background_rpf_2x0_par2: 0.12246807429214866 +/- 0.14922155868267958
