CMS_EXO26004_Background_rpf_2x0_par0: 0.035235355137481564 +/- 0.018733323194722415
CMS_EXO26004_Background_rpf_2x0_par1: 0.5000359987903056 +/- 1.1170193445219971
CMS_EXO26004_Background_rpf_2x0_par2: -2.0620638250092374e-08 +/- 0.0
CMS_EXO26004_Background_rpf_2x0_par3: 0.021948074754336955 +/- 0.0
