CMS_EXO26004_Background_rpf_2x0_par0: 0.03567131949618995 +/- 0.007239995262316191
CMS_EXO26004_Background_rpf_2x0_par1: 0.5000000044978542 +/- 0.0
CMS_EXO26004_Background_rpf_2x0_par2: -1.9999990720112646 +/- 0.0
CMS_EXO26004_Background_rpf_2x0_par3: 0.0017507253657498723 +/- 0.0003038480663162601
