CMS_AN23122_Background_rpf_2x0_par0: 0.06642168391049164 +/- 0.0247227137894241
CMS_AN23122_Background_rpf_2x0_par1: 0.5339606432580863 +/- 2.1598240396418897
CMS_AN23122_Background_rpf_2x0_par2: -9.111391902245913e-08 +/- 25.141455834860885
CMS_AN23122_Background_rpf_2x0_par3: 0.011709231156877529 +/- 0.0
