CMS_EXO26004_Background_rpf_2x0_par0: 0.048421487561796185 +/- 0.0012499450424298577
CMS_EXO26004_Background_rpf_2x0_par1: 0.838343965976865 +/- 0.06912687570141864
CMS_EXO26004_Background_rpf_2x0_par2: -0.7606397477525702 +/- 0.3994794842730518
CMS_EXO26004_Background_rpf_2x0_par3: 1.7586536584545671 +/- 0.0
