CMS_EXO26004_Background_rpf_2x0_par0: 0.02372065205134448 +/- 0.012050449002882841
CMS_EXO26004_Background_rpf_2x0_par1: 0.5043731951498794 +/- 0.7748418480665883
CMS_EXO26004_Background_rpf_2x0_par2: -5.252325134627199e-07 +/- 0.0
CMS_EXO26004_Background_rpf_2x0_par3: 0.03003769484980671 +/- 0.0
