CMS_EXO26004_Background_rpf_2x0_par0: 0.5893619307578424 +/- 1.2292837115578732
CMS_EXO26004_Background_rpf_2x0_par3: 0.0015640548520565666 +/- 0.0032340451103955357
