CMS_AN23122_Background_rpf_1x0_par0: 0.08704736577523776 +/- 0.0013941061767571645
CMS_AN23122_Background_rpf_1x0_par1: 0.8550458235920667 +/- 0.03456868903103544
