CMS_AN23122_Background_rpf_1x0_par0: 0.08649955095789977 +/- 0.00136240768872882
CMS_AN23122_Background_rpf_1x0_par1: 0.8766571634973079 +/- 0.03150683106302444
