CMS_AN23122_Background_rpf_1x0_par0: 0.08649412616121464 +/- 0.0014114660219774564
CMS_AN23122_Background_rpf_1x0_par1: 0.8766948075816116 +/- 0.03564114712255863
