CMS_AN23122_Background_rpf_1x0_par0: 0.08678603389923122 +/- 0.0013992323196614044
CMS_AN23122_Background_rpf_1x0_par1: 0.8698633776599587 +/- 0.03516541810245134
