CMS_AN23122_Background_rpf_1x0_par0: 0.08679192737211354 +/- 0.0013529973354422073
CMS_AN23122_Background_rpf_1x0_par1: 0.8698495534442006 +/- 0.0311521756005449
