CMS_AN23122_Background_rpf_1x0_par0: 0.08677768027212236 +/- 0.001354855590601906
CMS_AN23122_Background_rpf_1x0_par1: 0.8716430301441418 +/- 0.0312707699742245
