CMS_AN23122_Background_rpf_1x0_par0: 0.08705207762240112 +/- 0.0013495905791771168
CMS_AN23122_Background_rpf_1x0_par1: 0.8550244417486588 +/- 0.030686043422298442
