CMS_AN23122_Background_rpf_2x0_par0: 0.06610555917333057 +/- 0.02330504136985199
CMS_AN23122_Background_rpf_2x0_par1: 0.5121023571756131 +/- 2.002354855394407
CMS_AN23122_Background_rpf_2x0_par2: -2.4500725162639788e-05 +/- 23.363140387429127
CMS_AN23122_Background_rpf_2x0_par3: 0.011811841404390792 +/- 0.0
