CMS_EXO26004_Background_rpf_2x0_par0: 0.0008941690874120087 +/- 0.00030893894179794267
CMS_EXO26004_Background_rpf_2x0_par1: 2.983367310111602e-08 +/- 0.01961855769273118
CMS_EXO26004_Background_rpf_2x0_par2: 0.14228464634956545 +/- 0.18863037356970566
