CMS_EXO26004_Background_rpf_2x0_par0: 0.025014100922736142 +/- 0.01321581948506993
CMS_EXO26004_Background_rpf_2x0_par1: 0.5037550480834557 +/- 0.8620631375223716
CMS_EXO26004_Background_rpf_2x0_par2: -1.0610346202338805e-07 +/- 7.049782350972741
CMS_EXO26004_Background_rpf_2x0_par3: 0.028739073914157594 +/- 0.0
