CMS_EXO26004_Background_rpf_2x0_par0: 0.547665275484779 +/- 2.5548795722186273
CMS_EXO26004_Background_rpf_2x0_par3: 0.0016822372711063236 +/- 0.0077720060605607506
