CMS_EXO26004_Background_rpf_2x0_par0: 0.027336151730403067 +/- 0.024393300158163093
CMS_EXO26004_Background_rpf_2x0_par1: 0.5024532239462265 +/- 1.6953708244293981
CMS_EXO26004_Background_rpf_2x0_par2: -6.267054225068567e-07 +/- 23.736742688439648
CMS_EXO26004_Background_rpf_2x0_par3: 0.026871881388525514 +/- 0.0
