CMS_EXO26004_Background_rpf_2x0_par0: 0.02405422195056768 +/- 0.012391909963663045
CMS_EXO26004_Background_rpf_2x0_par1: 0.5040928380571945 +/- 0.8125110579056369
CMS_EXO26004_Background_rpf_2x0_par2: -4.3069059514470355e-07 +/- 5.956821511054411
CMS_EXO26004_Background_rpf_2x0_par3: 0.0296382957545986 +/- 0.0
