CMS_AN23122_Background_rpf_2x0_par0: 0.29408734453707297 +/- 0.004974545636618771
CMS_AN23122_Background_rpf_2x0_par1: 9.727480884649855 +/- 0.32159944927924533
CMS_AN23122_Background_rpf_2x0_par2: -9.99994054667005 +/- 0.48864949828706267
CMS_AN23122_Background_rpf_2x0_par3: 0.28900145954944045 +/- 0.0
