CMS_AN23122_Background_rpf_2x0_par0: 0.29267011093184997 +/- 0.00507362627069481
CMS_AN23122_Background_rpf_2x0_par1: 9.67991977377214 +/- 0.33931125278721275
CMS_AN23122_Background_rpf_2x0_par2: -9.950380588524883 +/- 0.4993316968352381
CMS_AN23122_Background_rpf_2x0_par3: 0.2904191364827652 +/- 0.0
