CMS_EXO26004_Background_rpf_2x0_par0: 0.02360885683812358 +/- 0.003959827487310844
CMS_EXO26004_Background_rpf_2x0_par1: 0.5043721590125076 +/- 0.0
CMS_EXO26004_Background_rpf_2x0_par2: -1.3516499490235506e-07 +/- 0.0
CMS_EXO26004_Background_rpf_2x0_par3: 0.030114714260186505 +/- 0.0
