CMS_EXO26004_Background_rpf_2x0_par0: 0.9776985644040277 +/- 0.47031960961428293
CMS_EXO26004_Background_rpf_2x0_par3: 0.0009457832810988275 +/- 0.0004635664922482141
