CMS_EXO26004_Background_rpf_2x0_par0: 0.023124736461594825 +/- 0.012319829873169373
CMS_EXO26004_Background_rpf_2x0_par1: 0.5048160044524259 +/- 0.8108914939283737
CMS_EXO26004_Background_rpf_2x0_par2: -4.475982990780232e-08 +/- 5.727875934230184
CMS_EXO26004_Background_rpf_2x0_par3: 0.030579709920904107 +/- 0.0
