CMS_EXO26004_Background_rpf_2x0_par0: 0.000895533863246213 +/- 0.00030676706213844765
CMS_EXO26004_Background_rpf_2x0_par1: 4.9801437198302226e-09 +/- 0.019484935054733973
CMS_EXO26004_Background_rpf_2x0_par2: 0.1496432941756568 +/- 0.18185296939308376
