CMS_AN23122_Background_rpf_2x0_par0: 0.06559532949864355 +/- 0.02511963910265818
CMS_AN23122_Background_rpf_2x0_par1: 0.5623810616458572 +/- 2.2101870777174177
CMS_AN23122_Background_rpf_2x0_par2: -1.182685620756312e-06 +/- 25.93447194307457
CMS_AN23122_Background_rpf_2x0_par3: 0.011808010338095228 +/- 0.0
