CMS_EXO26004_Background_rpf_2x0_par0: 0.000715573407293366 +/- 0.0001824476783109316
CMS_EXO26004_Background_rpf_2x0_par1: 0.014966982519661073 +/- 0.008417573006650721
CMS_EXO26004_Background_rpf_2x0_par2: -2.3931829006712275e-06 +/- 3.6067383819127823
