CMS_EXO26004_Background_rpf_2x0_par0: 0.023018047834466007 +/- 0.012574313535091738
CMS_EXO26004_Background_rpf_2x0_par1: 0.5047781121913685 +/- 0.8399565433094396
CMS_EXO26004_Background_rpf_2x0_par2: -3.792909576095724e-07 +/- 5.8860305950644305
CMS_EXO26004_Background_rpf_2x0_par3: 0.030671179919412764 +/- 0.0
