CMS_EXO26004_Background_rpf_2x0_par0: 0.0008960442219523691 +/- 0.00029676902777138963
CMS_EXO26004_Background_rpf_2x0_par1: 9.294913421570555e-09 +/- 0.01890673225761635
CMS_EXO26004_Background_rpf_2x0_par2: 0.15527329201286247 +/- 0.15675199462412479
