CMS_EXO26004_Background_rpf_2x0_par0: 0.9695247015116507 +/- 0.45941288515737316
CMS_EXO26004_Background_rpf_2x0_par3: 0.0009539328386743812 +/- 0.0004598864923012637
