CMS_EXO26004_Background_rpf_2x0_par0: 0.08387737214394587 +/- 0.0126771375829395
CMS_EXO26004_Background_rpf_2x0_par1: 0.5001989194781699 +/- 0.1367999419179206
CMS_EXO26004_Background_rpf_2x0_par2: -0.17734359360974533 +/- 0.1960757658747988
CMS_EXO26004_Background_rpf_2x0_par3: 0.0014482178259303125 +/- 0.0
