CMS_AN23122_Background_rpf_2x0_par0: 0.7453171119988592 +/- 2.7399225017510127
CMS_AN23122_Background_rpf_2x0_par3: 0.004334880684249823 +/- 0.015779140183651758
