CMS_AN23122_Background_rpf_2x0_par0: 13.345020112752376 +/- 2.4023912952417086
CMS_AN23122_Background_rpf_2x0_par1: 50.16378071222354 +/- 92.07075276820639
CMS_AN23122_Background_rpf_2x0_par3: 0.00010970887775957035 +/- 0.0
