CMS_AN23122_Background_rpf_2x0_par0: 8.723893798855608 +/- 17.931486552154453
CMS_AN23122_Background_rpf_2x0_par1: 50.00004273542105 +/- 0.0
CMS_AN23122_Background_rpf_2x0_par3: 0.0001645681103987841 +/- 0.0003168972064413286
