CMS_EXO26004_Background_rpf_2x0_par0: 0.0007928047097896108 +/- 0.00020795939530203413
CMS_EXO26004_Background_rpf_2x0_par1: 0.005649785726275581 +/- 0.015439996564366799
