CMS_EXO26004_Background_rpf_2x0_par0: 0.08173465625437284 +/- 0.02460491819237454
CMS_EXO26004_Background_rpf_2x0_par1: 0.9999999038886729 +/- 0.0
CMS_EXO26004_Background_rpf_2x0_par2: -5.6698275954000094e-08 +/- 2.0967927536673963
CMS_EXO26004_Background_rpf_2x0_par3: 2.0 +/- 0.4675993461458698
