CMS_AN23122_Background_rpf_2x0_par0: 0.06380357183691927 +/- 0.01618012276929754
CMS_AN23122_Background_rpf_2x0_par1: 0.5787276859885577 +/- 1.3510552722321993
CMS_AN23122_Background_rpf_2x0_par3: 0.0781416404615286 +/- 0.0
