CMS_EXO26004_Background_rpf_2x0_par0: 0.02292599187586192 +/- 0.004062059912030126
CMS_EXO26004_Background_rpf_2x0_par1: 0.5048945236966935 +/- 0.0
CMS_EXO26004_Background_rpf_2x0_par2: -5.301724276610131e-10 +/- 0.0
CMS_EXO26004_Background_rpf_2x0_par3: 0.03076764958846483 +/- 0.0
