CMS_AN23122_Background_rpf_2x0_par0: 0.053035455863100746 +/- 0.019867658567964956
CMS_AN23122_Background_rpf_2x0_par1: 0.5013733407932264 +/- 1.74189964805059
CMS_AN23122_Background_rpf_2x0_par2: -1.6790975672790424e-05 +/- 20.589258500171848
CMS_AN23122_Background_rpf_2x0_par3: 0.014536933107967382 +/- 0.0
