CMS_EXO26004_Background_rpf_2x0_par0: 0.0009027278956544083 +/- 0.00018321056023319802
CMS_EXO26004_Background_rpf_2x0_par1: 0.005748757363545968 +/- 0.00624000959511361
