CMS_AN23122_Background_rpf_2x0_par0: 13.181099118411895 +/- 2.531483351762578
CMS_AN23122_Background_rpf_2x0_par1: 50.008552555529214 +/- 91.34639819160692
CMS_AN23122_Background_rpf_2x0_par3: 0.0003729035361060058 +/- 0.0
