CMS_EXO26004_Background_rpf_2x0_par0: 0.056403957451632646 +/- 0.001105227889452896
CMS_EXO26004_Background_rpf_2x0_par1: 0.9765866050329249 +/- 0.045053538626578835
CMS_EXO26004_Background_rpf_2x0_par2: -0.8861111849559374 +/- 0.19560231603963635
CMS_EXO26004_Background_rpf_2x0_par3: 1.5097485260473245 +/- 0.0
