CMS_EXO26004_Background_rpf_2x0_par0: 0.08331260284336453 +/- 0.012618868216998343
CMS_EXO26004_Background_rpf_2x0_par1: 0.5000498498370168 +/- 0.13659302568328957
CMS_EXO26004_Background_rpf_2x0_par2: -0.18431256165061224 +/- 0.19597149315807513
CMS_EXO26004_Background_rpf_2x0_par3: 0.001454452397969781 +/- 0.0
