CMS_AN23122_Background_rpf_2x0_par0: 2.6660798606088063 +/- 0.07745316445581873
CMS_AN23122_Background_rpf_2x0_par1: 50.00123044810693 +/- 2.1706013247957574
CMS_AN23122_Background_rpf_2x0_par2: -47.36664275413912 +/- 3.6101744837770693
CMS_AN23122_Background_rpf_2x0_par3: 0.025973234972277045 +/- 0.0
