CMS_AN23122_Background_rpf_2x0_par0: 3.124155904381776 +/- 0.05811409004659456
CMS_AN23122_Background_rpf_2x0_par1: 50.00629099543739 +/- 1.8461503857120916
CMS_AN23122_Background_rpf_2x0_par2: -48.708171185241234 +/- 3.203599663966092
CMS_AN23122_Background_rpf_2x0_par3: 0.025331094130883833 +/- 0.0
