CMS_AN23122_Background_rpf_2x0_par0: 3.1093939121813357 +/- 0.060249908800794845
CMS_AN23122_Background_rpf_2x0_par1: 50.00550000967839 +/- 2.0183774650197948
CMS_AN23122_Background_rpf_2x0_par2: -48.75879897460909 +/- 3.3294412779277276
CMS_AN23122_Background_rpf_2x0_par3: 0.02541469061479122 +/- 0.0
