CMS_AN23122_Background_rpf_2x0_par0: 3.1726882444550357 +/- 0.05765672430345297
CMS_AN23122_Background_rpf_2x0_par1: 50.001101488231996 +/- 1.8251374901548607
CMS_AN23122_Background_rpf_2x0_par2: -48.522281517610324 +/- 3.2065504303048677
CMS_AN23122_Background_rpf_2x0_par3: 0.02509758967801303 +/- 0.0
