CMS_AN23122_Background_rpf_2x0_par0: 3.109502765474456 +/- 0.05766393647580449
CMS_AN23122_Background_rpf_2x0_par1: 50.00654737179118 +/- 1.8317113532031086
CMS_AN23122_Background_rpf_2x0_par2: -48.76114817931738 +/- 3.180765280929276
CMS_AN23122_Background_rpf_2x0_par3: 0.025413926423098903 +/- 0.0
