CMS_AN23122_Background_rpf_2x0_par0: 2.666806147080728 +/- 0.0820431172623851
CMS_AN23122_Background_rpf_2x0_par1: 50.000493920585924 +/- 2.349087422664282
CMS_AN23122_Background_rpf_2x0_par2: -47.36195916132254 +/- 3.650116226055563
CMS_AN23122_Background_rpf_2x0_par3: 0.025968281307642414 +/- 0.0
