CMS_AN23122_Background_rpf_2x0_par0: 3.1726443313676738 +/- 0.059593727691941684
CMS_AN23122_Background_rpf_2x0_par1: 50.00362273029421 +/- 1.9687594698554782
CMS_AN23122_Background_rpf_2x0_par2: -48.52640600555159 +/- 3.345803641102627
CMS_AN23122_Background_rpf_2x0_par3: 0.025097229125225915 +/- 0.0
