CMS_AN23122_Background_rpf_2x0_par0: 3.2005811462161255 +/- 0.059477710844512664
CMS_AN23122_Background_rpf_2x0_par1: 50.011397168606834 +/- 1.9511563324458305
CMS_AN23122_Background_rpf_2x0_par2: -48.38858185851696 +/- 3.36934467764272
CMS_AN23122_Background_rpf_2x0_par3: 0.024931183867260426 +/- 0.0
