CMS_AN23122_Background_rpf_2x0_par0: 3.125984962957923 +/- 0.060877610559998144
CMS_AN23122_Background_rpf_2x0_par1: 50.006714384633845 +/- 2.0190526495211953
CMS_AN23122_Background_rpf_2x0_par2: -48.634608426356515 +/- 3.355954357309852
CMS_AN23122_Background_rpf_2x0_par3: 0.025271300896583103 +/- 0.0
