CMS_AN23122_Background_rpf_2x0_par0: 3.0223590282823087 +/- 0.0586756669564411
CMS_AN23122_Background_rpf_2x0_par1: 50.00369202556485 +/- 1.926891488006874
CMS_AN23122_Background_rpf_2x0_par2: -48.70376484327627 +/- 3.406363244437561
CMS_AN23122_Background_rpf_2x0_par3: 0.025903279134503836 +/- 0.0
