CMS_AN23122_Background_rpf_2x0_par0: 3.1244436592610545 +/- 0.06057412921577578
CMS_AN23122_Background_rpf_2x0_par1: 50.00585143569799 +/- 2.0221970957695645
CMS_AN23122_Background_rpf_2x0_par2: -48.705824086675854 +/- 3.3434045336497045
CMS_AN23122_Background_rpf_2x0_par3: 0.025329057253997384 +/- 0.0
