CMS_AN23122_Background_rpf_2x0_par0: 3.1260495203934773 +/- 0.0584858158084906
CMS_AN23122_Background_rpf_2x0_par1: 50.0056875753526 +/- 1.8498013180638266
CMS_AN23122_Background_rpf_2x0_par2: -48.63419724590942 +/- 3.213018506226534
CMS_AN23122_Background_rpf_2x0_par3: 0.025270725783737482 +/- 0.0
