CMS_AN23122_Background_rpf_2x0_par0: 3.319027773878703 +/- 0.058984597225018226
CMS_AN23122_Background_rpf_2x0_par1: 50.00576672953206 +/- 1.8345936444952327
CMS_AN23122_Background_rpf_2x0_par2: -47.809727795189985 +/- 3.321792603918661
CMS_AN23122_Background_rpf_2x0_par3: 0.024236731290353836 +/- 0.0
