CMS_AN23122_Background_rpf_2x0_par0: 3.0777123079084787 +/- 0.061037256544445605
CMS_AN23122_Background_rpf_2x0_par1: 50.01899718618009 +/- 1.873536203818481
CMS_AN23122_Background_rpf_2x0_par2: -47.82217206925845 +/- 3.302648432571739
CMS_AN23122_Background_rpf_2x0_par3: 0.025112934848708544 +/- 0.0
