CMS_AN23122_Background_rpf_2x0_par0: 2.135274277897512 +/- 0.11526416391404172
CMS_AN23122_Background_rpf_2x0_par1: 50.000049245647425 +/- 2.7003351354490905
CMS_AN23122_Background_rpf_2x0_par2: -46.82968555162729 +/- 3.8190386211684033
CMS_AN23122_Background_rpf_2x0_par3: 0.0265908174898149 +/- 0.0
