CMS_AN23122_Background_rpf_2x0_par0: 3.0226482476756362 +/- 0.05755993499167363
CMS_AN23122_Background_rpf_2x0_par1: 50.006145035103344 +/- 1.850179988524712
CMS_AN23122_Background_rpf_2x0_par2: -48.70440001036974 +/- 3.2689931426468393
CMS_AN23122_Background_rpf_2x0_par3: 0.025901670716967185 +/- 0.0
