CMS_AN23122_Background_rpf_2x0_par0: 3.3195514814219296 +/- 0.06008087111053039
CMS_AN23122_Background_rpf_2x0_par1: 50.00404567809966 +/- 1.9157153602521844
CMS_AN23122_Background_rpf_2x0_par2: -47.80218192711489 +/- 3.4471973105868674
CMS_AN23122_Background_rpf_2x0_par3: 0.02423356576336554 +/- 0.0
