CMS_AN23122_Background_rpf_2x0_par0: 2.136018125360392 +/- 0.10745675274203563
CMS_AN23122_Background_rpf_2x0_par1: 50.00065922213141 +/- 2.4946725171799478
CMS_AN23122_Background_rpf_2x0_par2: -46.82961433278108 +/- 3.806247217749109
CMS_AN23122_Background_rpf_2x0_par3: 0.026586035921247322 +/- 0.0
