CMS_AN23122_Background_rpf_2x0_par0: 3.0780129621670143 +/- 0.06239018003292473
CMS_AN23122_Background_rpf_2x0_par1: 50.020662608527765 +/- 1.958243488551929
CMS_AN23122_Background_rpf_2x0_par2: -47.82013327772144 +/- 3.375830163457566
CMS_AN23122_Background_rpf_2x0_par3: 0.025111330414908876 +/- 0.0
