CMS_AN23122_Background_rpf_2x0_par0: 3.2001607264593277 +/- 0.05772505970696505
CMS_AN23122_Background_rpf_2x0_par1: 50.00340511724975 +/- 1.8201605051780143
CMS_AN23122_Background_rpf_2x0_par2: -48.38343437710304 +/- 3.221342074878778
CMS_AN23122_Background_rpf_2x0_par3: 0.024933735009960305 +/- 0.0
