CMS_EXO26004_Background_rpf_2x0_par0: 0.02271239308956995 +/- 0.012844305126725648
CMS_EXO26004_Background_rpf_2x0_par1: 0.503434963882411 +/- 0.868562605263887
CMS_EXO26004_Background_rpf_2x0_par2: -5.001059587228735e-06 +/- 5.822373558956656
CMS_EXO26004_Background_rpf_2x0_par3: 0.03097640436109526 +/- 0.0
