CMS_EXO26004_Background_rpf_2x0_par0: 0.0008960898543994699 +/- 0.0002945029300710821
CMS_EXO26004_Background_rpf_2x0_par1: 1.6900755077928816e-08 +/- 0.01874391954687986
CMS_EXO26004_Background_rpf_2x0_par2: 0.15533851982762278 +/- 0.15563591951958905
