CMS_EXO26004_Background_rpf_2x0_par0: 0.02250925040806852 +/- 0.012181234365048412
CMS_EXO26004_Background_rpf_2x0_par1: 0.5054958202495795 +/- 0.8029466819824943
CMS_EXO26004_Background_rpf_2x0_par2: -1.879224253811037e-07 +/- 5.6600694010431685
CMS_EXO26004_Background_rpf_2x0_par3: 0.031215960768395622 +/- 0.0
