CMS_EXO26004_Background_rpf_2x0_par0: 0.0008951553106843735 +/- 0.0003197470101860782
CMS_EXO26004_Background_rpf_2x0_par1: 5.468668728037147e-09 +/- 0.02041469568819301
CMS_EXO26004_Background_rpf_2x0_par2: 0.15226558037242308 +/- 0.18279611284826994
