CMS_EXO26004_Background_rpf_2x0_par0: 0.5897073358844945 +/- 1.6278159524872589
CMS_EXO26004_Background_rpf_2x0_par3: 0.0015631643996370647 +/- 0.004280135528580481
