CMS_EXO26004_Background_rpf_2x0_par0: 0.0007773178027209316 +/- 0.00021229229338130918
CMS_EXO26004_Background_rpf_2x0_par1: 0.010762671144735758 +/- 0.010614911066590254
CMS_EXO26004_Background_rpf_2x0_par2: -1.2929864668471871e-08 +/- 0.0
