CMS_EXO26004_Background_rpf_2x0_par0: 0.0009239588236160557 +/- 0.0001796335483878079
CMS_EXO26004_Background_rpf_2x0_par1: 0.002993045176655012 +/- 0.005980826258960541
CMS_EXO26004_Background_rpf_2x0_par2: 0.026763987686829964 +/- 0.0
