CMS_EXO26004_Background_rpf_2x0_par0: 0.08948561298545639 +/- 0.01890842791398913
CMS_EXO26004_Background_rpf_2x0_par1: 0.5126032467023768 +/- 0.6539887677861892
CMS_EXO26004_Background_rpf_2x0_par3: 0.01006881571685657 +/- 0.0
