CMS_AN23122_Background_rpf_1x0_par0: 0.02711943342564218 +/- 0.012897946509838852
CMS_AN23122_Background_rpf_1x0_par1: 0.0999999999964126 +/- 0.47801230290763824
