CMS_AN23122_Background_rpf_1x0_par0: 0.02472288026109149 +/- 0.012263087693897974
CMS_AN23122_Background_rpf_1x0_par1: 0.09999999999998536 +/- 0.567294618242552
