CMS_AN23122_Background_rpf_1x0_par0: 0.004832944704477352 +/- 0.0009522397709854499
CMS_AN23122_Background_rpf_1x0_par1: 0.00416212351298898 +/- 0.008109130158784382
