CMS_AN23122_Background_rpf_1x0_par0: 0.052425694911291724 +/- 0.0
CMS_AN23122_Background_rpf_1x0_par1: -0.8854824009997206 +/- 0.014982046459257301
