CMS_AN23122_Background_rpf_1x0_par0: 0.0050514139666359165 +/- 0.0008785031421217005
CMS_AN23122_Background_rpf_1x0_par1: 0.00271951227198107 +/- 0.003750712835081881
