CMS_AN23122_Background_rpf_1x0_par0: 0.06521884643357136 +/- 0.00090014274640933
CMS_AN23122_Background_rpf_1x0_par1: -1.9821975545199688 +/- 0.0
