CMS_AN23122_Background_rpf_1x0_par0: 0.0016520991675654474 +/- 0.0
CMS_AN23122_Background_rpf_1x0_par1: -9.28045867570981 +/- 0.0
