CMS_AN23122_Background_rpf_1x0_par0: 0.0054229357112826095 +/- 0.0
CMS_AN23122_Background_rpf_1x0_par1: -4.992381265811861 +/- 0.0
