CMS_AN23122_Background_rpf_1x0_par0: 0.003785117304353489 +/- 0.0
CMS_AN23122_Background_rpf_1x0_par1: -9.587599918285212 +/- 0.0
