CMS_AN23122_Background_rpf_1x0_par0: 0.05967251286141012 +/- 0.0
CMS_AN23122_Background_rpf_1x0_par1: -1.8016569651695178 +/- 0.029312916382016177
