Background_rpf_2x0_par0: 3.0267992104458643 +/- 7.091454491437602
Background_rpf_2x0_par1: 55.51848828475846 +/- 128.09765354911397
Background_rpf_2x0_par2: -46.2054857562247 +/- 0.0
Background_rpf_2x0_par3: 0.04986762236237652 +/- 0.11639817140112299
