Background_rpf_2x0_par0: 2.877264235929682 +/- 0.11628632762355375
Background_rpf_2x0_par1: 50.33207638692957 +/- 6.02151956687095
Background_rpf_2x0_par3: 0.052839658862639374 +/- 0.0
