Background_rpf_2x0_par0: 2.7534716738584777 +/- 0.07198212027280262
Background_rpf_2x0_par1: 50.06197220747324 +/- 0.0
Background_rpf_2x0_par2: -40.886570289853005 +/- 112.15832323720639
Background_rpf_2x0_par3: 0.05492268907305233 +/- 0.0
