CMS_EXO26004_Background_rpf_2x0_par0: 0.05775573452760906 +/- 0.010620070959927596
CMS_EXO26004_Background_rpf_2x0_par1: 0.999948977376878 +/- 0.17749453276237842
CMS_EXO26004_Background_rpf_2x0_par2: -0.9072540683006952 +/- 0.16866441666555881
CMS_EXO26004_Background_rpf_2x0_par3: 1.474441228853977 +/- 0.26645402090424125
