CMS_AN23122_Background_rpf_2x0_par0: 0.07202183344640178 +/- 0.30773196236934186
CMS_AN23122_Background_rpf_2x0_par1: 0.5239960012154279 +/- 0.0
CMS_AN23122_Background_rpf_2x0_par3: 0.01651071277274354 +/- 0.06873621075706335
