CMS_EXO26004_Background_rpf_2x0_par0: 0.0007056939482924921 +/- 0.00015572886281037355
CMS_EXO26004_Background_rpf_2x0_par1: 0.013847616372731282 +/- 0.011996119618754094
CMS_EXO26004_Background_rpf_2x0_par2: -3.7089711865929075e-05 +/- 6.0505134790884725
