CMS_AN23122_Background_rpf_2x0_par0: 0.11386075805091787 +/- 0.030278206513789856
CMS_AN23122_Background_rpf_2x0_par1: 0.6501209066470236 +/- 1.0482838637511684
CMS_AN23122_Background_rpf_2x0_par3: 0.027419487081287705 +/- 0.0
