CMS_AN23122_Background_rpf_2x0_par0: 0.5479448102852872 +/- 1.701753765380135
CMS_AN23122_Background_rpf_2x0_par3: 0.00568105954860742 +/- 0.017486876139904753
