CMS_AN23122_Background_rpf_2x0_par0: 0.043597438636060824 +/- 0.009529392403496999
CMS_AN23122_Background_rpf_2x0_par1: 0.2601218158760662 +/- 1.3081502506713674
CMS_AN23122_Background_rpf_2x0_par2: -0.00026096849902065237 +/- 40.28458447126797
CMS_AN23122_Background_rpf_2x0_par3: 0.020189575588736457 +/- 0.0
