CMS_EXO26004_Background_rpf_2x0_par0: 0.0008960984562700298 +/- 0.0002896217179443653
CMS_EXO26004_Background_rpf_2x0_par1: 3.1357709227093807e-08 +/- 0.01834154102996499
CMS_EXO26004_Background_rpf_2x0_par2: 0.15488967861177075 +/- 0.1522213069709432
