CMS_EXO26004_Background_rpf_2x0_par0: 0.023353825110571925 +/- 0.012483623026692068
CMS_EXO26004_Background_rpf_2x0_par1: 0.5046280945361039 +/- 0.8197340025672087
CMS_EXO26004_Background_rpf_2x0_par2: -1.8272921116751616e-07 +/- 6.134512305151363
CMS_EXO26004_Background_rpf_2x0_par3: 0.03033132706989363 +/- 0.0
