CMS_EXO26004_Background_rpf_2x0_par0: 0.4787273767741477 +/- 1.7904840559833595
CMS_EXO26004_Background_rpf_2x0_par3: 0.0019213192722374473 +/- 0.007117807954981731
