CMS_EXO26004_Background_rpf_2x0_par0: 0.08173353686467835 +/- 0.024625862709227182
CMS_EXO26004_Background_rpf_2x0_par1: 0.9999998622878626 +/- 0.0
CMS_EXO26004_Background_rpf_2x0_par2: -1.0627588327492658e-07 +/- 2.121213477080342
CMS_EXO26004_Background_rpf_2x0_par3: 1.9999999999999993 +/- 0.4678279074531331
