CMS_AN23122_Background_rpf_2x0_par0: 0.07269990854819611 +/- 0.02993791116673032
CMS_AN23122_Background_rpf_2x0_par1: 0.5016209100706926 +/- 0.6546522785162866
CMS_AN23122_Background_rpf_2x0_par2: -2.7386946876983842e-15 +/- 0.0
CMS_AN23122_Background_rpf_2x0_par3: 0.042715822293572306 +/- 0.0
