CMS_AN23122_Background_rpf_2x0_par0: 0.08604628314599441 +/- 0.022850699389175902
CMS_AN23122_Background_rpf_2x0_par1: 0.5006111291052979 +/- 0.78594212525102
CMS_AN23122_Background_rpf_2x0_par2: -2.9269025975906166e-05 +/- 0.0
CMS_AN23122_Background_rpf_2x0_par3: 0.036235823033441035 +/- 0.0
