CMS_EXO26004_Background_rpf_2x0_par0: 0.0576493060947028 +/- 0.010584324712825785
CMS_EXO26004_Background_rpf_2x0_par1: 0.9999232549962063 +/- 0.17747536801030572
CMS_EXO26004_Background_rpf_2x0_par2: -0.9224475831810143 +/- 0.1800938840658325
CMS_EXO26004_Background_rpf_2x0_par3: 1.476756666840609 +/- 0.26655324332975555
