CMS_AN23122_Background_rpf_2x0_par0: 0.13863946677549127 +/- 0.42220722293042345
CMS_AN23122_Background_rpf_2x0_par1: 0.8607910898751215 +/- 2.3109451969502763
CMS_AN23122_Background_rpf_2x0_par3: 0.02235455614060857 +/- 0.06614573177238721
