CMS_EXO26004_Background_rpf_2x0_par0: 0.08389165756198781 +/- 0.012598650493981515
CMS_EXO26004_Background_rpf_2x0_par1: 0.500082988914571 +/- 0.13567341786686465
CMS_EXO26004_Background_rpf_2x0_par2: -0.17721818539039336 +/- 0.19466586560858634
CMS_EXO26004_Background_rpf_2x0_par3: 0.0014481771979690803 +/- 0.0
