CMS_AN23122_Background_rpf_2x0_par0: 0.05306604282939972 +/- 0.019261197622954328
CMS_AN23122_Background_rpf_2x0_par1: 0.5038665867149189 +/- 1.6842708193191316
CMS_AN23122_Background_rpf_2x0_par2: -1.2939092122451817e-05 +/- 19.961980905150213
CMS_AN23122_Background_rpf_2x0_par3: 0.014518141022108282 +/- 0.0
