CMS_AN23122_Background_rpf_2x0_par0: 10.68551325288941 +/- 35.91344516107317
CMS_AN23122_Background_rpf_2x0_par1: 50.00000202667105 +/- 0.0
CMS_AN23122_Background_rpf_2x0_par3: 0.00045835577538296695 +/- 0.0014393287571701423
