CMS_EXO26004_Background_rpf_2x0_par0: 0.527953783293986 +/- 1.594840209638788
CMS_EXO26004_Background_rpf_2x0_par3: 0.001744433250143956 +/- 0.005219826197146647
