CMS_AN23122_Background_rpf_2x0_par0: 0.07679895109765818 +/- 0.0146800180400051
CMS_AN23122_Background_rpf_2x0_par1: 0.554806305903216 +/- 1.1812903444097493
CMS_AN23122_Background_rpf_2x0_par3: 0.01548209196078671 +/- 0.0
