CMS_EXO26004_Background_rpf_2x0_par0: 0.062279933066499725 +/- 0.011681038376341144
CMS_EXO26004_Background_rpf_2x0_par1: 0.5167459805988114 +/- 0.5846552098874321
CMS_EXO26004_Background_rpf_2x0_par2: -7.814474410415117e-07 +/- 0.0
CMS_EXO26004_Background_rpf_2x0_par3: 0.012821480167331766 +/- 0.0
