CMS_EXO26004_Background_rpf_2x0_par0: 0.08172900111869019 +/- 0.025565976336938766
CMS_EXO26004_Background_rpf_2x0_par1: 0.9999999177829526 +/- 0.0
CMS_EXO26004_Background_rpf_2x0_par2: -7.937108997444712e-08 +/- 2.505960969949298
CMS_EXO26004_Background_rpf_2x0_par3: 1.999999999999999 +/- 0.48301035178486706
