CMS_AN23122_Background_rpf_2x0_par0: 0.060854701031953486 +/- 0.02242073080057352
CMS_AN23122_Background_rpf_2x0_par1: 0.5310018018329669 +/- 1.958086294533154
CMS_AN23122_Background_rpf_2x0_par2: -5.28424866259869e-07 +/- 22.978652591130466
CMS_AN23122_Background_rpf_2x0_par3: 0.012736112987697133 +/- 0.0
