CMS_EXO26004_Background_rpf_2x0_par0: 0.05775089131877431 +/- 0.011879497015305895
CMS_EXO26004_Background_rpf_2x0_par1: 0.9998507666498193 +/- 0.17250025033653293
CMS_EXO26004_Background_rpf_2x0_par2: -0.9071595300340297 +/- 0.0
CMS_EXO26004_Background_rpf_2x0_par3: 1.4745867623985158 +/- 0.29159422119315953
