CMS_EXO26004_Background_rpf_2x0_par0: 0.0009100651641518135 +/- 0.00018168976346115905
CMS_EXO26004_Background_rpf_2x0_par1: 0.0024250567430828623 +/- 0.006806450824994732
