CMS_AN23122_Background_rpf_2x0_par0: 0.08092006373032049 +/- 0.02914556803475533
CMS_AN23122_Background_rpf_2x0_par1: 0.5578541474866978 +/- 2.570374161757116
CMS_AN23122_Background_rpf_2x0_par2: -3.255122305708606e-06 +/- 28.282946539527572
CMS_AN23122_Background_rpf_2x0_par3: 0.009664168654953523 +/- 0.0
