CMS_EXO26004_Background_rpf_2x0_par0: 0.08375948789622616 +/- 0.012622950269183898
CMS_EXO26004_Background_rpf_2x0_par1: 0.501483605337808 +/- 0.13605573754733524
CMS_EXO26004_Background_rpf_2x0_par2: -0.18416605123138227 +/- 0.19500562578638794
CMS_EXO26004_Background_rpf_2x0_par3: 0.0014477218162010108 +/- 0.0
