CMS_EXO26004_Background_rpf_2x0_par0: 0.000709459692174536 +/- 0.00015566622359198273
CMS_EXO26004_Background_rpf_2x0_par1: 0.0135433912931091 +/- 0.011927747777763481
CMS_EXO26004_Background_rpf_2x0_par2: -0.0011741709653111925 +/- 5.9944783365931515
