CMS_EXO26004_Background_rpf_2x0_par0: 0.041056047112837175 +/- 0.014576834573366698
CMS_EXO26004_Background_rpf_2x0_par1: 0.5002774575168316 +/- 0.0
CMS_EXO26004_Background_rpf_2x0_par2: -0.7690459146605143 +/- 0.10704256813732765
CMS_EXO26004_Background_rpf_2x0_par3: 0.0024324607550854057 +/- 0.0004904988601270734
