CMS_EXO26004_Background_rpf_2x0_par0: 0.08173474397922263 +/- 0.02460774539120073
CMS_EXO26004_Background_rpf_2x0_par1: 0.9999999018722492 +/- 0.0
CMS_EXO26004_Background_rpf_2x0_par2: -5.5707937562845394e-08 +/- 2.0971142024092173
CMS_EXO26004_Background_rpf_2x0_par3: 2.0 +/- 0.46763027204181384
