CMS_EXO26004_Background_rpf_2x0_par0: 0.8525697427481804 +/- 8.44549914215002
CMS_EXO26004_Background_rpf_2x0_par3: 0.0010945792654440162 +/- 0.010731071750577019
