CMS_EXO26004_Background_rpf_1x0_par0: 0.015867927889827303 +/- 0.011625151532991047
CMS_EXO26004_Background_rpf_1x0_par1: 0.3874705873845045 +/- 0.3894929230258281
