CMS_EXO26004_Background_rpf_1x0_par0: 0.015868684609872386 +/- 0.00987025558532165
CMS_EXO26004_Background_rpf_1x0_par1: 0.3874546890222183 +/- 0.25540513471929915
