CMS_EXO26004_Background_rpf_2x0_par0: 0.0007088302854253391 +/- 0.0001557912753583557
CMS_EXO26004_Background_rpf_2x0_par1: 0.013711487909089052 +/- 0.011856404201864776
CMS_EXO26004_Background_rpf_2x0_par2: -0.00014833073510187684 +/- 5.880203344863873
