CMS_EXO26004_Background_rpf_2x0_par0: 0.08173469082228943 +/- 0.024652602977460924
CMS_EXO26004_Background_rpf_2x0_par1: 0.9999998343704525 +/- 0.0
CMS_EXO26004_Background_rpf_2x0_par2: -1.683300083388413e-07 +/- 2.2921326285263723
CMS_EXO26004_Background_rpf_2x0_par3: 1.9999999999999996 +/- 0.46771620144884174
