CMS_EXO26004_Background_rpf_2x0_par0: 0.02294812673290354 +/- 0.0038738498851755344
CMS_EXO26004_Background_rpf_2x0_par1: 0.5047644952657419 +/- 0.0
CMS_EXO26004_Background_rpf_2x0_par2: -3.971848117653547e-09 +/- 0.0
CMS_EXO26004_Background_rpf_2x0_par3: 0.030770486898183638 +/- 0.0
