CMS_AN23122_Background_rpf_2x0_par0: 0.937029529702571 +/- 0.5874462498575125
CMS_AN23122_Background_rpf_2x0_par3: 0.003376645289510159 +/- 0.0022006818065413805
