Background_rpf_2x0_par0: 0.12493952970015429 +/- 0.00839557639430669
Background_rpf_2x0_par1: 3.831292795369861 +/- 0.33709126643008847
Background_rpf_2x0_par2: -2.879815082597707 +/- 0.7278446556817108
Background_rpf_2x0_par3: 0.1726108224335531 +/- 0.0
