Background_rpf_2x0_par0: 1.277272465943692 +/- 0.11820520690855657
Background_rpf_2x0_par1: 50.4038639932673 +/- 5.032820702701441
Background_rpf_2x0_par2: -46.50233047064258 +/- 9.416816042021425
Background_rpf_2x0_par3: 0.013984325295025152 +/- 0.0
