Background_rpf_2x0_par0: 1.6550643810921075 +/- 0.11095033781286631
Background_rpf_2x0_par1: 50.000774802345376 +/- 4.42034207986444
Background_rpf_2x0_par2: -37.2024034203249 +/- 9.751797744234832
Background_rpf_2x0_par3: 0.0131008010151398 +/- 0.0
