Background_rpf_2x0_par0: 0.12965618264659373 +/- 0.008064436552303213
Background_rpf_2x0_par1: 3.9762403098221974 +/- 0.3044509151317421
Background_rpf_2x0_par2: -2.989279902767214 +/- 0.7149207518900643
Background_rpf_2x0_par3: 0.16632543272723435 +/- 0.0
