Background_rpf_2x0_par0: 1.6308496523567586 +/- 0.1130672007115443
Background_rpf_2x0_par1: 50.003613074740166 +/- 4.574003371961105
Background_rpf_2x0_par2: -37.58265154426516 +/- 9.687092379849483
Background_rpf_2x0_par3: 0.013224332087767575 +/- 0.0
