Background_rpf_2x0_par0: 99.9914673549213 +/- 14.800897935208479
Background_rpf_2x0_par1: 50.00002528645018 +/- 31.04078501218126
Background_rpf_2x0_par2: -2.425564529610902e-07 +/- 0.0
Background_rpf_2x0_par3: 0.0005678789026713278 +/- 8.45836896712944e-05
