Background_rpf_2x0_par0: 1.6304582234139369 +/- 0.1040468302750256
Background_rpf_2x0_par1: 50.005164084770094 +/- 3.957239173068015
Background_rpf_2x0_par2: -37.63038140763689 +/- 9.148352161843164
Background_rpf_2x0_par3: 0.013225268683846278 +/- 0.0
