Background_rpf_2x0_par0: 0.12509250006429695 +/- 0.008395577340197845
Background_rpf_2x0_par1: 3.836479905884455 +/- 0.3370098218303894
Background_rpf_2x0_par2: -2.88391536650033 +/- 0.728487456206811
Background_rpf_2x0_par3: 0.17239120844539285 +/- 0.0
