Background_rpf_2x0_par0: 1.629928935281264 +/- 0.1129146395947352
Background_rpf_2x0_par1: 50.01465670059681 +/- 4.567821846241434
Background_rpf_2x0_par2: -37.61195208343751 +/- 9.679873654838907
Background_rpf_2x0_par3: 0.01322762227776965 +/- 0.0
