Background_rpf_2x0_par0: 99.99999735352566 +/- 15.085419175420615
Background_rpf_2x0_par1: 50.00000784454043 +/- 32.12777090869729
Background_rpf_2x0_par2: -5.456399221337449e-14 +/- 0.0
Background_rpf_2x0_par3: 0.00056777976822554 +/- 8.619048298031645e-05
