CMS_EXO26004_Background_rpf_2x0_par0: 0.43835944615163913 +/- 1.2118964411346962
CMS_EXO26004_Background_rpf_2x0_par3: 0.0020968182934597165 +/- 0.00576780808823572
