CMS_AN23122_Background_rpf_2x0_par0: 8.723403041404149 +/- 20.75585216734278
CMS_AN23122_Background_rpf_2x0_par1: 50.00004277524656 +/- 0.0
CMS_AN23122_Background_rpf_2x0_par3: 0.00016457638714726243 +/- 0.00036832100425470115
