CMS_AN23122_Background_rpf_2x0_par0: 12.424049415726373 +/- 2.2331404613302284
CMS_AN23122_Background_rpf_2x0_par1: 50.24758173876453 +/- 88.12887465650029
CMS_AN23122_Background_rpf_2x0_par3: 0.00011818766801897659 +/- 0.0
