CMS_EXO26004_Background_rpf_2x0_par0: 0.4790248877018533 +/- 0.07334097670831045
CMS_EXO26004_Background_rpf_2x0_par3: 0.0019203444361224307 +/- 0.0
