CMS_EXO26004_Background_rpf_2x0_par0: 0.0009450640376287018 +/- 0.00019314582425655557
CMS_EXO26004_Background_rpf_2x0_par1: 0.0004402141281688432 +/- 0.007023556515577081
CMS_EXO26004_Background_rpf_2x0_par2: 0.04854673401956666 +/- 0.0
