CMS_EXO26004_Background_rpf_2x0_par0: 0.09125495477879604 +/- 0.0193931468301766
CMS_EXO26004_Background_rpf_2x0_par1: 0.5002369831572858 +/- 0.6929451642867914
CMS_EXO26004_Background_rpf_2x0_par3: 0.009823972561608902 +/- 0.0
