CMS_EXO26004_Background_rpf_2x0_par0: 0.000922908681966554 +/- 0.00012867437437479376
CMS_EXO26004_Background_rpf_2x0_par1: 6.843174933098906e-08 +/- 0.0
CMS_EXO26004_Background_rpf_2x0_par2: 0.05106537976306369 +/- 0.11951055161566859
