CMS_EXO26004_Background_rpf_2x0_par0: 0.1341786372859406 +/- 0.029207001043879192
CMS_EXO26004_Background_rpf_2x0_par1: 0.500261027800667 +/- 1.1663614936268718
CMS_EXO26004_Background_rpf_2x0_par3: 0.006637432949065986 +/- 0.0
