CMS_AN23122_Background_rpf_2x0_par0: 0.06715074374402642 +/- 0.018484041468912634
CMS_AN23122_Background_rpf_2x0_par1: 0.6080386418822453 +/- 1.516596167835467
CMS_AN23122_Background_rpf_2x0_par3: 0.06844410872991233 +/- 0.0
