CMS_EXO26004_Background_rpf_2x0_par0: 0.08167939785845489 +/- 0.02407093671580735
CMS_EXO26004_Background_rpf_2x0_par1: 0.9999998663018257 +/- 0.0
CMS_EXO26004_Background_rpf_2x0_par2: -1.6369968316054962e-07 +/- 1.9962800390587891
CMS_EXO26004_Background_rpf_2x0_par3: 2.0 +/- 0.46248311399635234
