CMS_EXO26004_Background_rpf_2x0_par0: 0.08173480062589861 +/- 0.024505446390338314
CMS_EXO26004_Background_rpf_2x0_par1: 0.9999998945678444 +/- 0.0
CMS_EXO26004_Background_rpf_2x0_par2: -3.237541263572709e-08 +/- 1.9981873790315998
CMS_EXO26004_Background_rpf_2x0_par3: 2.0 +/- 0.4661974160768347
