CMS_AN23122_Background_rpf_2x0_par0: 0.06634926665815233 +/- 0.3144267317875178
CMS_AN23122_Background_rpf_2x0_par1: 0.5353166071874902 +/- 3.735280440510731
CMS_AN23122_Background_rpf_2x0_par3: 0.07556617466369354 +/- 0.3655690219667631
