CMS_EXO26004_Background_rpf_2x0_par0: 0.5017152327404929 +/- 1.5344146842137227
CMS_EXO26004_Background_rpf_2x0_par3: 0.0018348879290149963 +/- 0.005558166562654225
