CMS_EXO26004_Background_rpf_2x0_par0: 0.000803636371203395 +/- 0.00021980532254683237
CMS_EXO26004_Background_rpf_2x0_par1: 0.008410836145793119 +/- 0.009241486244885608
CMS_EXO26004_Background_rpf_2x0_par2: -3.620338177035958e-05 +/- 6.830895007651778
