CMS_AN23122_Background_rpf_2x0_par0: 0.8070405516966653 +/- 3.8505069436151795
CMS_AN23122_Background_rpf_2x0_par3: 0.025329609488810644 +/- 0.12001946422476611
