CMS_EXO26004_Background_rpf_2x0_par0: 0.13679062343849957 +/- 0.029713914700951204
CMS_EXO26004_Background_rpf_2x0_par1: 0.5002752584601431 +/- 1.184844797539215
CMS_EXO26004_Background_rpf_2x0_par3: 0.006520269761492336 +/- 0.0
