CMS_EXO26004_Background_rpf_2x0_par0: 0.09521852846022649 +/- 0.044495032235704696
CMS_EXO26004_Background_rpf_2x0_par1: 0.5003415480119725 +/- 3.167057568186845
CMS_EXO26004_Background_rpf_2x0_par2: -4.5958391687294384e-05 +/- 37.174736267741864
CMS_EXO26004_Background_rpf_2x0_par3: 0.009343821813585227 +/- 0.0
