CMS_EXO26004_Background_rpf_2x0_par0: 0.0006921757265341075 +/- 0.00013952366569091115
CMS_EXO26004_Background_rpf_2x0_par1: 0.015239212507872888 +/- 0.0064073606332657644
