CMS_EXO26004_Background_rpf_2x0_par0: 0.0009387503199082131 +/- 0.00019100557532304239
CMS_EXO26004_Background_rpf_2x0_par1: 1.112207916971399e-06 +/- 0.007226885533024431
CMS_EXO26004_Background_rpf_2x0_par2: 0.05545438892502692 +/- 0.0
