CMS_AN23122_Background_rpf_2x0_par0: 0.729617340040828 +/- 1.7901483732499859
CMS_AN23122_Background_rpf_2x0_par3: 0.0012623407315320617 +/- 0.0030779623140784634
