CMS_AN23122_Background_rpf_2x0_par0: 0.07707785403880679 +/- 0.8218254398089502
CMS_AN23122_Background_rpf_2x0_par1: 0.5541612944140779 +/- 7.147491873549944
CMS_AN23122_Background_rpf_2x0_par3: 0.01542365812430498 +/- 0.1665793434600135
