CMS_AN23122_Background_rpf_2x0_par0: 0.06715250387306992 +/- 0.018445905275664053
CMS_AN23122_Background_rpf_2x0_par1: 0.6078484494430625 +/- 1.5145113974082078
CMS_AN23122_Background_rpf_2x0_par3: 0.06844504205536475 +/- 0.0
