CMS_EXO26004_Background_rpf_2x0_par0: 0.6349486241564347 +/- 0.10510096084100164
CMS_EXO26004_Background_rpf_2x0_par3: 0.001452457196799218 +/- 0.0
