CMS_EXO26004_Background_rpf_2x0_par0: 0.0007086222705207459 +/- 0.00016517545972152099
CMS_EXO26004_Background_rpf_2x0_par1: 0.01528529852455189 +/- 0.008304701668397994
CMS_EXO26004_Background_rpf_2x0_par2: -3.3366129779210225e-06 +/- 2.9917143864884057
