CMS_EXO26004_Background_rpf_2x0_par0: 0.057161917428827085 +/- 0.0011296080790657106
CMS_EXO26004_Background_rpf_2x0_par1: 0.9896636681751129 +/- 0.04671623766935512
CMS_EXO26004_Background_rpf_2x0_par2: -0.8979201216640885 +/- 0.2073202183690196
CMS_EXO26004_Background_rpf_2x0_par3: 1.4897465331462647 +/- 0.0
