CMS_EXO26004_Background_rpf_2x0_par0: 0.08310676340524382 +/- 0.01244484591065584
CMS_EXO26004_Background_rpf_2x0_par1: 0.5000202034379497 +/- 0.13373329490135596
CMS_EXO26004_Background_rpf_2x0_par2: -0.1827772971177661 +/- 0.19188730518951416
CMS_EXO26004_Background_rpf_2x0_par3: 0.0014577380153412858 +/- 0.0
