CMS_AN23122_Background_rpf_2x0_par0: 0.06295029269864248 +/- 0.015547291694012946
CMS_AN23122_Background_rpf_2x0_par1: 0.8960135497141485 +/- 0.24560940799413017
CMS_AN23122_Background_rpf_2x0_par2: -0.7868152241279645 +/- 0.2691094792376961
CMS_AN23122_Background_rpf_2x0_par3: 1.9998150514422983 +/- 0.49273562841535
