CMS_AN23122_Background_rpf_1x0_par0: 0.13754082982588836 +/- 0.004854077052415869
CMS_AN23122_Background_rpf_1x0_par1: 1.0820673791148265 +/- 0.09724508342401153
