CMS_AN23122_Background_rpf_1x0_par0: 0.13754365622393563 +/- 0.00502418786172755
CMS_AN23122_Background_rpf_1x0_par1: 1.0820294827883685 +/- 0.10936556880178551
