CMS_AN23122_Background_rpf_1x0_par0: 0.1290313183567642 +/- 0.004347824346521313
CMS_AN23122_Background_rpf_1x0_par1: 1.131189150126269 +/- 0.09445392680754865
