CMS_AN23122_Background_rpf_1x0_par0: 0.155579642289832 +/- 0.005272467206811116
CMS_AN23122_Background_rpf_1x0_par1: 0.09999999917336215 +/- 0.08392114368757189
