CMS_AN23122_Background_rpf_1x0_par0: 0.15664001909551367 +/- 0.004841057415574627
CMS_AN23122_Background_rpf_1x0_par1: 0.1 +/- 0.06077377843850376
