CMS_AN23122_Background_rpf_1x0_par0: 0.1290305865622127 +/- 0.004497233854991888
CMS_AN23122_Background_rpf_1x0_par1: 1.13115617526369 +/- 0.10524854140651302
