CMS_EXO26004_Background_rpf_2x0_par0: 0.14621879552559358 +/- 0.03221087709360134
CMS_EXO26004_Background_rpf_2x0_par1: 0.5104576553728922 +/- 1.3077517508028569
CMS_EXO26004_Background_rpf_2x0_par3: 0.006147233098201993 +/- 0.0
