CMS_AN23122_Background_rpf_2x0_par0: 0.057422822205288986 +/- 0.02131719309836053
CMS_AN23122_Background_rpf_2x0_par1: 0.5001676460799982 +/- 1.8578699274726305
CMS_AN23122_Background_rpf_2x0_par2: -4.541308568156992e-05 +/- 22.069209453289258
CMS_AN23122_Background_rpf_2x0_par3: 0.013476290599886274 +/- 0.0
