CMS_AN23122_Background_rpf_2x0_par0: 10.74028594491424 +/- 1.5963422943022232
CMS_AN23122_Background_rpf_2x0_par1: 50.00000305040839 +/- 0.0
CMS_AN23122_Background_rpf_2x0_par3: 0.0004562604160511933 +/- 0.0
