CMS_EXO26004_Background_rpf_2x0_par0: 0.05776320669710449 +/- 0.010576433208940004
CMS_EXO26004_Background_rpf_2x0_par1: 0.9999736692199369 +/- 0.17765991921844446
CMS_EXO26004_Background_rpf_2x0_par2: -0.9072298070827242 +/- 0.24104239937523997
CMS_EXO26004_Background_rpf_2x0_par3: 1.4742980106357881 +/- 0.2647430737552441
