CMS_EXO26004_Background_rpf_2x0_par0: 0.000698353336899434 +/- 0.0002520920785447936
CMS_EXO26004_Background_rpf_2x0_par1: 0.016198199118657323 +/- 0.0
CMS_EXO26004_Background_rpf_2x0_par2: 0.0 +/- 0.0
