CMS_AN23122_Background_rpf_2x0_par0: 0.6908389249380836 +/- 2.332297984829691
CMS_AN23122_Background_rpf_2x0_par3: 0.004462474343251829 +/- 0.01497555857541149
