CMS_AN23122_Background_rpf_2x0_par0: 0.06719129400183639 +/- 0.01846167598894318
CMS_AN23122_Background_rpf_2x0_par1: 0.6059357200666193 +/- 1.5157127381370634
CMS_AN23122_Background_rpf_2x0_par3: 0.06847258625737633 +/- 0.0
