CMS_EXO26004_Background_rpf_2x0_par0: 0.0006995186335853997 +/- 0.0001531014783949606
CMS_EXO26004_Background_rpf_2x0_par1: 0.014505330395548183 +/- 0.01165371622168402
CMS_EXO26004_Background_rpf_2x0_par2: -0.00019354772277797372 +/- 5.572614797564108
