CMS_AN23122_Background_rpf_2x0_par0: 0.07717972160295493 +/- 0.014786612128845612
CMS_AN23122_Background_rpf_2x0_par1: 0.5546629940346411 +/- 1.1917000111660716
CMS_AN23122_Background_rpf_2x0_par3: 0.015405832773040097 +/- 0.0
