CMS_AN23122_Background_rpf_2x0_par0: 0.8244222412248271 +/- 2.9151961165952867
CMS_AN23122_Background_rpf_2x0_par3: 0.024797450663513 +/- 0.08827102440933927
