CMS_AN23122_Background_rpf_2x0_par0: 0.7062668137372069 +/- 2.345734613588171
CMS_AN23122_Background_rpf_2x0_par3: 0.004407495501734576 +/- 0.0144970115076023
