CMS_EXO26004_Background_rpf_2x0_par0: 0.04698910297727266 +/- 0.008649589337139219
CMS_EXO26004_Background_rpf_2x0_par1: 0.5044552553398308 +/- 0.3005330693651575
CMS_EXO26004_Background_rpf_2x0_par2: -4.7060626476042727e-07 +/- 0.0
CMS_EXO26004_Background_rpf_2x0_par3: 0.01683548450710634 +/- 0.0
