CMS_AN23122_Background_rpf_2x0_par0: 0.07723282948048679 +/- 0.01481336243690243
CMS_AN23122_Background_rpf_2x0_par1: 0.552525747789909 +/- 1.1933976987283355
CMS_AN23122_Background_rpf_2x0_par3: 0.015396180551988827 +/- 0.0
