CMS_EXO26004_Background_rpf_2x0_par0: 0.0007030804940792357 +/- 0.0001548985372112087
CMS_EXO26004_Background_rpf_2x0_par1: 0.014129988697612804 +/- 0.011824937751423119
CMS_EXO26004_Background_rpf_2x0_par2: -0.00044766961467694296 +/- 5.782656051205385
