CMS_EXO26004_Background_rpf_2x0_par0: 0.0008912354961093001 +/- 0.00021936657265898824
CMS_EXO26004_Background_rpf_2x0_par1: 3.1159629875778493e-09 +/- 0.01279261691195752
