CMS_EXO26004_Background_rpf_2x0_par0: 0.02382426738957266 +/- 0.01371155715820318
CMS_EXO26004_Background_rpf_2x0_par1: 0.5043568032518958 +/- 0.9170412910497338
CMS_EXO26004_Background_rpf_2x0_par2: -8.754004838184247e-08 +/- 6.010283105189502
CMS_EXO26004_Background_rpf_2x0_par3: 0.029905582488460862 +/- 0.0
