CMS_EXO26004_Background_rpf_2x0_par0: 0.08391503811021855 +/- 0.012678275616180651
CMS_EXO26004_Background_rpf_2x0_par1: 0.5000887073527542 +/- 0.13686830605145908
CMS_EXO26004_Background_rpf_2x0_par2: -0.17821593069595867 +/- 0.19624284157354455
CMS_EXO26004_Background_rpf_2x0_par3: 0.0014477205094947042 +/- 0.0
