CMS_EXO26004_Background_rpf_2x0_par0: 0.054275785878740525 +/- 0.01004540312452452
CMS_EXO26004_Background_rpf_2x0_par1: 0.5241937433435008 +/- 0.38792221823740464
CMS_EXO26004_Background_rpf_2x0_par2: -7.627612262574475e-08 +/- 0.0
CMS_EXO26004_Background_rpf_2x0_par3: 0.01465289399786287 +/- 0.0
