Background_rpf_expo_par0: -0.999999953462219 +/- 0.0
Background_rpf_expo_par1: -4.326012741797718 +/- 0.010679041127543705
