CMS_EXO26004_Background_rpf_2x0_par0: 0.0009325105274118534 +/- 0.00013167661185563146
CMS_EXO26004_Background_rpf_2x0_par1: 2.2299030390070381e-07 +/- 0.0
CMS_EXO26004_Background_rpf_2x0_par2: 0.06273566437473212 +/- 0.10383133009121183
