CMS_EXO26004_Background_rpf_2x0_par0: 0.12035392065207062 +/- 0.05083212324577414
CMS_EXO26004_Background_rpf_2x0_par1: 0.5131364182726935 +/- 3.5070527874457462
CMS_EXO26004_Background_rpf_2x0_par2: -6.899332003822102e-07 +/- 40.50715827587055
CMS_EXO26004_Background_rpf_2x0_par3: 0.007464249977482795 +/- 0.0
