CMS_EXO26004_Background_rpf_2x0_par0: 0.052829087908172784 +/- 0.00980384170667199
CMS_EXO26004_Background_rpf_2x0_par1: 0.5000025754312946 +/- 0.38560706190571387
CMS_EXO26004_Background_rpf_2x0_par2: -1.196853013502681e-06 +/- 0.0
CMS_EXO26004_Background_rpf_2x0_par3: 0.015098574610421776 +/- 0.0
