CMS_EXO26004_Background_rpf_2x0_par0: 0.06142312117014609 +/- 0.012274974753054687
CMS_EXO26004_Background_rpf_2x0_par1: 0.9997223274688576 +/- 0.18917749388029342
CMS_EXO26004_Background_rpf_2x0_par2: -0.8954323534832703 +/- 0.17625868157892102
CMS_EXO26004_Background_rpf_2x0_par3: 1.4021344962076114 +/- 0.2741375549681231
