CMS_EXO26004_Background_rpf_2x0_par0: 0.08336675343473333 +/- 0.01252390255363036
CMS_EXO26004_Background_rpf_2x0_par1: 0.5002819497208723 +/- 0.13492030481114548
CMS_EXO26004_Background_rpf_2x0_par2: -0.18259412787200366 +/- 0.1935991896327567
CMS_EXO26004_Background_rpf_2x0_par3: 0.0014542704519366003 +/- 0.0
