CMS_EXO26004_Background_rpf_2x0_par0: 0.08345835115547967 +/- 0.01261644866255188
CMS_EXO26004_Background_rpf_2x0_par1: 0.500143837155878 +/- 0.1362915398572609
CMS_EXO26004_Background_rpf_2x0_par2: -0.1799829791526139 +/- 0.19535426209286708
CMS_EXO26004_Background_rpf_2x0_par3: 0.0014525054024558122 +/- 0.0
