CMS_EXO26004_Background_rpf_2x0_par0: 0.0008985062136353053 +/- 0.00018325304043025444
CMS_EXO26004_Background_rpf_2x0_par1: 0.003162176854444373 +/- 0.007083533403210516
