CMS_EXO26004_Background_rpf_2x0_par0: 0.0007595073347432048 +/- 0.0001704813165966828
CMS_EXO26004_Background_rpf_2x0_par1: 0.00955498256862725 +/- 0.009557198972126224
