CMS_EXO26004_Background_rpf_2x0_par0: 0.0007103670224273354 +/- 0.00015594177278104016
CMS_EXO26004_Background_rpf_2x0_par1: 0.015102578870682155 +/- 0.007414406395991494
CMS_EXO26004_Background_rpf_2x0_par2: -1.0791516468248389e-08 +/- 2.714461171904166
