CMS_EXO26004_Background_rpf_2x0_par0: 0.0008983775613062144 +/- 0.0005010616612235284
CMS_EXO26004_Background_rpf_2x0_par1: 7.568789293769564e-09 +/- 0.0349298306085258
CMS_EXO26004_Background_rpf_2x0_par2: 0.1341478993031414 +/- 0.41492069953762606
