CMS_EXO26004_Background_rpf_2x0_par0: 0.028608980552457076 +/- 0.006391182491643847
CMS_EXO26004_Background_rpf_2x0_par1: 0.5016449621166928 +/- 0.23380581034934564
CMS_EXO26004_Background_rpf_2x0_par2: -8.344284087146575e-07 +/- 0.0
CMS_EXO26004_Background_rpf_2x0_par3: 0.025959630886626194 +/- 0.0
