CMS_EXO26004_Background_rpf_2x0_par0: 0.05660344554238142 +/- 0.0010430863571239913
CMS_EXO26004_Background_rpf_2x0_par1: 0.9802682544529765 +/- 0.03575772925500383
CMS_EXO26004_Background_rpf_2x0_par2: -0.8895580560886849 +/- 0.0621146663064005
CMS_EXO26004_Background_rpf_2x0_par3: 1.5043087522493992 +/- 0.0
