CMS_EXO26004_Background_rpf_2x0_par0: 0.0007972347068715521 +/- 0.00017059823174236339
CMS_EXO26004_Background_rpf_2x0_par1: 0.010483168114486624 +/- 0.008184750941676701
CMS_EXO26004_Background_rpf_2x0_par2: -4.648408394314352e-15 +/- 4.69848307758279
