CMS_EXO26004_Background_rpf_2x0_par0: 0.0006937296334784773 +/- 0.00015629656011713152
CMS_EXO26004_Background_rpf_2x0_par1: 0.017218058151239137 +/- 0.007281804295936526
CMS_EXO26004_Background_rpf_2x0_par2: -2.662651614438686e-09 +/- 2.439290048464215
