CMS_EXO26004_Background_rpf_2x0_par0: 0.08173465657382624 +/- 0.0246049126108487
CMS_EXO26004_Background_rpf_2x0_par1: 0.9999999038965453 +/- 0.0
CMS_EXO26004_Background_rpf_2x0_par2: -5.670191238337386e-08 +/- 2.096784328870232
CMS_EXO26004_Background_rpf_2x0_par3: 2.0 +/- 0.4675992793026561
