CMS_EXO26004_Background_rpf_2x0_par0: 0.0007032546198052563 +/- 0.0001540314000423569
CMS_EXO26004_Background_rpf_2x0_par1: 0.013940714809588533 +/- 0.011906469639160262
CMS_EXO26004_Background_rpf_2x0_par2: -3.7963791787530305e-05 +/- 5.860976429619734
