CMS_EXO26004_Background_rpf_2x0_par0: 0.08172420312498509 +/- 0.027375388798988258
CMS_EXO26004_Background_rpf_2x0_par1: 0.9999999805401261 +/- 0.0
CMS_EXO26004_Background_rpf_2x0_par2: -3.856831512891743e-06 +/- 2.669435979748032
CMS_EXO26004_Background_rpf_2x0_par3: 2.0 +/- 0.5181445548092884
