CMS_EXO26004_Background_rpf_2x0_par0: 0.0007841383099435823 +/- 0.0001650793526283426
CMS_EXO26004_Background_rpf_2x0_par1: 0.009785297910848355 +/- 0.007745886182485634
