CMS_AN23122_Background_rpf_2x0_par0: 0.7528620844387962 +/- 3.019361346506177
CMS_AN23122_Background_rpf_2x0_par3: 0.02714095779748069 +/- 0.10807064113447419
