CMS_EXO26004_Background_rpf_2x0_par0: 0.000708270493217673 +/- 0.00016423376718155045
CMS_EXO26004_Background_rpf_2x0_par1: 0.0153095654893119 +/- 0.008054907526900728
CMS_EXO26004_Background_rpf_2x0_par2: -4.4944888191711906e-08 +/- 3.2125022971575827
