CMS_AN23122_Background_rpf_2x0_par0: 0.627489457098967 +/- 1.665585007342864
CMS_AN23122_Background_rpf_2x0_par3: 0.004975591981957693 +/- 0.01310088072373768
