CMS_AN23122_Background_rpf_2x0_par0: 0.1607046552590412 +/- 0.262808606613014
CMS_AN23122_Background_rpf_2x0_par3: 0.01939711658662999 +/- 0.02820865403732582
