CMS_EXO26004_Background_rpf_2x0_par0: 0.028662046911023083 +/- 0.006403127852219572
CMS_EXO26004_Background_rpf_2x0_par1: 0.5016723813964569 +/- 0.23437848822581928
CMS_EXO26004_Background_rpf_2x0_par2: -3.4891105712584955e-07 +/- 0.0
CMS_EXO26004_Background_rpf_2x0_par3: 0.025920793675495834 +/- 0.0
