CMS_EXO26004_Background_rpf_2x0_par0: 0.08391923057938144 +/- 0.0126431427755316
CMS_EXO26004_Background_rpf_2x0_par1: 0.501105549908658 +/- 0.13620213980260892
CMS_EXO26004_Background_rpf_2x0_par2: -0.1787946287546767 +/- 0.1953182447941475
CMS_EXO26004_Background_rpf_2x0_par3: 0.001445976059195361 +/- 0.0
