CMS_EXO26004_Background_rpf_2x0_par0: 0.024657839559189716 +/- 0.004100237942970522
CMS_EXO26004_Background_rpf_2x0_par1: 0.5034242291915614 +/- 0.0
CMS_EXO26004_Background_rpf_2x0_par2: -4.609258315727352e-07 +/- 0.0
CMS_EXO26004_Background_rpf_2x0_par3: 0.029084019933959898 +/- 0.0
