Background_rpf_expo_par0: -0.9999999999923238 +/- 0.0
Background_rpf_expo_par1: -4.3175491545285265 +/- 0.010702079202082057
