CMS_EXO26004_Background_rpf_2x0_par0: 0.0009007202769824806 +/- 0.00018236331057634963
CMS_EXO26004_Background_rpf_2x0_par1: 0.005859303100286278 +/- 0.006190230782497456
