CMS_EXO26004_Background_rpf_2x0_par0: 0.000753993178087465 +/- 0.0002655203281494781
CMS_EXO26004_Background_rpf_2x0_par1: 0.009420799132006372 +/- 0.0216469911782939
