CMS_EXO26004_Background_rpf_2x0_par0: 0.05754471400978236 +/- 0.010709133301807327
CMS_EXO26004_Background_rpf_2x0_par1: 0.996593656477815 +/- 0.17839031942853095
CMS_EXO26004_Background_rpf_2x0_par2: -0.9044041510779796 +/- 0.16838895072639842
CMS_EXO26004_Background_rpf_2x0_par3: 1.4796918134027284 +/- 0.2702723380590297
