Background_rpf_2x0_par0: 2.0922772215771204 +/- 0.7252242043139392
Background_rpf_2x0_par1: 50.00320294369837 +/- 46.55215705189706
Background_rpf_2x0_par3: 0.022185198308085928 +/- 0.0
