Background_rpf_2x0_par0: 2.1043658662445215 +/- 0.48555656592263735
Background_rpf_2x0_par1: 50.01195972668013 +/- 17.91280559196575
Background_rpf_2x0_par3: 0.022086775861907847 +/- 0.0
