CMS_EXO26004_Background_rpf_2x0_par0: 0.8785055594065273 +/- 3.2717521519213157
CMS_EXO26004_Background_rpf_2x0_par3: 0.0009705649543385188 +/- 0.003595048527777797
