CMS_EXO26004_Background_rpf_2x0_par0: 0.036081797925952036 +/- 0.012340479893908124
CMS_EXO26004_Background_rpf_2x0_par1: 0.5000254353149057 +/- 0.6628847775480218
CMS_EXO26004_Background_rpf_2x0_par2: -1.697079427066101e-05 +/- 0.0
CMS_EXO26004_Background_rpf_2x0_par3: 0.021527860239001807 +/- 0.0
