Background_rpf_1x0_par0: 0.042132849643383936 +/- 0.0010336474162865221
Background_rpf_1x0_par1: 0.6075288567424562 +/- 0.047365065574167704
