Background_rpf_1x0_par0: 0.041862635230570766 +/- 0.0010265070995680585
Background_rpf_1x0_par1: 0.6394730478988634 +/- 0.04362210387243813
