CMS_EXO26004_Background_rpf_2x0_par0: 0.057412582621577786 +/- 0.0010419614815082496
CMS_EXO26004_Background_rpf_2x0_par1: 0.991169743235873 +/- 0.03453410349963756
CMS_EXO26004_Background_rpf_2x0_par2: -0.9026830277814599 +/- 0.062104068544596325
CMS_EXO26004_Background_rpf_2x0_par3: 1.4842679816093445 +/- 0.0
