CMS_EXO26004_Background_rpf_2x0_par0: 0.057116967224364414 +/- 0.0009834718191707459
CMS_EXO26004_Background_rpf_2x0_par1: 0.9888795282088699 +/- 0.028374511576671774
CMS_EXO26004_Background_rpf_2x0_par2: -0.8972451884226648 +/- 0.0
CMS_EXO26004_Background_rpf_2x0_par3: 1.4909220866484614 +/- 0.0
