CMS_EXO26004_Background_rpf_2x0_par0: 0.0007081473415268801 +/- 0.0001546891972178945
CMS_EXO26004_Background_rpf_2x0_par1: 0.01350080289318204 +/- 0.011932181961858978
CMS_EXO26004_Background_rpf_2x0_par2: -2.5297860457863244e-05 +/- 5.923406406046202
