CMS_EXO26004_Background_rpf_2x0_par0: 0.0009332280053098887 +/- 0.0001846022542959846
CMS_EXO26004_Background_rpf_2x0_par1: 0.0023950911618910243 +/- 0.006587627112851624
CMS_EXO26004_Background_rpf_2x0_par2: 0.01798263039667894 +/- 0.0
