CMS_EXO26004_Background_rpf_2x0_par0: 0.13560781911483025 +/- 0.029217034362320017
CMS_EXO26004_Background_rpf_2x0_par1: 0.5279150549021497 +/- 1.0929434402830014
CMS_EXO26004_Background_rpf_2x0_par3: 0.006790362441931749 +/- 0.0
