CMS_EXO26004_Background_rpf_2x0_par0: 0.8756515524223245 +/- 2.398836764320741
CMS_EXO26004_Background_rpf_2x0_par3: 0.0010557503512177685 +/- 0.0028752971610510607
