CMS_EXO26004_Background_rpf_2x0_par0: 0.04873542573085522 +/- 0.008969701884382555
CMS_EXO26004_Background_rpf_2x0_par1: 0.500033551001158 +/- 0.33903512301799216
CMS_EXO26004_Background_rpf_2x0_par2: -2.3235100298640843e-08 +/- 0.0
CMS_EXO26004_Background_rpf_2x0_par3: 0.016257032508188097 +/- 0.0
