CMS_EXO26004_Background_rpf_2x0_par0: 0.023823548002418843 +/- 0.0124835531448031
CMS_EXO26004_Background_rpf_2x0_par1: 0.5042183910651981 +/- 0.8119030741219294
CMS_EXO26004_Background_rpf_2x0_par2: -6.925169105591149e-08 +/- 11.0289083790649
CMS_EXO26004_Background_rpf_2x0_par3: 0.029900848467993155 +/- 0.0
