CMS_EXO26004_Background_rpf_2x0_par0: 0.02674976358581429 +/- 0.013403113122025738
CMS_EXO26004_Background_rpf_2x0_par1: 0.5025270399932882 +/- 0.8714486243943268
CMS_EXO26004_Background_rpf_2x0_par2: -2.399020181402707e-09 +/- 6.3889027805161085
CMS_EXO26004_Background_rpf_2x0_par3: 0.027283433555863823 +/- 0.0
