CMS_EXO26004_Background_rpf_2x0_par0: 0.9832193186486992 +/- 0.4645102364996601
CMS_EXO26004_Background_rpf_2x0_par3: 0.0009405064893278566 +/- 0.00048396457379615103
