CMS_AN23122_Background_rpf_2x0_par0: 0.8573566125824834 +/- 3.35398381624093
CMS_AN23122_Background_rpf_2x0_par3: 0.0037950257333110196 +/- 0.014726632397387128
