CMS_EXO26004_Background_rpf_2x0_par0: 0.023115993949862176 +/- 0.01335745199319497
CMS_EXO26004_Background_rpf_2x0_par1: 0.5047281847735878 +/- 0.9505354353900698
CMS_EXO26004_Background_rpf_2x0_par2: -6.74861872184936e-08 +/- 6.332731725634812
CMS_EXO26004_Background_rpf_2x0_par3: 0.030561135492188744 +/- 0.0
