CMS_AN23122_Background_rpf_2x0_par0: 0.1563009028594744 +/- 0.24780435002812265
CMS_AN23122_Background_rpf_2x0_par3: 0.020053047401093274 +/- 0.028277737248000943
