CMS_AN23122_Background_rpf_2x0_par0: 0.07264056740100641 +/- 0.01927712336834123
CMS_AN23122_Background_rpf_2x0_par1: 0.5021289016043505 +/- 0.6521222947794829
CMS_AN23122_Background_rpf_2x0_par2: -7.067689543611803e-07 +/- 0.0
CMS_AN23122_Background_rpf_2x0_par3: 0.042741862648115705 +/- 0.0
