CMS_EXO26004_Background_rpf_2x0_par0: 0.056670948669575824 +/- 0.0011176436723421888
CMS_EXO26004_Background_rpf_2x0_par1: 0.9811950021998331 +/- 0.046105743449698394
CMS_EXO26004_Background_rpf_2x0_par2: -0.8902787438370965 +/- 0.20285461425410845
CMS_EXO26004_Background_rpf_2x0_par3: 1.5026458256268105 +/- 0.0
