CMS_AN23122_Background_rpf_2x0_par0: 0.12701723034117798 +/- 0.03776707150464616
CMS_AN23122_Background_rpf_2x0_par1: 0.5215439317022379 +/- 2.178324593919038
CMS_AN23122_Background_rpf_2x0_par3: 0.024897920039700285 +/- 0.0
