CMS_EXO26004_Background_rpf_2x0_par0: 0.050661938504333426 +/- 0.009429297491692875
CMS_EXO26004_Background_rpf_2x0_par1: 0.5064515889995475 +/- 0.3727422983414025
CMS_EXO26004_Background_rpf_2x0_par2: -5.278744712702908e-06 +/- 0.0
CMS_EXO26004_Background_rpf_2x0_par3: 0.01569826574592862 +/- 0.0
