CMS_EXO26004_Background_rpf_2x0_par0: 0.02676392333857304 +/- 0.004388945500892694
CMS_EXO26004_Background_rpf_2x0_par1: 0.5023765634580515 +/- 0.0
CMS_EXO26004_Background_rpf_2x0_par2: -6.586637401662966e-08 +/- 0.0
CMS_EXO26004_Background_rpf_2x0_par3: 0.027278419025268053 +/- 0.0
