CMS_AN23122_Background_rpf_2x0_par0: 0.0671558334876245 +/- 0.01850943778655825
CMS_AN23122_Background_rpf_2x0_par1: 0.6079991309369815 +/- 1.518150204067229
CMS_AN23122_Background_rpf_2x0_par3: 0.06845269032498648 +/- 0.0
