CMS_EXO26004_Background_rpf_2x0_par0: 0.0709805218628552 +/- 0.03273653870153582
CMS_EXO26004_Background_rpf_2x0_par1: 0.5002990095766696 +/- 3.173060093082983
CMS_EXO26004_Background_rpf_2x0_par2: -4.63100650579043e-09 +/- 31.087443174892268
CMS_EXO26004_Background_rpf_2x0_par3: 0.011401377400021053 +/- 0.0
