CMS_EXO26004_Background_rpf_2x0_par0: 0.0008948268295596064 +/- 0.0003169349679469668
CMS_EXO26004_Background_rpf_2x0_par1: 7.027396518161349e-09 +/- 0.02028032213454348
CMS_EXO26004_Background_rpf_2x0_par2: 0.14364137648538622 +/- 0.1969913101328155
