Background_rpf_expo_par0: -0.9999999999999998 +/- 0.0
Background_rpf_expo_par1: -3.3156441976797573 +/- 0.062095334370001976
