Background_rpf_expo_par0: -0.9999999999998609 +/- 1.0350938171080912
Background_rpf_expo_par1: -3.279409887711219 +/- 0.05679423444467327
