Background_rpf_expo_par0: -0.9999999999997096 +/- 0.0
Background_rpf_expo_par1: -3.191940511712746 +/- 0.0835551055687773
