Background_rpf_expo_par0: -0.9999998551183655 +/- 24.613196212084908
Background_rpf_expo_par1: -3.2494118760244106 +/- 0.08215663356642466
