Background_rpf_expo_par0: -0.9999999992084193 +/- 0.0
Background_rpf_expo_par1: -3.3169807850049082 +/- 0.05870209204185795
