Background_rpf_expo_par0: -0.9999999999999893 +/- 1.599155140727631
Background_rpf_expo_par1: -3.2179992423751207 +/- 0.06837970076071954
