Background_rpf_expo_par0: -0.9999999999997571 +/- 1.4579775230561267
Background_rpf_expo_par1: -3.1529758215212973 +/- 0.07122001014885013
