Background_rpf_expo_par0: -0.9999999999999374 +/- 1.0911929259986475
Background_rpf_expo_par1: -3.2807580478589777 +/- 0.0551994378809163
