CMS_EXO26004_Background_rpf_2x0_par0: 0.08977293920330565 +/- 0.01780690311354836
CMS_EXO26004_Background_rpf_2x0_par1: 0.650123594621325 +/- 1.2009021845786838
CMS_EXO26004_Background_rpf_2x0_par2: -4.975361141525483e-09 +/- 0.0
CMS_EXO26004_Background_rpf_2x0_par3: 0.00895637908040959 +/- 0.0
