CMS_AN23122_Background_rpf_2x0_par0: 0.07699962721283712 +/- 0.014750945146793168
CMS_AN23122_Background_rpf_2x0_par1: 0.5538547588402144 +/- 1.1887067499059052
CMS_AN23122_Background_rpf_2x0_par3: 0.015442064156273722 +/- 0.0
