CMS_AN23122_Background_rpf_2x0_par0: 8.722896657201296 +/- 20.429072688528542
CMS_AN23122_Background_rpf_2x0_par1: 50.000042781438765 +/- 0.0
CMS_AN23122_Background_rpf_2x0_par3: 0.0001645849697872286 +/- 0.00036203496164385397
