CMS_AN23122_Background_rpf_2x0_par0: 40.501256388769065 +/- 222.4622161472668
CMS_AN23122_Background_rpf_2x0_par3: 3.628519730048929e-05 +/- 0.00019935598843406378
