CMS_AN23122_Background_rpf_2x0_par0: 0.06858030719873265 +/- 0.012197889275549326
CMS_AN23122_Background_rpf_2x0_par1: 0.5106369379826853 +/- 0.0
CMS_AN23122_Background_rpf_2x0_par3: 0.017329969783507787 +/- 0.0
