CMS_AN23122_Background_rpf_2x0_par0: 0.06715823440772557 +/- 0.018501620348324192
CMS_AN23122_Background_rpf_2x0_par1: 0.6077116405165499 +/- 1.517654779317615
CMS_AN23122_Background_rpf_2x0_par3: 0.06845371602296262 +/- 0.0
