CMS_EXO26004_Background_rpf_2x0_par0: 0.0007583910896650247 +/- 0.0001854867113193708
CMS_EXO26004_Background_rpf_2x0_par1: 0.008999688629747813 +/- 0.012450947752367937
