CMS_EXO26004_Background_rpf_2x0_par0: 0.051023246155800436 +/- 0.00944143206467501
CMS_EXO26004_Background_rpf_2x0_par1: 0.5017352855629573 +/- 0.3682239026006831
CMS_EXO26004_Background_rpf_2x0_par2: -8.084445963111773e-05 +/- 0.0
CMS_EXO26004_Background_rpf_2x0_par3: 0.015606204338878913 +/- 0.0
