CMS_AN23122_Background_rpf_2x0_par0: 0.06027478817048196 +/- 0.022162593911478387
CMS_AN23122_Background_rpf_2x0_par1: 0.5147306437828876 +/- 1.9333135157302668
CMS_AN23122_Background_rpf_2x0_par2: -4.149395726206744e-06 +/- 22.739230555612888
CMS_AN23122_Background_rpf_2x0_par3: 0.01284637109632272 +/- 0.0
