CMS_EXO26004_Background_rpf_2x0_par0: 0.0007126177193699586 +/- 0.00018141461070344817
CMS_EXO26004_Background_rpf_2x0_par1: 0.015143973266314725 +/- 0.008407844763522283
CMS_EXO26004_Background_rpf_2x0_par2: -6.182752658641117e-09 +/- 3.8525472432013927
