CMS_EXO26004_Background_rpf_2x0_par0: 0.0007224472301946871 +/- 0.0001551112453990422
CMS_EXO26004_Background_rpf_2x0_par1: 0.012210869924307194 +/- 0.008792683802410328
