CMS_AN23122_Background_rpf_2x0_par0: 0.09829179464216499 +/- 0.40604361041258624
CMS_AN23122_Background_rpf_2x0_par1: 0.5769549940358388 +/- 3.2691439151715476
CMS_AN23122_Background_rpf_2x0_par3: 0.012100410940900487 +/- 0.05053963901594677
