CMS_EXO26004_Background_rpf_2x0_par0: 0.08173683122809296 +/- 0.024542285038118675
CMS_EXO26004_Background_rpf_2x0_par1: 0.9999997991809547 +/- 0.0
CMS_EXO26004_Background_rpf_2x0_par2: -1.0065793092829548e-06 +/- 2.0796523888256644
CMS_EXO26004_Background_rpf_2x0_par3: 1.9999999999999993 +/- 0.46658338893479206
