CMS_EXO26004_Background_rpf_2x0_par0: 0.000895924107835752 +/- 0.00030053177842690907
CMS_EXO26004_Background_rpf_2x0_par1: 5.5774337961154476e-09 +/- 0.019165884224642136
CMS_EXO26004_Background_rpf_2x0_par2: 0.1492704834028152 +/- 0.16921604334539136
