Background_rpf_2x0_par0: 1.533545221655384 +/- 0.04793531446992994
Background_rpf_2x0_par1: 50.02622542823238 +/- 5.19945193978047
Background_rpf_2x0_par2: -49.99925205964335 +/- 0.0
Background_rpf_2x0_par3: 0.0592701286847161 +/- 0.0
