Background_rpf_2x0_par0: 1.007662426460465 +/- 2.878049378423727
Background_rpf_2x0_par1: 50.67378648686097 +/- 136.20724169238215
Background_rpf_2x0_par2: -49.99997052402751 +/- 0.0
Background_rpf_2x0_par3: 0.06024118385419541 +/- 0.16812085071676217
