Background_rpf_2x0_par0: 1.0077345565807334 +/- 0.09163609624603858
Background_rpf_2x0_par1: 50.677388677392564 +/- 4.937029526839036
Background_rpf_2x0_par2: -49.99997018733074 +/- 0.0
Background_rpf_2x0_par3: 0.06023681420380291 +/- 0.0
