Background_rpf_2x0_par0: 1.007702382314368 +/- 0.09175076234639411
Background_rpf_2x0_par1: 50.675767638349555 +/- 4.943576962480684
Background_rpf_2x0_par2: -49.99997036482318 +/- 0.0
Background_rpf_2x0_par3: 0.060238778229225916 +/- 0.0
