Background_rpf_2x0_par0: 1.948686899888545 +/- 0.08606512416951653
Background_rpf_2x0_par1: 62.55940097844088 +/- 9.563871810573094
Background_rpf_2x0_par2: -49.99999749293594 +/- 162.96392517118886
Background_rpf_2x0_par3: 0.046803369155387166 +/- 0.0
