Background_rpf_2x0_par0: 1.0076976707218679 +/- 0.09170199764754013
Background_rpf_2x0_par1: 50.67556246466662 +/- 4.940535696963264
Background_rpf_2x0_par2: -49.99997010619574 +/- 0.0
Background_rpf_2x0_par3: 0.060239044303441465 +/- 0.0
