Background_rpf_2x0_par0: 1.5332252151995307 +/- 0.04791625714120672
Background_rpf_2x0_par1: 50.02398450133956 +/- 5.197678720745442
Background_rpf_2x0_par2: -49.998701797667785 +/- 0.0
Background_rpf_2x0_par3: 0.05928000648212695 +/- 0.0
