CMS_EXO26004_Background_rpf_2x0_par0: 0.05025739984079806 +/- 0.009282824795472424
CMS_EXO26004_Background_rpf_2x0_par1: 0.5015649884190536 +/- 0.3631742392158191
CMS_EXO26004_Background_rpf_2x0_par2: -9.73436541787994e-07 +/- 0.0
CMS_EXO26004_Background_rpf_2x0_par3: 0.015792687163602964 +/- 0.0
