Background_rpf_expo_par0: -0.9999999946392122 +/- 0.0
Background_rpf_expo_par1: -4.316644906863468 +/- 0.010763810471548825
