Background_rpf_1x0_par0: 0.30269793020402486 +/- 0.022617896607300313
Background_rpf_1x0_par1: 2.1347700461035672 +/- 2.024842663500589
