CMS_EXO26004_Background_rpf_2x0_par0: 0.0007590722592782336 +/- 0.0003226774934977691
CMS_EXO26004_Background_rpf_2x0_par1: 0.01193227992426801 +/- 0.012051553218432749
CMS_EXO26004_Background_rpf_2x0_par2: -1.2577761957714532e-08 +/- 9.819241619278477
