CMS_AN23122_Background_rpf_2x0_par0: 0.6547626280354951 +/- 2.2877087000190754
CMS_AN23122_Background_rpf_2x0_par3: 0.031167182121587502 +/- 0.10887968686683448
