CMS_AN23122_Background_rpf_2x0_par0: 0.0671556732315832 +/- 0.46523136605449356
CMS_AN23122_Background_rpf_2x0_par1: 0.6081101881705278 +/- 5.809250085451611
CMS_AN23122_Background_rpf_2x0_par3: 0.06845307274061513 +/- 0.4871699043043063
