CMS_EXO26004_Background_rpf_2x0_par0: 0.022887325394939578 +/- 0.004299882269435026
CMS_EXO26004_Background_rpf_2x0_par1: 0.5050424559412935 +/- 0.0
CMS_EXO26004_Background_rpf_2x0_par2: -2.614408167742402e-07 +/- 0.0
CMS_EXO26004_Background_rpf_2x0_par3: 0.030726480306448593 +/- 0.0
