CMS_EXO26004_Background_rpf_2x0_par0: 0.0849481416209411 +/- 0.012771202608001646
CMS_EXO26004_Background_rpf_2x0_par1: 0.5073150987934377 +/- 0.13757719983673747
CMS_EXO26004_Background_rpf_2x0_par2: -0.18056759285665228 +/- 0.1974181738964151
CMS_EXO26004_Background_rpf_2x0_par3: 0.0014289022872306346 +/- 0.0
