CMS_EXO26004_Background_rpf_2x0_par0: 0.08173396570227075 +/- 0.024443486868903897
CMS_EXO26004_Background_rpf_2x0_par1: 0.9999992356596917 +/- 0.0
CMS_EXO26004_Background_rpf_2x0_par2: -1.1473209156906763e-07 +/- 1.8406197518995855
CMS_EXO26004_Background_rpf_2x0_par3: 2.0 +/- 0.46554403613693235
