CMS_EXO26004_Background_rpf_2x0_par0: 0.0007185862641321012 +/- 0.0001605329126094577
CMS_EXO26004_Background_rpf_2x0_par1: 0.012720802080358692 +/- 0.012393900302236284
CMS_EXO26004_Background_rpf_2x0_par2: -0.0014786235212611125 +/- 6.5546712730718815
