CMS_AN23122_Background_rpf_2x0_par0: 0.07518074311949342 +/- 0.014402962449334835
CMS_AN23122_Background_rpf_2x0_par1: 0.550377819416504 +/- 1.1598744284498854
CMS_AN23122_Background_rpf_2x0_par3: 0.015802863258605915 +/- 0.0
