CMS_AN23122_Background_rpf_1x0_par0: 0.0006268420614377679 +/- 4.429203160148471e-05
CMS_AN23122_Background_rpf_1x0_par1: -0.00046985820205466735 +/- 8.34432205292859e-05
