CMS_AN23122_Background_rpf_1x0_par0: 0.0006223100434109851 +/- 7.474366391111795e-05
CMS_AN23122_Background_rpf_1x0_par1: -0.0005581286537787584 +/- 0.0
