CMS_AN23122_Background_rpf_1x0_par0: 0.00018669238107192865 +/- 0.00018780717916489265
CMS_AN23122_Background_rpf_1x0_par1: 0.00010169494207956127 +/- 0.0003191970723079785
