CMS_AN23122_Background_rpf_1x0_par0: 0.00028910698163432143 +/- 1.9437524042415396e-05
CMS_AN23122_Background_rpf_1x0_par1: 0.0005562285020500933 +/- 0.00017472804352087958
