CMS_AN23122_Background_rpf_1x0_par0: 0.0018181816478427125 +/- 0.00013299252183618604
CMS_AN23122_Background_rpf_1x0_par1: -0.0019651784568391036 +/- 0.00019940539184056517
