CMS_AN23122_Background_rpf_1x0_par0: 0.0002182320495534585 +/- 6.219913991459688e-05
CMS_AN23122_Background_rpf_1x0_par1: 0.00015515655562048025 +/- 0.00014699523555350598
