CMS_AN23122_Background_rpf_1x0_par0: 0.00031821482581218007 +/- 5.3358800998562684e-05
CMS_AN23122_Background_rpf_1x0_par1: -3.2491271541745596e-05 +/- 0.00011452472247572049
