CMS_AN23122_Background_rpf_1x0_par0: 0.00031323816205814183 +/- 6.400717983569264e-05
CMS_AN23122_Background_rpf_1x0_par1: -0.00011873860615945604 +/- 0.0
