CMS_AN23122_Background_rpf_1x0_par0: 0.00028907834588642796 +/- 1.7991602759373854e-05
CMS_AN23122_Background_rpf_1x0_par1: 0.000556456774721119 +/- 8.585543056363871e-05
