CMS_AN23122_Background_rpf_1x0_par0: 4.817378120799433e-06 +/- 0.00019036030215993516
CMS_AN23122_Background_rpf_1x0_par1: -0.004592911026453442 +/- 0.0
