CMS_AN23122_Background_rpf_1x0_par0: 0.0018282210934567054 +/- 0.0001298585026900654
CMS_AN23122_Background_rpf_1x0_par1: -0.0019504887031967393 +/- 0.0001907620555882134
