CMS_AN23122_Background_rpf_2x0_par0: 0.0771774851512163 +/- 0.014761571742064113
CMS_AN23122_Background_rpf_2x0_par1: 0.5538625514620016 +/- 1.1899591986887335
CMS_AN23122_Background_rpf_2x0_par3: 0.01541193812798944 +/- 0.0
