CMS_AN23122_Background_rpf_2x0_par0: 0.8686442261337156 +/- 6.168201091542807
CMS_AN23122_Background_rpf_2x0_par3: 0.02354234423978276 +/- 0.1660553428269955
