CMS_AN23122_Background_rpf_2x0_par0: 5.47649993666783 +/- 1.2259835786271243
CMS_AN23122_Background_rpf_2x0_par1: 50.00002789366797 +/- 51.101675729426226
CMS_AN23122_Background_rpf_2x0_par3: 0.00062787770044769 +/- 0.0
