CMS_EXO26004_Background_rpf_2x0_par0: 0.08386870009215268 +/- 0.012610449249578623
CMS_EXO26004_Background_rpf_2x0_par1: 0.5001551274811022 +/- 0.13589052525725132
CMS_EXO26004_Background_rpf_2x0_par2: -0.17790244361293056 +/- 0.19499876583275005
CMS_EXO26004_Background_rpf_2x0_par3: 0.0014478268231057766 +/- 0.0
