CMS_EXO26004_Background_rpf_2x0_par0: 0.11257565757007147 +/- 0.014887546881471574
CMS_EXO26004_Background_rpf_2x0_par1: 0.6719920044306122 +/- 0.1787562398843056
CMS_EXO26004_Background_rpf_2x0_par2: -0.23857883010187464 +/- 0.0
CMS_EXO26004_Background_rpf_2x0_par3: 0.0010785778945960245 +/- 0.0
