CMS_AN23122_Background_rpf_2x0_par0: 0.05940455948552116 +/- 0.015052575414522616
CMS_AN23122_Background_rpf_2x0_par1: 0.6473156355352069 +/- 1.2283833421441568
CMS_AN23122_Background_rpf_2x0_par3: 0.08385420528345225 +/- 0.0
