CMS_AN23122_Background_rpf_2x0_par0: 21.879233901009687 +/- 83.31302820767527
CMS_AN23122_Background_rpf_2x0_par1: 50.12361670645966 +/- 271.31051381366854
CMS_AN23122_Background_rpf_2x0_par3: 6.688584102325091e-05 +/- 0.00025628803747962696
