CMS_AN23122_Background_rpf_2x0_par0: 8.723892621532698 +/- 20.194605443369106
CMS_AN23122_Background_rpf_2x0_par1: 50.00004274631476 +/- 0.0
CMS_AN23122_Background_rpf_2x0_par3: 0.00016456805061616783 +/- 0.00035861112862850173
