Background_rpf_2x0_par0: 0.2929002718925119 +/- 0.5399158013364254
Background_rpf_2x0_par1: 11.554186335752197 +/- 21.432419304076756
Background_rpf_2x0_par2: -39.584756511435494 +/- 78.14854382750435
Background_rpf_2x0_par3: 0.2971779197011601 +/- 0.5482190080256771
