CMS_AN23122_Background_rpf_2x0_par0: 3.5672952102408066 +/- 2.8528991699416513
CMS_AN23122_Background_rpf_2x0_par1: 50.00000147178022 +/- 187.83918479198573
CMS_AN23122_Background_rpf_2x0_par3: 0.0002741505451175142 +/- 0.0
