CMS_AN23122_Background_rpf_2x0_par0: 6.048079036539807 +/- 0.7042411985014999
CMS_AN23122_Background_rpf_2x0_par1: 50.00002999812951 +/- 0.0
CMS_AN23122_Background_rpf_2x0_par3: 0.00020881959666610512 +/- 0.0
