CMS_EXO26004_Background_rpf_2x0_par0: 0.000705167873927336 +/- 0.00017966824734167783
CMS_EXO26004_Background_rpf_2x0_par1: 0.015647334142891673 +/- 0.008809447873978334
CMS_EXO26004_Background_rpf_2x0_par2: -1.052095676484777e-06 +/- 3.3823517649893233
