Background_rpf_2x0_par0: 1.0067970733590172 +/- 0.07404788276850906
Background_rpf_2x0_par1: 50.74170036347183 +/- 3.8420743138260334
Background_rpf_2x0_par2: -49.999752577102974 +/- 0.0
Background_rpf_2x0_par3: 0.060216042544421124 +/- 0.0
