CMS_AN23122_Background_rpf_2x0_par0: 10.485637214410257 +/- 29.83971320567855
CMS_AN23122_Background_rpf_2x0_par1: 50.000000503416985 +/- 0.0
CMS_AN23122_Background_rpf_2x0_par3: 0.0004660989473630658 +/- 0.001252340897534777
