CMS_EXO26004_Background_rpf_2x0_par0: 0.0817330207115916 +/- 0.024490328413567932
CMS_EXO26004_Background_rpf_2x0_par1: 0.9999997977204902 +/- 0.0
CMS_EXO26004_Background_rpf_2x0_par2: -3.8573925657467423e-07 +/- 1.8887229344880772
CMS_EXO26004_Background_rpf_2x0_par3: 1.9999999999999987 +/- 0.4662098667241693
