Background_rpf_2x0_par0: 2.897467237872316 +/- 3.103128446337753
Background_rpf_2x0_par1: 53.05750485759051 +/- 56.19054685483273
Background_rpf_2x0_par2: -41.15834915898732 +/- 0.0
Background_rpf_2x0_par3: 0.05210974731207039 +/- 0.05556384435137341
