Background_rpf_expo_par0: -0.999999999999194 +/- 0.5086515410683672
Background_rpf_expo_par1: -3.8460592503981643 +/- 0.020005926746732048
