Background_rpf_expo_par0: -0.9999999999991322 +/- 0.0
Background_rpf_expo_par1: -3.8601883243982815 +/- 0.016662528234615937
