CMS_AN23122_Background_rpf_2x0_par0: 0.7703906926072873 +/- 2.058058083485393
CMS_AN23122_Background_rpf_2x0_par3: 0.004127017533465507 +/- 0.010941343780784462
