CMS_EXO26004_Background_rpf_2x0_par0: 0.056099240224545786 +/- 0.0010313060405122746
CMS_EXO26004_Background_rpf_2x0_par1: 0.9713646325981834 +/- 0.035064105815418974
CMS_EXO26004_Background_rpf_2x0_par2: -0.8813776540787016 +/- 0.06126240889575146
CMS_EXO26004_Background_rpf_2x0_par3: 1.5179428928029215 +/- 0.0
