CMS_AN23122_Background_rpf_2x0_par0: 10.679003838587384 +/- 2.071636397525974
CMS_AN23122_Background_rpf_2x0_par1: 50.00058675591232 +/- 58.02007984370196
CMS_AN23122_Background_rpf_2x0_par3: 0.0004586409131303882 +/- 0.0
