CMS_AN23122_Background_rpf_2x0_par0: 10.851625120477705 +/- 3.7200879038679884
CMS_AN23122_Background_rpf_2x0_par1: 50.00040373273261 +/- 173.01197628607284
CMS_AN23122_Background_rpf_2x0_par3: 0.0004519049050258449 +/- 0.0
