CMS_EXO26004_Background_rpf_2x0_par0: 0.0007219436755281354 +/- 0.00020327608210203948
CMS_EXO26004_Background_rpf_2x0_par1: 0.012414720426607538 +/- 0.0150185030797447
CMS_EXO26004_Background_rpf_2x0_par2: -2.7199671912726028e-05 +/- 7.530319370834002
