CMS_EXO26004_Background_rpf_2x0_par0: 0.0007436329370706369 +/- 0.00017517986298925062
CMS_EXO26004_Background_rpf_2x0_par1: 0.010720276550816315 +/- 0.010564017152478756
