CMS_AN23122_Background_rpf_1x0_par0: 0.10305993006318759 +/- 0.001578949748260452
CMS_AN23122_Background_rpf_1x0_par1: 0.09999999999999915 +/- 0.027260872206212622
