CMS_AN23122_Background_rpf_1x0_par0: 0.10427684513772452 +/- 0.001416705421597671
CMS_AN23122_Background_rpf_1x0_par1: 0.0999999999999952 +/- 0.017507546188831213
