CMS_EXO26004_Background_rpf_2x0_par0: 0.08374875041323912 +/- 0.012582421203366383
CMS_EXO26004_Background_rpf_2x0_par1: 0.5001348668777684 +/- 0.13539255312843687
CMS_EXO26004_Background_rpf_2x0_par2: -0.17867044806221266 +/- 0.1942064709407648
CMS_EXO26004_Background_rpf_2x0_par3: 0.0014495889723609118 +/- 0.0
