CMS_EXO26004_Background_rpf_2x0_par0: 0.0007823301983051205 +/- 0.0001628005377699219
CMS_EXO26004_Background_rpf_2x0_par1: 0.009934680943831313 +/- 0.007545355301723789
