CMS_AN23122_Background_rpf_2x0_par0: 0.08115829426550436 +/- 0.015522593042606319
CMS_AN23122_Background_rpf_2x0_par1: 0.5593953903168646 +/- 1.2521109026291009
CMS_AN23122_Background_rpf_2x0_par3: 0.01465905436301067 +/- 0.0
