CMS_EXO26004_Background_rpf_2x0_par0: 0.08380304905096825 +/- 0.01261813008034864
CMS_EXO26004_Background_rpf_2x0_par1: 0.500000049223718 +/- 0.135941761902783
CMS_EXO26004_Background_rpf_2x0_par2: -0.17889206775162592 +/- 0.194984085708962
CMS_EXO26004_Background_rpf_2x0_par3: 0.00144904189629926 +/- 0.0
