CMS_EXO26004_Background_rpf_2x0_par0: 0.08275279962873956 +/- 0.01917220927941611
CMS_EXO26004_Background_rpf_2x0_par1: 0.5188582757526479 +/- 0.8028032611052993
CMS_EXO26004_Background_rpf_2x0_par2: -9.730459370305795e-07 +/- 0.0
CMS_EXO26004_Background_rpf_2x0_par3: 0.0103686769644491 +/- 0.0
