CMS_EXO26004_Background_rpf_2x0_par0: 0.0007361077116100248 +/- 0.00021923681439467042
CMS_EXO26004_Background_rpf_2x0_par1: 0.01328976520009414 +/- 0.010208908009953103
CMS_EXO26004_Background_rpf_2x0_par2: -3.6808470465078506e-08 +/- 5.630849798631646
