CMS_EXO26004_Background_rpf_2x0_par0: 0.0009490546932854128 +/- 0.0002023704174305453
CMS_EXO26004_Background_rpf_2x0_par1: 0.0020973494443625273 +/- 0.00878363061627816
