CMS_AN23122_Background_rpf_2x0_par0: 0.24581936619745196 +/- 0.5981639004482867
CMS_AN23122_Background_rpf_2x0_par3: 0.012878328856174206 +/- 0.02926494887703331
