CMS_AN23122_Background_rpf_2x0_par0: 0.9575211049488059 +/- 0.5090633480279786
CMS_AN23122_Background_rpf_2x0_par3: 0.0008394131420212815 +/- 0.00045921600768507065
