CMS_AN23122_Background_rpf_2x0_par0: 0.052965004076801644 +/- 0.019388285002023425
CMS_AN23122_Background_rpf_2x0_par1: 0.5017306657754039 +/- 1.6925668494281756
CMS_AN23122_Background_rpf_2x0_par2: -6.481788750010639e-06 +/- 20.03091636366782
CMS_AN23122_Background_rpf_2x0_par3: 0.014543779501552929 +/- 0.0
