CMS_EXO26004_Background_rpf_2x0_par0: 0.05313180844058419 +/- 0.0010159001364545095
CMS_EXO26004_Background_rpf_2x0_par1: 0.919909394276594 +/- 0.037885218309535326
CMS_EXO26004_Background_rpf_2x0_par2: -0.8346325599455415 +/- 0.06102146778883306
CMS_EXO26004_Background_rpf_2x0_par3: 1.6027673717280888 +/- 0.0
