CMS_EXO26004_Background_rpf_2x0_par0: 0.8944186609985355 +/- 1.9631377341183895
CMS_EXO26004_Background_rpf_2x0_par3: 0.0010338061087766899 +/- 0.0022571504428882737
