CMS_EXO26004_Background_rpf_2x0_par0: 0.04213351326445398 +/- 0.011975872009663479
CMS_EXO26004_Background_rpf_2x0_par1: 0.5010374775900307 +/- 0.6046462444862105
CMS_EXO26004_Background_rpf_2x0_par2: -5.163731955159113e-06 +/- 0.0
CMS_EXO26004_Background_rpf_2x0_par3: 0.01881466333488393 +/- 0.0
