CMS_EXO26004_Background_rpf_2x0_par0: 0.05203079685249978 +/- 0.009619810313666296
CMS_EXO26004_Background_rpf_2x0_par1: 0.5008140859528291 +/- 0.36759800205018095
CMS_EXO26004_Background_rpf_2x0_par2: -4.336808689942018e-18 +/- 0.0
CMS_EXO26004_Background_rpf_2x0_par3: 0.015281067759254283 +/- 0.0
