Background_rpf_2x0_par0: 2.838247295051738 +/- 0.19282403206716195
Background_rpf_2x0_par1: 52.0325790285078 +/- 15.310922410692841
Background_rpf_2x0_par2: -40.2771334970165 +/- 258.1014030278279
Background_rpf_2x0_par3: 0.053181705214280436 +/- 0.0
