CMS_EXO26004_Background_rpf_2x0_par0: 0.02476910824936032 +/- 0.0041468227918106185
CMS_EXO26004_Background_rpf_2x0_par1: 0.5034734550887238 +/- 0.0
CMS_EXO26004_Background_rpf_2x0_par2: -9.75781955236954e-19 +/- 0.0
CMS_EXO26004_Background_rpf_2x0_par3: 0.028964717252162618 +/- 0.0
