CMS_EXO26004_Background_rpf_2x0_par0: 0.08337516003585474 +/- 0.012574219422934556
CMS_EXO26004_Background_rpf_2x0_par1: 0.5008350295771621 +/- 0.13573786220713013
CMS_EXO26004_Background_rpf_2x0_par2: -0.1800502058850681 +/- 0.19457648030790806
CMS_EXO26004_Background_rpf_2x0_par3: 0.0014531694977691063 +/- 0.0
