CMS_EXO26004_Background_rpf_2x0_par0: 0.08171469471404526 +/- 0.023997080018696694
CMS_EXO26004_Background_rpf_2x0_par1: 0.9999993900105257 +/- 0.0
CMS_EXO26004_Background_rpf_2x0_par2: -1.0053378046462075e-05 +/- 1.6560703048356187
CMS_EXO26004_Background_rpf_2x0_par3: 1.9999999999999998 +/- 0.45932372180791925
