CMS_AN23122_Background_rpf_2x0_par0: 0.2935279856798162 +/- 0.819389210153901
CMS_AN23122_Background_rpf_2x0_par3: 0.010922599629595265 +/- 0.029822419354026252
