CMS_EXO26004_Background_rpf_2x0_par0: 0.08173485097350106 +/- 0.024640233579299314
CMS_EXO26004_Background_rpf_2x0_par1: 0.999999994756521 +/- 0.0
CMS_EXO26004_Background_rpf_2x0_par2: -1.9576462100120637e-07 +/- 2.2460878540179965
CMS_EXO26004_Background_rpf_2x0_par3: 2.0 +/- 0.4677030948631182
