CMS_EXO26004_Background_rpf_2x0_par0: 0.18457050162599578 +/- 0.060390120223043915
CMS_EXO26004_Background_rpf_2x0_par1: 0.6387307431460661 +/- 5.375879102144301
CMS_EXO26004_Background_rpf_2x0_par3: 0.004526909731106666 +/- 0.0
