CMS_AN23122_Background_rpf_2x0_par0: 0.7258300321374285 +/- 3.723330850341971
CMS_AN23122_Background_rpf_2x0_par3: 0.028142744364508417 +/- 0.14326321033179049
