CMS_EXO26004_Background_rpf_2x0_par0: 0.0764232868860326 +/- 0.013013110936522002
CMS_EXO26004_Background_rpf_2x0_par1: 0.5001895699416063 +/- 0.13468274914580383
CMS_EXO26004_Background_rpf_2x0_par2: -0.5111736262647382 +/- 0.37037068784142296
CMS_EXO26004_Background_rpf_2x0_par3: 0.0015029539549090544 +/- 0.0
