CMS_EXO26004_Background_rpf_2x0_par0: 0.0009095294391813234 +/- 0.00012561119532908716
CMS_EXO26004_Background_rpf_2x0_par1: 8.153616579923296e-09 +/- 0.0
CMS_EXO26004_Background_rpf_2x0_par2: 0.07055431778886632 +/- 0.1396092640476164
