CMS_EXO26004_Background_rpf_2x0_par0: 0.08887184480526743 +/- 0.03748184978303928
CMS_EXO26004_Background_rpf_2x0_par1: 0.5000005606269169 +/- 2.534985803236217
CMS_EXO26004_Background_rpf_2x0_par2: -3.512065039502996e-05 +/- 31.775467687761985
CMS_EXO26004_Background_rpf_2x0_par3: 0.009688320544864711 +/- 0.0
