CMS_AN23122_Background_rpf_2x0_par0: 0.567505206110433 +/- 1.4627234316671296
CMS_AN23122_Background_rpf_2x0_par3: 0.005520419481902107 +/- 0.01403572350886678
