CMS_EXO26004_Background_rpf_2x0_par0: 0.9772165743223139 +/- 0.4708922669597349
CMS_EXO26004_Background_rpf_2x0_par3: 0.0009462589965545636 +/- 0.0004926254068612357
