CMS_EXO26004_Background_rpf_2x0_par0: 0.023478142391197287 +/- 0.0108778540043201
CMS_EXO26004_Background_rpf_2x0_par1: 0.5044534715898372 +/- 0.7739762962656002
CMS_EXO26004_Background_rpf_2x0_par2: -5.791726225619787e-08 +/- 0.0
CMS_EXO26004_Background_rpf_2x0_par3: 0.030214764816069377 +/- 0.0
