CMS_AN23122_Background_rpf_2x0_par0: 10.848370763721187 +/- 1.6212977663781671
CMS_AN23122_Background_rpf_2x0_par1: 50.00002888308032 +/- 0.0
CMS_AN23122_Background_rpf_2x0_par3: 0.0004520284020101862 +/- 0.0
