Background_rpf_2x0_par0: 2.9237674808033867 +/- 6.109688501650851
Background_rpf_2x0_par1: 52.42487892775157 +/- 111.59545197827605
Background_rpf_2x0_par2: -35.56250663973659 +/- 119.72971253405214
Background_rpf_2x0_par3: 0.05182460342974529 +/- 0.1084940636372874
