CMS_EXO26004_Background_rpf_2x0_par0: 0.0746227951812574 +/- 0.018940388044702664
CMS_EXO26004_Background_rpf_2x0_par1: 0.5001115839235332 +/- 2.036389542229955
CMS_EXO26004_Background_rpf_2x0_par2: -2.0605028339520438e-05 +/- 0.0
CMS_EXO26004_Background_rpf_2x0_par3: 0.010764892212809537 +/- 0.0
