CMS_AN23122_Background_rpf_2x0_par0: 0.53810756018283 +/- 11.578840999005246
CMS_AN23122_Background_rpf_2x0_par3: 0.037846617985008955 +/- 0.8061258121079772
