CMS_EXO26004_Background_rpf_2x0_par0: 0.0008960892520456856 +/- 0.00029025632053431406
CMS_EXO26004_Background_rpf_2x0_par1: 5.891622170732741e-08 +/- 0.018432385435408313
CMS_EXO26004_Background_rpf_2x0_par2: 0.15483866977053576 +/- 0.15327053918747616
