CMS_EXO26004_Background_rpf_2x0_par0: 0.02372370890579206 +/- 0.013069266815059164
CMS_EXO26004_Background_rpf_2x0_par1: 0.5044448052519359 +/- 0.8318963895980567
CMS_EXO26004_Background_rpf_2x0_par2: -1.194232978093783e-07 +/- 11.582372137307964
CMS_EXO26004_Background_rpf_2x0_par3: 0.02994624564739935 +/- 0.0
