CMS_AN23122_Background_rpf_2x0_par0: 0.07885878019331978 +/- 0.015139570342336322
CMS_AN23122_Background_rpf_2x0_par1: 0.5543027071160641 +/- 1.2205070406809544
CMS_AN23122_Background_rpf_2x0_par3: 0.015033184710223572 +/- 0.0
