CMS_AN23122_Background_rpf_2x0_par0: 0.8680646622588186 +/- 0.6831812526044576
CMS_AN23122_Background_rpf_2x0_par3: 0.023554794075094584 +/- 0.0
