CMS_EXO26004_Background_rpf_2x0_par0: 0.0007095587326503945 +/- 0.00015489231020255584
CMS_EXO26004_Background_rpf_2x0_par1: 0.013501037060222269 +/- 0.011991212441249902
CMS_EXO26004_Background_rpf_2x0_par2: -0.00017637145256086778 +/- 6.13076825758692
