CMS_AN23122_Background_rpf_2x0_par0: 3.0442942516780103 +/- 1.3714925526521256
CMS_AN23122_Background_rpf_2x0_par1: 50.00286747117814 +/- 48.19642588494428
CMS_AN23122_Background_rpf_2x0_par3: 0.0034046886212477654 +/- 0.0
