CMS_AN23122_Background_rpf_2x0_par0: 23.618697340232554 +/- 110.71361411682624
CMS_AN23122_Background_rpf_2x0_par3: 0.0005089718449234453 +/- 0.002320018222827647
