CMS_EXO26004_Background_rpf_2x0_par0: 0.0009083334460095288 +/- 0.00020679710234184498
CMS_EXO26004_Background_rpf_2x0_par1: 9.815730356071885e-09 +/- 0.01008655631339469
CMS_EXO26004_Background_rpf_2x0_par2: 2.2651267533196386e-07 +/- 0.0
