Background_rpf_1x0_par0: 0.08954751689363104 +/- 0.007820244690894006
Background_rpf_1x0_par1: 0.20623788048415334 +/- 0.07182063974116655
