Background_rpf_1x0_par0: 0.06600777628717219 +/- 0.004263835088520854
Background_rpf_1x0_par1: 0.31002914273464327 +/- 0.0651931371510253
