Background_rpf_1x0_par0: 0.05673319977626222 +/- 0.0029483399005258495
Background_rpf_1x0_par1: 0.363113656232818 +/- 0.05871067699292056
