Background_rpf_1x0_par0: 0.09698022833072166 +/- 0.009029907071418023
Background_rpf_1x0_par1: 0.18287438448014787 +/- 0.0721252780871168
