Background_rpf_1x0_par0: 0.08908544250291074 +/- 0.007684055175844852
Background_rpf_1x0_par1: 0.2164882289654685 +/- 0.07101238312352263
