Background_rpf_1x0_par0: 0.09853888640704622 +/- 0.009847394541689468
Background_rpf_1x0_par1: 0.18586879114493265 +/- 0.07440732385432745
