Background_rpf_1x0_par0: 0.029568830842002722 +/- 0.000868901705697155
Background_rpf_1x0_par1: 0.5962198072275862 +/- 0.041984681247419234
