Background_rpf_1x0_par0: 0.056737978901318806 +/- 0.002948740067203106
Background_rpf_1x0_par1: 0.36294725742227635 +/- 0.05872703257932762
