Background_rpf_1x0_par0: 0.06599885536752834 +/- 0.004263018808104935
Background_rpf_1x0_par1: 0.31028942235451645 +/- 0.06516730768316593
