Background_rpf_1x0_par0: 0.09851161445767291 +/- 0.009837780518781812
Background_rpf_1x0_par1: 0.18633737449459487 +/- 0.07433947017443475
