Background_rpf_1x0_par0: 0.029569147100030533 +/- 0.000868900925883036
Background_rpf_1x0_par1: 0.5962002145263213 +/- 0.04198404455258936
