Background_rpf_1x0_par0: 0.08910483865481005 +/- 0.007685989678320797
Background_rpf_1x0_par1: 0.21611044126929538 +/- 0.07105540144250039
