Background_rpf_1x0_par0: 0.08952106132419053 +/- 0.007817690625250335
Background_rpf_1x0_par1: 0.20674157820599706 +/- 0.07176847715905875
