Background_rpf_1x0_par0: 0.0969805634554649 +/- 0.009029927185903994
Background_rpf_1x0_par1: 0.1828726543141407 +/- 0.07212513606184748
