CMS_EXO26004_Background_rpf_2x0_par0: 0.05539723854307877 +/- 0.0009961499222090166
CMS_EXO26004_Background_rpf_2x0_par1: 0.9590725253719352 +/- 0.032522398904645755
CMS_EXO26004_Background_rpf_2x0_par2: -0.8701195965236591 +/- 0.06195035733463209
CMS_EXO26004_Background_rpf_2x0_par3: 1.537284717864879 +/- 0.0
