CMS_AN23122_Background_rpf_2x0_par0: 0.0665178338104717 +/- 0.014682316826693603
CMS_AN23122_Background_rpf_2x0_par1: 0.5326411332210865 +/- 0.0
CMS_AN23122_Background_rpf_2x0_par3: 0.07528359917908527 +/- 0.0
