CMS_AN23122_Background_rpf_2x0_par0: 0.0768054180452233 +/- 0.014755045280430224
CMS_AN23122_Background_rpf_2x0_par1: 0.5363043054147473 +/- 1.2258098539312339
CMS_AN23122_Background_rpf_2x0_par3: 0.015495844083701435 +/- 0.0
