CMS_EXO26004_Background_rpf_2x0_par0: 0.08172615596113475 +/- 0.02434586188075616
CMS_EXO26004_Background_rpf_2x0_par1: 0.999999388084415 +/- 0.0
CMS_EXO26004_Background_rpf_2x0_par2: -3.604719549459663e-07 +/- 2.0112615358045938
CMS_EXO26004_Background_rpf_2x0_par3: 1.9999999999999993 +/- 0.4634111159543868
