Background_rpf_1x0_par0: 0.30265816378819344 +/- 0.02801437614111148
Background_rpf_1x0_par1: 2.134431189646989 +/- 0.8590449828086315
