CMS_AN23122_Background_rpf_2x0_par0: 0.07528020199154752 +/- 0.014446606548052755
CMS_AN23122_Background_rpf_2x0_par1: 0.5498467055233119 +/- 1.1625926670032087
CMS_AN23122_Background_rpf_2x0_par3: 0.015782494381902303 +/- 0.0
