CMS_EXO26004_Background_rpf_2x0_par0: 0.0007408731379536842 +/- 0.00018044322194889757
CMS_EXO26004_Background_rpf_2x0_par1: 0.011031262411803877 +/- 0.011109228461618865
