CMS_AN23122_Background_rpf_2x0_par0: 0.7619090849350705 +/- 4.404697446167251
CMS_AN23122_Background_rpf_2x0_par3: 0.026818492931691515 +/- 0.1538572886149258
