CMS_EXO26004_Background_rpf_2x0_par0: 0.0007161322187356528 +/- 0.00015919838559908482
CMS_EXO26004_Background_rpf_2x0_par1: 0.012850158672799336 +/- 0.01228716973098994
CMS_EXO26004_Background_rpf_2x0_par2: -0.000133716864427701 +/- 6.5987492493180415
