CMS_EXO26004_Background_rpf_2x0_par0: 0.023170741413909072 +/- 0.004018367120452668
CMS_EXO26004_Background_rpf_2x0_par1: 0.5046326159901829 +/- 0.0
CMS_EXO26004_Background_rpf_2x0_par2: -2.504382881937488e-07 +/- 0.0
CMS_EXO26004_Background_rpf_2x0_par3: 0.030494110135732083 +/- 0.0
