CMS_AN23122_Background_rpf_2x0_par0: 3.2956521949270745 +/- 0.19375285352437616
CMS_AN23122_Background_rpf_2x0_par1: 50.00000132355267 +/- 0.0
CMS_AN23122_Background_rpf_2x0_par2: -49.99988121440071 +/- 0.0
CMS_AN23122_Background_rpf_2x0_par3: 0.006925360882864561 +/- 0.0
