Background_rpf_2x0_par0: 1.0068389256777 +/- 0.07240840403186269
Background_rpf_2x0_par1: 50.74320086833392 +/- 3.5470975162986713
Background_rpf_2x0_par2: -49.999732860122954 +/- 0.0
Background_rpf_2x0_par3: 0.060213883958004116 +/- 0.0
