CMS_AN23122_Background_rpf_2x0_par0: 0.09336987059744613 +/- 0.017834096566320706
CMS_AN23122_Background_rpf_2x0_par1: 0.5668234003161724 +/- 1.4552244079427867
CMS_AN23122_Background_rpf_2x0_par3: 0.012740031965032265 +/- 0.0
