CMS_EXO26004_Background_rpf_2x0_par0: 0.000705421341772825 +/- 0.00018543133128567574
CMS_EXO26004_Background_rpf_2x0_par1: 0.015537781469981657 +/- 0.009806602203631122
CMS_EXO26004_Background_rpf_2x0_par2: -1.0498036323927651e-08 +/- 4.382815326481624
