CMS_EXO26004_Background_rpf_2x0_par0: 0.065943212961626 +/- 0.0198061606574667
CMS_EXO26004_Background_rpf_2x0_par1: 0.5015467475109213 +/- 1.826588037456677
CMS_EXO26004_Background_rpf_2x0_par2: -3.847763729610421e-05 +/- 0.0
CMS_EXO26004_Background_rpf_2x0_par3: 0.012268841419808517 +/- 0.0
