CMS_EXO26004_Background_rpf_2x0_par0: 0.057736238498568904 +/- 0.010690726944511198
CMS_EXO26004_Background_rpf_2x0_par1: 0.9996488838014135 +/- 0.17849219880932848
CMS_EXO26004_Background_rpf_2x0_par2: -0.9070105778807475 +/- 0.23980708472526455
CMS_EXO26004_Background_rpf_2x0_par3: 1.4749309132118655 +/- 0.2675709671733501
