CMS_EXO26004_Background_rpf_2x0_par0: 0.15961500335078432 +/- 0.9406045500087015
CMS_EXO26004_Background_rpf_2x0_par1: 0.9538404458139214 +/- 5.7889097532335025
CMS_EXO26004_Background_rpf_2x0_par2: -0.34069213210163213 +/- 2.229788379030262
CMS_EXO26004_Background_rpf_2x0_par3: 0.000760289495561478 +/- 0.0045185155584731304
