CMS_AN23122_Background_rpf_1x0_par0: 0.0867714717046925 +/- 0.00140183430947665
CMS_AN23122_Background_rpf_1x0_par1: 0.8716673637477326 +/- 0.03532880289334075
