CMS_EXO26004_Background_rpf_2x0_par0: 0.09539339395099641 +/- 0.02623695632193425
CMS_EXO26004_Background_rpf_2x0_par1: 0.5124374696497018 +/- 2.4530934489410736
CMS_EXO26004_Background_rpf_2x0_par2: -4.405375450999903e-06 +/- 0.0
CMS_EXO26004_Background_rpf_2x0_par3: 0.008578159187721925 +/- 0.0
