CMS_AN23122_Background_rpf_2x0_par0: 0.06343967925624638 +/- 0.47285306285764556
CMS_AN23122_Background_rpf_2x0_par1: 0.5855657231873523 +/- 5.690596258335866
CMS_AN23122_Background_rpf_2x0_par3: 0.07851822437466839 +/- 0.5988754636462044
