CMS_EXO26004_Background_rpf_2x0_par0: 0.0008961210364847569 +/- 0.00028899898452094003
CMS_EXO26004_Background_rpf_2x0_par1: 4.576363092732155e-08 +/- 0.018322596744980896
CMS_EXO26004_Background_rpf_2x0_par2: 0.15392852937068247 +/- 0.15220400661424668
