CMS_EXO26004_Background_rpf_2x0_par0: 0.08172306081104096 +/- 0.025077991458958775
CMS_EXO26004_Background_rpf_2x0_par1: 0.9999991960243609 +/- 0.0
CMS_EXO26004_Background_rpf_2x0_par2: -3.7002856698974953e-06 +/- 2.2915506110945123
CMS_EXO26004_Background_rpf_2x0_par3: 2.0 +/- 0.4755602523969253
