CMS_EXO26004_Background_rpf_2x0_par0: 0.08172122770854305 +/- 0.026788652203487317
CMS_EXO26004_Background_rpf_2x0_par1: 0.9999995668030099 +/- 0.0
CMS_EXO26004_Background_rpf_2x0_par2: -1.2903138976517233e-05 +/- 2.8328707796973567
CMS_EXO26004_Background_rpf_2x0_par3: 1.9999999999999998 +/- 0.5046567790778591
