CMS_AN23122_Background_rpf_2x0_par0: 3.6458477558091773 +/- 0.4301698491061304
CMS_AN23122_Background_rpf_2x0_par1: 50.000001425561145 +/- 0.0
CMS_AN23122_Background_rpf_2x0_par3: 0.0002700779246259081 +/- 0.0
