CMS_AN23122_Background_rpf_2x0_par0: 6.049455174613967 +/- 0.7576388900450755
CMS_AN23122_Background_rpf_2x0_par1: 50.00002640876699 +/- 0.0
CMS_AN23122_Background_rpf_2x0_par3: 0.0002087791994404894 +/- 0.0
