CMS_AN23122_Background_rpf_2x0_par0: 7.28770666107563 +/- 2.549382548085839
CMS_AN23122_Background_rpf_2x0_par1: 50.000127614802835 +/- 87.9318628047924
CMS_AN23122_Background_rpf_2x0_par3: 0.00020554122422443535 +/- 0.0
