CMS_EXO26004_Background_rpf_2x0_par0: 0.8304211067622275 +/- 2.8008889095308107
CMS_EXO26004_Background_rpf_2x0_par3: 0.0011129296744921162 +/- 0.0037297619846580355
