CMS_AN23122_Background_rpf_2x0_par0: 0.07564459731617232 +/- 0.01445876500625166
CMS_AN23122_Background_rpf_2x0_par1: 0.5529523136032658 +/- 1.1643433235573253
CMS_AN23122_Background_rpf_2x0_par3: 0.01571626260513485 +/- 0.0
