CMS_AN23122_Background_rpf_2x0_par0: 0.06353329696949164 +/- 0.024452450757744854
CMS_AN23122_Background_rpf_2x0_par1: 0.5530262740683449 +/- 2.1541609814231677
CMS_AN23122_Background_rpf_2x0_par2: -2.9875006476672884e-07 +/- 25.26953263143223
CMS_AN23122_Background_rpf_2x0_par3: 0.012123822424505304 +/- 0.0
