CMS_EXO26004_Background_rpf_2x0_par0: 0.06130113239322466 +/- 0.012779602422117516
CMS_EXO26004_Background_rpf_2x0_par1: 0.9971225686224553 +/- 0.19331228556473445
CMS_EXO26004_Background_rpf_2x0_par2: -0.887999612866987 +/- 0.18016856622580968
CMS_EXO26004_Background_rpf_2x0_par3: 1.3967078920406901 +/- 0.28538779327301805
