CMS_EXO26004_Background_rpf_2x0_par0: 0.0817334806163089 +/- 0.02451202183777802
CMS_EXO26004_Background_rpf_2x0_par1: 0.9999999651654558 +/- 0.0
CMS_EXO26004_Background_rpf_2x0_par2: -9.177142406683637e-07 +/- 2.2112675099158663
CMS_EXO26004_Background_rpf_2x0_par3: 2.0 +/- 0.4656780978723954
