CMS_AN23122_Background_rpf_2x0_par0: 0.08694858586847935 +/- 0.032170628187685145
CMS_AN23122_Background_rpf_2x0_par1: 0.528625878339563 +/- 2.8107463958061083
CMS_AN23122_Background_rpf_2x0_par2: -2.5591973301818637e-05 +/- 28.69710311883635
CMS_AN23122_Background_rpf_2x0_par3: 0.00909251803675183 +/- 0.0
