CMS_AN23122_Background_rpf_2x0_par0: 7.251212813322636 +/- 2.4761906946619168
CMS_AN23122_Background_rpf_2x0_par1: 50.00312374959145 +/- 80.28260982813934
CMS_AN23122_Background_rpf_2x0_par3: 0.00020633647414894298 +/- 0.0
