CMS_AN23122_Background_rpf_2x0_par0: 7.299211517275531 +/- 1.719117525071485
CMS_AN23122_Background_rpf_2x0_par1: 50.00022450865256 +/- 0.0
CMS_AN23122_Background_rpf_2x0_par3: 0.00020524395806508297 +/- 0.0
