CMS_EXO26004_Background_rpf_2x0_par0: 0.0007373248150589796 +/- 0.0001792704567255584
CMS_EXO26004_Background_rpf_2x0_par1: 0.011393570491546224 +/- 0.010837496180258548
