CMS_EXO26004_Background_rpf_2x0_par0: 0.08380158287957033 +/- 0.012615009414174663
CMS_EXO26004_Background_rpf_2x0_par1: 0.5002522589020033 +/- 0.1358661597736583
CMS_EXO26004_Background_rpf_2x0_par2: -0.17791354848924845 +/- 0.1948564044732638
CMS_EXO26004_Background_rpf_2x0_par3: 0.0014485670796990308 +/- 0.0
