CMS_EXO26004_Background_rpf_2x0_par0: 0.0006996613618558714 +/- 0.00015231592059663466
CMS_EXO26004_Background_rpf_2x0_par1: 0.014517195861040996 +/- 0.011531046885697217
CMS_EXO26004_Background_rpf_2x0_par2: -2.3062277028247364e-05 +/- 5.507835106417093
