CMS_EXO26004_Background_rpf_2x0_par0: 0.05773741917011255 +/- 0.010890741808597256
CMS_EXO26004_Background_rpf_2x0_par1: 0.9999978159841125 +/- 0.18434903402890757
CMS_EXO26004_Background_rpf_2x0_par2: -0.9075635645789044 +/- 0.26021827692302685
CMS_EXO26004_Background_rpf_2x0_par3: 1.474721340227785 +/- 0.2732015403841781
