Background_rpf_1x0_par0: 0.029394333366198254 +/- 0.0008703497096536046
Background_rpf_1x0_par1: 0.5432849193994177 +/- 0.03782628273141305
