Background_rpf_1x0_par0: 0.029398117086920316 +/- 0.0008699993904718252
Background_rpf_1x0_par1: 0.5431787091260174 +/- 0.037816462885955256
