CMS_AN23122_Background_rpf_1x0_par0: 0.0031061132431897892 +/- 0.0007912586136112558
CMS_AN23122_Background_rpf_1x0_par1: 0.02136917643919868 +/- 0.02540799728885766
