CMS_AN23122_Background_rpf_1x0_par0: 0.003193031999635144 +/- 0.0008163621097766727
CMS_AN23122_Background_rpf_1x0_par1: -0.0012455476154853002 +/- 0.033999438885977284
