CMS_EXO26004_Background_rpf_2x0_par0: 0.08386753992673904 +/- 0.012602313745109256
CMS_EXO26004_Background_rpf_2x0_par1: 0.5001841357687615 +/- 0.1356633460300207
CMS_EXO26004_Background_rpf_2x0_par2: -0.17706940901067114 +/- 0.19445850096210093
CMS_EXO26004_Background_rpf_2x0_par3: 0.0014481258034411129 +/- 0.0
