CMS_EXO26004_Background_rpf_2x0_par0: 0.0485224915949768 +/- 0.008926543883842713
CMS_EXO26004_Background_rpf_2x0_par1: 0.5061451509896299 +/- 0.3219940203734702
CMS_EXO26004_Background_rpf_2x0_par2: -1.3463434524814584e-07 +/- 0.0
CMS_EXO26004_Background_rpf_2x0_par3: 0.01631610572021796 +/- 0.0
