CMS_AN23122_Background_rpf_2x0_par0: 3.8522364197974293 +/- 0.21676859583306066
CMS_AN23122_Background_rpf_2x0_par1: 50.000004931864126 +/- 0.0
CMS_AN23122_Background_rpf_2x0_par2: -49.98767405140631 +/- 95.27883374990564
CMS_AN23122_Background_rpf_2x0_par3: 0.0060687639026679105 +/- 0.0
