CMS_AN23122_Background_rpf_2x0_par0: 0.07767318059718917 +/- 0.014867908005692501
CMS_AN23122_Background_rpf_2x0_par1: 0.5553477937253912 +/- 1.197001075935673
CMS_AN23122_Background_rpf_2x0_par3: 0.015303899451989768 +/- 0.0
