CMS_AN23122_Background_rpf_2x0_par0: 0.27792522738900244 +/- 0.010246881209040338
CMS_AN23122_Background_rpf_2x0_par1: 8.647608061388913 +/- 0.5858407911785417
CMS_AN23122_Background_rpf_2x0_par2: -9.999999999013633 +/- 0.41579642726101146
CMS_AN23122_Background_rpf_2x0_par3: 0.4413849416940557 +/- 0.0
