CMS_AN23122_Background_rpf_2x0_par0: 0.3297206328776939 +/- 0.038633506082795706
CMS_AN23122_Background_rpf_2x0_par1: 9.963935768196116 +/- 0.0
CMS_AN23122_Background_rpf_2x0_par2: -11.079769697100385 +/- 0.4178575628947723
CMS_AN23122_Background_rpf_2x0_par3: 0.37374801724529677 +/- 0.031716435590017744
