CMS_AN23122_Background_rpf_2x0_par0: 0.3143637038658274 +/- 0.010013978298101377
CMS_AN23122_Background_rpf_2x0_par1: 9.654394906057998 +/- 0.0
CMS_AN23122_Background_rpf_2x0_par2: -11.523335460470431 +/- 5.435002071617013
CMS_AN23122_Background_rpf_2x0_par3: 0.39065854334328565 +/- 0.0
