CMS_AN23122_Background_rpf_2x0_par0: 0.27759120181726243 +/- 0.025424705822921924
CMS_AN23122_Background_rpf_2x0_par1: 8.674310899290901 +/- 0.24473389606899082
CMS_AN23122_Background_rpf_2x0_par2: -9.999999977899549 +/- 0.0
CMS_AN23122_Background_rpf_2x0_par3: 0.44134913135085885 +/- 0.03038076832015009
