CMS_AN23122_Background_rpf_2x0_par0: 0.06715815543275334 +/- 0.3742969878936766
CMS_AN23122_Background_rpf_2x0_par1: 0.6061045546308946 +/- 4.766433027882315
CMS_AN23122_Background_rpf_2x0_par3: 0.06844899021055843 +/- 0.3920396855923371
