Background_rpf_2x0_par0: 2.774452178225747 +/- 0.07247545455177619
Background_rpf_2x0_par1: 50.186883700884465 +/- 0.0
Background_rpf_2x0_par2: -40.64700681163812 +/- 112.91583873523216
Background_rpf_2x0_par3: 0.05454540376274287 +/- 0.0
