Background_rpf_2x0_par0: 2.838187899133165 +/- 0.18588556447804508
Background_rpf_2x0_par1: 52.04613633345359 +/- 14.629364717070535
Background_rpf_2x0_par2: -40.17042160027123 +/- 245.0636506556797
Background_rpf_2x0_par3: 0.05317885791072552 +/- 0.0
