Background_rpf_2x0_par0: 8.519108782229917 +/- 0.9171623461772717
Background_rpf_2x0_par1: 51.39940270407928 +/- 0.0
Background_rpf_2x0_par2: -3.0123851091357068e-06 +/- 866.5913888277677
Background_rpf_2x0_par3: 0.040450519678096056 +/- 0.0
