CMS_EXO26004_Background_rpf_2x0_par0: 0.0007238218498745641 +/- 0.00016773139137962788
CMS_EXO26004_Background_rpf_2x0_par1: 0.012127636166296795 +/- 0.010660595158270074
