CMS_EXO26004_Background_rpf_2x0_par0: 0.000895146807799607 +/- 0.0003501494878019859
CMS_EXO26004_Background_rpf_2x0_par1: 3.918920069912509e-09 +/- 0.022739950367993388
CMS_EXO26004_Background_rpf_2x0_par2: 0.13806517139608418 +/- 0.2530884287952954
