CMS_EXO26004_Background_rpf_2x0_par0: 0.0007298705672123095 +/- 0.0001586116094499418
CMS_EXO26004_Background_rpf_2x0_par1: 0.013709218002265017 +/- 0.007509293486905244
CMS_EXO26004_Background_rpf_2x0_par2: -3.5551969393052794e-09 +/- 3.036452037406823
