CMS_AN23122_Background_rpf_2x0_par0: 0.16673062666386798 +/- 0.6687027504277021
CMS_AN23122_Background_rpf_2x0_par1: 0.4486479804337505 +/- 2.083046552585976
CMS_AN23122_Background_rpf_2x0_par2: -8.307432738247078e-09 +/- 0.46572854945835424
CMS_AN23122_Background_rpf_2x0_par3: 0.004816078640536942 +/- 0.019773500930688883
