CMS_AN23122_Background_rpf_2x0_par0: 0.18324907718942207 +/- 0.027203189564009488
CMS_AN23122_Background_rpf_2x0_par1: 0.5000041066031371 +/- 0.2655735622762415
CMS_AN23122_Background_rpf_2x0_par2: -4.141389593753783e-09 +/- 0.3661315988494482
CMS_AN23122_Background_rpf_2x0_par3: 0.0043596099097151 +/- 0.0
