CMS_AN23122_Background_rpf_2x0_par0: 0.1804691932636864 +/- 0.027064390005524817
CMS_AN23122_Background_rpf_2x0_par1: 0.5003097740064273 +/- 0.26659092681091145
CMS_AN23122_Background_rpf_2x0_par2: -3.6393027351248886e-08 +/- 0.367159420549424
CMS_AN23122_Background_rpf_2x0_par3: 0.004420786435586084 +/- 0.0
