CMS_AN23122_Background_rpf_2x0_par0: 0.1639034208290883 +/- 0.7324206456186502
CMS_AN23122_Background_rpf_2x0_par1: 0.44133732698149103 +/- 2.2842623529337094
CMS_AN23122_Background_rpf_2x0_par2: -4.849747543573396e-08 +/- 0.49486695037317535
CMS_AN23122_Background_rpf_2x0_par3: 0.00489842280618704 +/- 0.02241599206234966
