CMS_AN23122_Background_rpf_2x0_par0: 0.1864461084486578 +/- 0.024865004491658675
CMS_AN23122_Background_rpf_2x0_par1: 0.5106880748815048 +/- 0.225861640107302
CMS_AN23122_Background_rpf_2x0_par2: -2.8834535127642e-07 +/- 0.31970368843932556
CMS_AN23122_Background_rpf_2x0_par3: 0.004295832824145575 +/- 0.0
