CMS_EXO26004_Background_rpf_2x0_par0: 0.9996432997309681 +/- 0.5431557464061426
CMS_EXO26004_Background_rpf_2x0_par3: 0.0009161787590465228 +/- 0.0005073805333557457
