CMS_EXO26004_Background_rpf_2x0_par0: 0.0007147006196743657 +/- 0.00016085192744234275
CMS_EXO26004_Background_rpf_2x0_par1: 0.012964465240752154 +/- 0.012415308454628718
CMS_EXO26004_Background_rpf_2x0_par2: -0.00016765541120690127 +/- 6.513753773505209
