CMS_EXO26004_Background_rpf_2x0_par0: 0.047058206679244347 +/- 0.008660999121445375
CMS_EXO26004_Background_rpf_2x0_par1: 0.5039408405440514 +/- 0.30064568330958563
CMS_EXO26004_Background_rpf_2x0_par2: -1.5235437083252132e-05 +/- 0.0
CMS_EXO26004_Background_rpf_2x0_par3: 0.01682052246119691 +/- 0.0
