CMS_AN23122_Background_rpf_2x0_par0: 0.05304849805066514 +/- 0.020759969131861008
CMS_AN23122_Background_rpf_2x0_par1: 0.5026670923504339 +/- 1.8366983998522257
CMS_AN23122_Background_rpf_2x0_par2: -0.00014687740183612916 +/- 21.740535260348913
CMS_AN23122_Background_rpf_2x0_par3: 0.01451876580051861 +/- 0.0
