Background_rpf_2x0_par0: 1.251440545718458 +/- 0.09967323033421042
Background_rpf_2x0_par1: 50.28747990863411 +/- 3.9758164298547625
Background_rpf_2x0_par2: -46.580063469055204 +/- 8.297817265974869
Background_rpf_2x0_par3: 0.014158204658530613 +/- 0.0
