Background_rpf_2x0_par0: 1.2125866923285231 +/- 0.10416683687209542
Background_rpf_2x0_par1: 50.27509348586767 +/- 3.9234064546965253
Background_rpf_2x0_par2: -46.92607676454831 +/- 8.169672321120895
Background_rpf_2x0_par3: 0.01440778763214098 +/- 0.0
