CMS_EXO26004_Background_rpf_2x0_par0: 0.08173887283084996 +/- 0.024104816473615922
CMS_EXO26004_Background_rpf_2x0_par1: 0.9999998186122195 +/- 0.0
CMS_EXO26004_Background_rpf_2x0_par2: -2.598026399165112e-07 +/- 1.7375987751673188
CMS_EXO26004_Background_rpf_2x0_par3: 2.0 +/- 0.46029302185827575
