CMS_EXO26004_Background_rpf_2x0_par0: 0.9803656599232737 +/- 0.45995915499564116
CMS_EXO26004_Background_rpf_2x0_par3: 0.0009433567271587681 +/- 0.00045086087832261
