CMS_EXO26004_Background_rpf_2x0_par0: 0.05764151895520195 +/- 0.010615820733488024
CMS_EXO26004_Background_rpf_2x0_par1: 0.9982600557965785 +/- 0.17796762449071488
CMS_EXO26004_Background_rpf_2x0_par2: -0.9060051396118993 +/- 0.2507369703369435
CMS_EXO26004_Background_rpf_2x0_par3: 1.4773114137073047 +/- 0.26657904843386215
