CMS_EXO26004_Background_rpf_2x0_par0: 0.000784786833214796 +/- 0.00016685185810519425
CMS_EXO26004_Background_rpf_2x0_par1: 0.009719367766188695 +/- 0.007898497663895904
