CMS_EXO26004_Background_rpf_2x0_par0: 0.08526689101492803 +/- 0.01287824360053519
CMS_EXO26004_Background_rpf_2x0_par1: 0.5090017104216126 +/- 0.13908360829441802
CMS_EXO26004_Background_rpf_2x0_par2: -0.18200442450031096 +/- 0.19940744007560948
CMS_EXO26004_Background_rpf_2x0_par3: 0.001423604733491131 +/- 0.0
