CMS_EXO26004_Background_rpf_2x0_par0: 0.0006996813511519824 +/- 0.00015235251609726678
CMS_EXO26004_Background_rpf_2x0_par1: 0.01451743626477367 +/- 0.011539598805626486
CMS_EXO26004_Background_rpf_2x0_par2: -6.35615175518433e-05 +/- 5.511287006301848
