CMS_EXO26004_Background_rpf_2x0_par0: 0.023321206256569162 +/- 0.004105934271679376
CMS_EXO26004_Background_rpf_2x0_par1: 0.5046342837551792 +/- 0.0
CMS_EXO26004_Background_rpf_2x0_par2: -1.4892166039703544e-07 +/- 0.0
CMS_EXO26004_Background_rpf_2x0_par3: 0.030328509599348814 +/- 0.0
