CMS_EXO26004_Background_rpf_2x0_par0: 0.0512260631273735 +/- 0.009430984183425825
CMS_EXO26004_Background_rpf_2x0_par1: 0.5079069576991959 +/- 0.353787029238717
CMS_EXO26004_Background_rpf_2x0_par2: -1.0932279525693346e-05 +/- 0.0
CMS_EXO26004_Background_rpf_2x0_par3: 0.01548702384712409 +/- 0.0
