CMS_AN23122_Background_rpf_2x0_par0: 0.10321429095467892 +/- 0.04636902029299814
CMS_AN23122_Background_rpf_2x0_par1: 0.5938087850348402 +/- 4.67576409918797
CMS_AN23122_Background_rpf_2x0_par2: -1.8377619312691384e-06 +/- 38.0547766211346
CMS_AN23122_Background_rpf_2x0_par3: 0.007617118401730836 +/- 0.0
