CMS_EXO26004_Background_rpf_2x0_par0: 0.0007327339728614468 +/- 0.00031480092227868784
CMS_EXO26004_Background_rpf_2x0_par1: 0.013454516003295659 +/- 0.014003157894921436
CMS_EXO26004_Background_rpf_2x0_par2: -1.8605007247371854e-06 +/- 9.967236934687211
