CMS_EXO26004_Background_rpf_2x0_par0: 0.5718199849324913 +/- 1.256324771196035
CMS_EXO26004_Background_rpf_2x0_par3: 0.001611682767614471 +/- 0.003528587180931725
