CMS_EXO26004_Background_rpf_2x0_par0: 0.08172118524735904 +/- 0.024132397561416566
CMS_EXO26004_Background_rpf_2x0_par1: 0.9999985188964813 +/- 0.0
CMS_EXO26004_Background_rpf_2x0_par2: -3.079776966013678e-07 +/- 1.631615087481276
CMS_EXO26004_Background_rpf_2x0_par3: 2.0 +/- 0.4609181939799547
