CMS_EXO26004_Background_rpf_2x0_par0: 0.08334454961315552 +/- 0.012553439424165551
CMS_EXO26004_Background_rpf_2x0_par1: 0.5008762173272133 +/- 0.13523959231451782
CMS_EXO26004_Background_rpf_2x0_par2: -0.18645765301209943 +/- 0.1940508978715164
CMS_EXO26004_Background_rpf_2x0_par3: 0.001453998095392306 +/- 0.0
