CMS_AN23122_Background_rpf_2x0_par0: 0.7051010150663828 +/- 3.3125085057295784
CMS_AN23122_Background_rpf_2x0_par3: 0.028963406536318292 +/- 0.1349740401425329
