CMS_AN23122_Background_rpf_2x0_par0: 3.3011117534674184 +/- 0.3351153900081825
CMS_AN23122_Background_rpf_2x0_par1: 50.000000363883416 +/- 13.145413372217117
CMS_AN23122_Background_rpf_2x0_par2: -49.999341844731546 +/- 0.0
CMS_AN23122_Background_rpf_2x0_par3: 0.006916270044911081 +/- 0.0
