CMS_EXO26004_Background_rpf_2x0_par0: 0.0817152846126801 +/- 0.025151353129398722
CMS_EXO26004_Background_rpf_2x0_par1: 0.9999998458574634 +/- 0.0
CMS_EXO26004_Background_rpf_2x0_par2: -7.96959351771374e-07 +/- 2.3770901762934513
CMS_EXO26004_Background_rpf_2x0_par3: 2.0 +/- 0.4781535309191877
