CMS_EXO26004_Background_rpf_2x0_par0: 0.08372104227560408 +/- 0.012556119123114579
CMS_EXO26004_Background_rpf_2x0_par1: 0.5001050532039204 +/- 0.1350595784947165
CMS_EXO26004_Background_rpf_2x0_par2: -0.17879970037023357 +/- 0.19373859369049182
CMS_EXO26004_Background_rpf_2x0_par3: 0.00145013579273053 +/- 0.0
