CMS_EXO26004_Background_rpf_2x0_par0: 0.02288458191064302 +/- 0.012394990103660325
CMS_EXO26004_Background_rpf_2x0_par1: 0.5050921809186907 +/- 0.8239455972457911
CMS_EXO26004_Background_rpf_2x0_par2: -2.423452858659955e-07 +/- 6.088128723259601
CMS_EXO26004_Background_rpf_2x0_par3: 0.03078270041761105 +/- 0.0
