CMS_AN23122_Background_rpf_2x0_par0: 0.08247489365957729 +/- 0.5881596845760076
CMS_AN23122_Background_rpf_2x0_par1: 0.5599657002063865 +/- 5.111811987387343
CMS_AN23122_Background_rpf_2x0_par3: 0.014433367454057263 +/- 0.10468894120813196
