Background_rpf_1x0_par0: 0.03370712745829856 +/- 0.0031457853193366456
Background_rpf_1x0_par1: 0.684851961804105 +/- 0.15248090870038072
