Background_rpf_1x0_par0: 0.03372204708036727 +/- 0.0030939967852262043
Background_rpf_1x0_par1: 0.6845163038688392 +/- 0.13793368499505262
