CMS_EXO26004_Background_rpf_2x0_par0: 0.0009208593995106354 +/- 0.0002069878383964941
CMS_EXO26004_Background_rpf_2x0_par1: 2.203309876493381e-07 +/- 0.009572178882254893
CMS_EXO26004_Background_rpf_2x0_par2: 5.098976680337555e-08 +/- 0.0
