CMS_EXO26004_Background_rpf_2x0_par0: 0.08169441008641756 +/- 0.02873333948595066
CMS_EXO26004_Background_rpf_2x0_par1: 0.9999997679832039 +/- 0.0
CMS_EXO26004_Background_rpf_2x0_par2: -8.362728140045043e-07 +/- 2.9251169997766477
CMS_EXO26004_Background_rpf_2x0_par3: 1.9999999999999987 +/- 0.5494829381413739
