CMS_EXO26004_Background_rpf_2x0_par0: 0.08172943942055315 +/- 0.024495483776251284
CMS_EXO26004_Background_rpf_2x0_par1: 0.999999254332845 +/- 0.0
CMS_EXO26004_Background_rpf_2x0_par2: -3.115539723998065e-06 +/- 2.095090869381273
CMS_EXO26004_Background_rpf_2x0_par3: 1.9999999999999993 +/- 0.4656233164970759
