CMS_EXO26004_Background_rpf_2x0_par0: 0.8146325566821019 +/- 1.6712570379490264
CMS_EXO26004_Background_rpf_2x0_par3: 0.001134398077862309 +/- 0.0023225066669680244
