CMS_AN23122_Background_rpf_2x0_par0: 3.6923317668634 +/- 0.5792398234194021
CMS_AN23122_Background_rpf_2x0_par1: 50.0000075910914 +/- 0.0
CMS_AN23122_Background_rpf_2x0_par3: 0.0008868584628174177 +/- 0.0
