CMS_EXO26004_Background_rpf_2x0_par0: 0.7555846276481867 +/- 0.0784841326473426
CMS_EXO26004_Background_rpf_2x0_par3: 0.0012219416019517305 +/- 0.0
