CMS_EXO26004_Background_rpf_2x0_par0: 0.000738647467720176 +/- 0.000474296863783189
CMS_EXO26004_Background_rpf_2x0_par1: 0.010667324845675459 +/- 0.044306641641291854
