CMS_EXO26004_Background_rpf_2x0_par0: 0.8166162797896577 +/- 0.11439033734736813
CMS_EXO26004_Background_rpf_2x0_par3: 0.0011311685161463994 +/- 0.0
