CMS_AN23122_Background_rpf_2x0_par0: 0.06453862678984443 +/- 0.016320868721115423
CMS_AN23122_Background_rpf_2x0_par1: 0.5653571906506821 +/- 1.41119722960137
CMS_AN23122_Background_rpf_2x0_par3: 0.07738096150302329 +/- 0.0
