CMS_EXO26004_Background_rpf_2x0_par0: 0.05775806368080033 +/- 0.01195846628848904
CMS_EXO26004_Background_rpf_2x0_par1: 0.9999553398564109 +/- 0.1723561580494737
CMS_EXO26004_Background_rpf_2x0_par2: -0.9072550238254886 +/- 0.0
CMS_EXO26004_Background_rpf_2x0_par3: 1.474396074284822 +/- 0.2931158517596413
