CMS_EXO26004_Background_rpf_2x0_par0: 8.45695162933046e-10 +/- 0.0
CMS_EXO26004_Background_rpf_2x0_par1: 0.8734720357911424 +/- 0.0
CMS_EXO26004_Background_rpf_2x0_par2: -9.108092793733494e-08 +/- 4.6872823273161135
CMS_EXO26004_Background_rpf_2x0_par3: 0.022870805515818726 +/- 0.008219661827653263
