CMS_EXO26004_Background_rpf_2x0_par0: 0.0006989891104038333 +/- 0.00015234582504914233
CMS_EXO26004_Background_rpf_2x0_par1: 0.014566835574856088 +/- 0.011535537764430318
CMS_EXO26004_Background_rpf_2x0_par2: -4.1645441979669265e-05 +/- 5.498629330435148
