CMS_EXO26004_Background_rpf_2x0_par0: 0.08398197211383746 +/- 0.012660263978083482
CMS_EXO26004_Background_rpf_2x0_par1: 0.5005349848576519 +/- 0.1365467582062955
CMS_EXO26004_Background_rpf_2x0_par2: -0.17727447740301772 +/- 0.19569629625531165
CMS_EXO26004_Background_rpf_2x0_par3: 0.0014466543997273937 +/- 0.0
