CMS_EXO26004_Background_rpf_2x0_par0: 0.08685718830064153 +/- 1.2559792443130484
CMS_EXO26004_Background_rpf_2x0_par1: 0.5181737290108503 +/- 7.776898431233101
CMS_EXO26004_Background_rpf_2x0_par2: -0.18415454626778224 +/- 2.999322333029787
CMS_EXO26004_Background_rpf_2x0_par3: 0.0013987613913727468 +/- 0.020459541447186307
