Background_rpf_expo_par0: -0.9999999999995874 +/- 0.4080230607468157
Background_rpf_expo_par1: -5.15507124366166 +/- 0.031129692612085577
