Background_rpf_expo_par0: -0.9999999999833814 +/- 0.40820215520649855
Background_rpf_expo_par1: -5.1550910515625565 +/- 0.031131282490803786
