CMS_EXO26004_Background_rpf_2x0_par0: 0.05139553147483312 +/- 0.009486570567769664
CMS_EXO26004_Background_rpf_2x0_par1: 0.5242637028720776 +/- 0.3646990512391459
CMS_EXO26004_Background_rpf_2x0_par2: -2.802712801882939e-06 +/- 0.0
CMS_EXO26004_Background_rpf_2x0_par3: 0.015421993912061296 +/- 0.0
