Background_rpf_expo_par0: -0.9999999999999807 +/- 0.5823399361060251
Background_rpf_expo_par1: -5.622315824479736 +/- 0.043842847068788625
