Background_rpf_expo_par0: -0.9999999999999761 +/- 0.43181837783843413
Background_rpf_expo_par1: -5.618211089802433 +/- 0.022536555087164692
