CMS_EXO26004_Background_rpf_2x0_par0: 0.6850059199437485 +/- 2.4974274058715564
CMS_EXO26004_Background_rpf_2x0_par3: 0.0013470994938590238 +/- 0.004879464507669122
