CMS_AN23122_Background_rpf_2x0_par0: 0.07620676893677693 +/- 0.014574788919166665
CMS_AN23122_Background_rpf_2x0_par1: 0.5534014542290691 +/- 1.1728614169731773
CMS_AN23122_Background_rpf_2x0_par3: 0.015607476701624138 +/- 0.0
