CMS_EXO26004_Background_rpf_2x0_par0: 0.057748322634089196 +/- 0.010572365916536252
CMS_EXO26004_Background_rpf_2x0_par1: 0.9996395252567344 +/- 0.17866813469629403
CMS_EXO26004_Background_rpf_2x0_par2: -0.9068961811151857 +/- 0.2494691512483374
CMS_EXO26004_Background_rpf_2x0_par3: 1.4747554121669193 +/- 0.26507231607494974
