CMS_EXO26004_Background_rpf_2x0_par0: 0.0009257896132622897 +/- 0.00018011831299671283
CMS_EXO26004_Background_rpf_2x0_par1: 0.0028561848094474517 +/- 0.005986199832511557
CMS_EXO26004_Background_rpf_2x0_par2: 0.028846305872772003 +/- 0.0
