CMS_EXO26004_Background_rpf_2x0_par0: 0.09486703674778339 +/- 0.03794669066414391
CMS_EXO26004_Background_rpf_2x0_par1: 0.5150448976780595 +/- 2.615154410210234
CMS_EXO26004_Background_rpf_2x0_par2: -0.007671783426437045 +/- 29.844892977863285
CMS_EXO26004_Background_rpf_2x0_par3: 0.009525261604824649 +/- 0.0
