CMS_EXO26004_Background_rpf_2x0_par0: 0.09670413656836524 +/- 0.033376819157083085
CMS_EXO26004_Background_rpf_2x0_par1: 0.5000025608310797 +/- 2.1529638653404266
CMS_EXO26004_Background_rpf_2x0_par2: -0.00024931613240035074 +/- 25.627416003356736
CMS_EXO26004_Background_rpf_2x0_par3: 0.008998685750564905 +/- 0.0
