CMS_EXO26004_Background_rpf_2x0_par0: 0.055395370534725805 +/- 0.010542006241974669
CMS_EXO26004_Background_rpf_2x0_par1: 0.5004991104131944 +/- 0.6465349773918825
CMS_EXO26004_Background_rpf_2x0_par2: -1.0306985666844876e-06 +/- 0.0
CMS_EXO26004_Background_rpf_2x0_par3: 0.014379362354620114 +/- 0.0
