CMS_EXO26004_Background_rpf_2x0_par0: 0.7456173701755668 +/- 5.148153351405423
CMS_EXO26004_Background_rpf_2x0_par3: 0.0012381544076637504 +/- 0.00856427844581768
