Background_rpf_1x0_par0: 0.014860554008982167 +/- 0.0016985060830452532
Background_rpf_1x0_par1: 0.380804424595894 +/- 0.10631696308124239
