CMS_EXO26004_Background_rpf_2x0_par0: 0.04617565800544401 +/- 0.013278687765677092
CMS_EXO26004_Background_rpf_2x0_par1: 0.5001353050328206 +/- 0.6237923735781478
CMS_EXO26004_Background_rpf_2x0_par2: -3.165870343657673e-17 +/- 0.0
CMS_EXO26004_Background_rpf_2x0_par3: 0.01762656569079549 +/- 0.0
