CMS_AN23122_Background_rpf_2x0_par0: 0.12798572704354927 +/- 0.18123711006029636
CMS_AN23122_Background_rpf_2x0_par3: 0.024354478921270264 +/- 0.03022038838427433
