CMS_AN23122_Background_rpf_2x0_par0: 13.22374496232304 +/- 2.3758782157102094
CMS_AN23122_Background_rpf_2x0_par1: 50.069437380962334 +/- 90.25119156087966
CMS_AN23122_Background_rpf_2x0_par3: 0.00011089880076148516 +/- 0.0
