CMS_AN23122_Background_rpf_2x0_par0: 8.723228725827527 +/- 20.240705454344887
CMS_AN23122_Background_rpf_2x0_par1: 50.00004277430196 +/- 0.0
CMS_AN23122_Background_rpf_2x0_par3: 0.00016457928794014206 +/- 0.00035965369410964154
