CMS_EXO26004_Background_rpf_2x0_par0: 0.06049676138262378 +/- 0.011648147938415893
CMS_EXO26004_Background_rpf_2x0_par1: 0.9999995947040184 +/- 0.1834728251106422
CMS_EXO26004_Background_rpf_2x0_par2: -0.8997238552717077 +/- 0.17218618433577831
CMS_EXO26004_Background_rpf_2x0_par3: 1.4200314930155264 +/- 0.2677766594947365
