CMS_EXO26004_Background_rpf_2x0_par0: 0.07165312979302335 +/- 0.023866698556766985
CMS_EXO26004_Background_rpf_2x0_par1: 0.5000456346526118 +/- 0.0
CMS_EXO26004_Background_rpf_2x0_par2: -0.6094074111649975 +/- 0.0
CMS_EXO26004_Background_rpf_2x0_par3: 0.001559696575907735 +/- 0.000327240669492671
