CMS_EXO26004_Background_rpf_2x0_par0: 0.0007034174044750943 +/- 0.00015944778533694227
CMS_EXO26004_Background_rpf_2x0_par1: 0.015788607073359984 +/- 0.00770662120479033
CMS_EXO26004_Background_rpf_2x0_par2: -4.061270569908303e-06 +/- 2.86119462967734
