CMS_EXO26004_Background_rpf_2x0_par0: 0.05681890772135018 +/- 0.001168927633414989
CMS_EXO26004_Background_rpf_2x0_par1: 0.9839150479750477 +/- 0.05168634123674029
CMS_EXO26004_Background_rpf_2x0_par2: -0.892776984426541 +/- 0.24766488614692886
CMS_EXO26004_Background_rpf_2x0_par3: 1.49863781077614 +/- 0.0
