CMS_AN23122_Background_rpf_2x0_par0: 0.10514286000242588 +/- 0.03208028731143718
CMS_AN23122_Background_rpf_2x0_par1: 0.5003376795045488 +/- 2.6855062140884214
CMS_AN23122_Background_rpf_2x0_par2: -0.00039168012449177663 +/- 30.57599010347935
CMS_AN23122_Background_rpf_2x0_par3: 0.007536336476069594 +/- 0.0
