Background_rpf_1x0_par0: 0.0640304015071988 +/- 0.0029860634516751315
Background_rpf_1x0_par1: 2.824305373571416 +/- 0.11829294930484473
