Background_rpf_1x0_par0: 0.06402892930537672 +/- 0.004973748364903945
Background_rpf_1x0_par1: 2.824341167269475 +/- 0.26533321348477845
