CMS_AN23122_Background_rpf_2x0_par0: 10.813941251725263 +/- 4.304930395143582
CMS_AN23122_Background_rpf_2x0_par1: 50.00019676885144 +/- 219.7416932089096
CMS_AN23122_Background_rpf_2x0_par3: 0.00045326203892172827 +/- 0.0
