CMS_AN23122_Background_rpf_2x0_par0: 3.928417424177307 +/- 0.37771766728759304
CMS_AN23122_Background_rpf_2x0_par1: 56.38804727567503 +/- 21.765019848413804
CMS_AN23122_Background_rpf_2x0_par2: -0.0010075785903528936 +/- 187.42578913322924
CMS_AN23122_Background_rpf_2x0_par3: 0.012608691826321565 +/- 0.0
