CMS_AN23122_Background_rpf_2x0_par0: 3.909191244146343 +/- 0.8770548302875835
CMS_AN23122_Background_rpf_2x0_par1: 56.115642890673186 +/- 59.36676608011664
CMS_AN23122_Background_rpf_2x0_par2: -0.00015469927537256276 +/- 413.2409637334026
CMS_AN23122_Background_rpf_2x0_par3: 0.012670886516820414 +/- 0.0
