CMS_AN23122_Background_rpf_2x0_par0: 0.0638510439854798 +/- 0.6328324681011275
CMS_AN23122_Background_rpf_2x0_par1: 0.5797034361843794 +/- 7.318570619530788
CMS_AN23122_Background_rpf_2x0_par3: 0.07825098237433845 +/- 0.7920582552191514
