CMS_EXO26004_Background_rpf_2x0_par0: 0.0008979587007390771 +/- 0.00012097575583753359
CMS_EXO26004_Background_rpf_2x0_par1: 8.877063597005283e-09 +/- 0.0
CMS_EXO26004_Background_rpf_2x0_par2: 0.10032131932646847 +/- 0.3000059638208187
