CMS_EXO26004_Background_rpf_2x0_par0: 0.08160830975986698 +/- 0.02634287173212852
CMS_EXO26004_Background_rpf_2x0_par1: 0.9999998874786691 +/- 0.0
CMS_EXO26004_Background_rpf_2x0_par2: -1.745851076694841e-07 +/- 2.889432080388392
CMS_EXO26004_Background_rpf_2x0_par3: 1.9999999999999998 +/- 0.5287768516394125
