CMS_EXO26004_Background_rpf_2x0_par0: 0.5355481047683246 +/- 1.4084932081094492
CMS_EXO26004_Background_rpf_2x0_par3: 0.001719753242847274 +/- 0.004510901685779603
