CMS_AN23122_Background_rpf_2x0_par0: 0.06704290957575526 +/- 0.34260894380714035
CMS_AN23122_Background_rpf_2x0_par1: 0.5270666405821686 +/- 0.0
CMS_AN23122_Background_rpf_2x0_par3: 0.07491727342166705 +/- 0.3817438320532786
