CMS_EXO26004_Background_rpf_2x0_par0: 0.08374911011782821 +/- 0.012639166937819784
CMS_EXO26004_Background_rpf_2x0_par1: 0.5002359814865539 +/- 0.136465572648188
CMS_EXO26004_Background_rpf_2x0_par2: -0.17790293117834602 +/- 0.1956483784884159
CMS_EXO26004_Background_rpf_2x0_par3: 0.0014496051791025037 +/- 0.0
