CMS_AN23122_Background_rpf_2x0_par0: 0.07598589792736116 +/- 0.48641916886933445
CMS_AN23122_Background_rpf_2x0_par1: 0.5524358575880273 +/- 4.435230606463198
CMS_AN23122_Background_rpf_2x0_par3: 0.01564632845942008 +/- 0.10162701869076218
