CMS_AN23122_Background_rpf_2x0_par0: 0.06399877839460989 +/- 0.024250613929592577
CMS_AN23122_Background_rpf_2x0_par1: 0.5593227323397321 +/- 2.1334707307898717
CMS_AN23122_Background_rpf_2x0_par2: -7.693324387090454e-06 +/- 24.841416237868348
CMS_AN23122_Background_rpf_2x0_par3: 0.01210888683282758 +/- 0.0
