CMS_AN23122_Background_rpf_2x0_par0: 0.06715194914014483 +/- 0.018500463896674056
CMS_AN23122_Background_rpf_2x0_par1: 0.6079550430146431 +/- 1.5174742451834298
CMS_AN23122_Background_rpf_2x0_par3: 0.06844647076919137 +/- 0.0
