CMS_AN23122_Background_rpf_2x0_par0: 0.07610448612590821 +/- 0.014600265998828384
CMS_AN23122_Background_rpf_2x0_par1: 0.5526696375368468 +/- 1.1747740207030695
CMS_AN23122_Background_rpf_2x0_par3: 0.015620793659304789 +/- 0.0
