CMS_EXO26004_Background_rpf_2x0_par0: 0.12165950361514914 +/- 0.05172886397869829
CMS_EXO26004_Background_rpf_2x0_par1: 0.5156119627984821 +/- 3.5848640715389357
CMS_EXO26004_Background_rpf_2x0_par2: -0.00018580758261126725 +/- 41.486700923848616
CMS_EXO26004_Background_rpf_2x0_par3: 0.0073922625545869685 +/- 0.0
