CMS_EXO26004_Background_rpf_2x0_par0: 0.0007060058372063155 +/- 0.00015366095665294042
CMS_EXO26004_Background_rpf_2x0_par1: 0.013629650438157233 +/- 0.011877231543086016
CMS_EXO26004_Background_rpf_2x0_par2: -0.010572734787704105 +/- 5.827162926397362
