CMS_EXO26004_Background_rpf_2x0_par0: 0.023891985739738084 +/- 0.01392563632664517
CMS_EXO26004_Background_rpf_2x0_par1: 0.5041963238989604 +/- 0.9210551342506442
CMS_EXO26004_Background_rpf_2x0_par2: -2.0437319371569007e-13 +/- 8.22012948624534
CMS_EXO26004_Background_rpf_2x0_par3: 0.02985090234072641 +/- 0.0
