CMS_EXO26004_Background_rpf_2x0_par0: 0.05773275354808105 +/- 0.010713669919261709
CMS_EXO26004_Background_rpf_2x0_par1: 0.9997189481644716 +/- 0.1805699061108257
CMS_EXO26004_Background_rpf_2x0_par2: -0.9072313630513752 +/- 0.2559991492948705
CMS_EXO26004_Background_rpf_2x0_par3: 1.4749587226420608 +/- 0.2685389063354251
