CMS_EXO26004_Background_rpf_2x0_par0: 0.05775631436219756 +/- 0.0011204868114118535
CMS_EXO26004_Background_rpf_2x0_par1: 0.9846172813423558 +/- 0.0452170745659061
CMS_EXO26004_Background_rpf_2x0_par2: -0.8854083726826508 +/- 0.07486234490069671
CMS_EXO26004_Background_rpf_2x0_par3: 1.4671795288867224 +/- 0.0
