CMS_EXO26004_Background_rpf_2x0_par0: 0.025100157750045603 +/- 0.012766574666427995
CMS_EXO26004_Background_rpf_2x0_par1: 0.5034332655734399 +/- 0.8355705463718861
CMS_EXO26004_Background_rpf_2x0_par2: -1.006019776010809e-06 +/- 15.38553196626054
CMS_EXO26004_Background_rpf_2x0_par3: 0.028713639110988398 +/- 0.0
