CMS_EXO26004_Background_rpf_2x0_par0: 0.031681577101485975 +/- 0.010003556756823698
CMS_EXO26004_Background_rpf_2x0_par1: 0.5001256890507783 +/- 0.5364895186894588
CMS_EXO26004_Background_rpf_2x0_par2: -7.342491507024125e-06 +/- 0.0
CMS_EXO26004_Background_rpf_2x0_par3: 0.023932396801641564 +/- 0.0
