CMS_AN23122_Background_rpf_2x0_par0: 0.5986732780601727 +/- 2.503086873671408
CMS_AN23122_Background_rpf_2x0_par3: 0.005182138429494318 +/- 0.021502960001149565
