CMS_EXO26004_Background_rpf_2x0_par0: 0.0009210750677100385 +/- 0.00018482077207206753
CMS_EXO26004_Background_rpf_2x0_par1: 0.0026386649699054227 +/- 0.006921686606809716
