CMS_AN23122_Background_rpf_2x0_par0: 0.9999988219035684 +/- 0.5672855063334092
CMS_AN23122_Background_rpf_2x0_par3: 0.0007477401980214978 +/- 0.00044703753755250794
