CMS_AN23122_Background_rpf_2x0_par0: 0.0764336637655889 +/- 0.014673512717401329
CMS_AN23122_Background_rpf_2x0_par1: 0.5525402877499237 +/- 1.1822955577598975
CMS_AN23122_Background_rpf_2x0_par3: 0.015552533343228814 +/- 0.0
