Background_rpf_2x0_par0: 2.744992880050093 +/- 0.12815122720615305
Background_rpf_2x0_par1: 50.0000153991372 +/- 9.111937813742436
Background_rpf_2x0_par2: -49.755345740730704 +/- 0.0
Background_rpf_2x0_par3: 0.05501589927206191 +/- 0.0
