CMS_EXO26004_Background_rpf_2x0_par0: 0.0007036033733334111 +/- 0.00015375219690207768
CMS_EXO26004_Background_rpf_2x0_par1: 0.014005571827384678 +/- 0.01185318548605469
CMS_EXO26004_Background_rpf_2x0_par2: -3.4635019464056543e-07 +/- 5.73899473676078
