CMS_EXO26004_Background_rpf_2x0_par0: 0.520163723726953 +/- 1.3479463469730621
CMS_EXO26004_Background_rpf_2x0_par3: 0.001770199949842412 +/- 0.004543659476547793
