CMS_EXO26004_Background_rpf_2x0_par0: 0.000707616902193566 +/- 0.00023532372885300487
CMS_EXO26004_Background_rpf_2x0_par1: 0.015438488647508573 +/- 0.011993262105473558
CMS_EXO26004_Background_rpf_2x0_par2: -3.052029115546695e-17 +/- 6.041741652639621
