CMS_EXO26004_Background_rpf_2x0_par0: 0.000812379916409398 +/- 0.00022283494585681438
CMS_EXO26004_Background_rpf_2x0_par1: 0.008391837559480074 +/- 0.009035537939056072
CMS_EXO26004_Background_rpf_2x0_par2: -4.23225645102934e-05 +/- 6.968909236300394
