CMS_EXO26004_Background_rpf_2x0_par0: 0.022745111496545057 +/- 0.003855677331332007
CMS_EXO26004_Background_rpf_2x0_par1: 0.5051166330133804 +/- 0.0
CMS_EXO26004_Background_rpf_2x0_par2: -1.1781702258662884e-07 +/- 0.0
CMS_EXO26004_Background_rpf_2x0_par3: 0.031000477294286014 +/- 0.0
