CMS_AN23122_Background_rpf_2x0_par0: 6.049115671058728 +/- 1.2605622093523887
CMS_AN23122_Background_rpf_2x0_par1: 50.00001099935497 +/- 51.217330879072684
CMS_AN23122_Background_rpf_2x0_par3: 0.00020878445991211214 +/- 0.0
