CMS_AN23122_Background_rpf_2x0_par0: 3.630336718411955 +/- 0.779982098836612
CMS_AN23122_Background_rpf_2x0_par1: 50.000009460474544 +/- 30.660893751141092
CMS_AN23122_Background_rpf_2x0_par3: 0.0002708366544516818 +/- 0.0
