CMS_EXO26004_Background_rpf_2x0_par0: 0.0009019774498605646 +/- 0.00018245524694644128
CMS_EXO26004_Background_rpf_2x0_par1: 0.005809350798319823 +/- 0.006190838466984773
