CMS_EXO26004_Background_rpf_2x0_par0: 0.1671092409265809 +/- 0.09066023624399218
CMS_EXO26004_Background_rpf_2x0_par1: 0.9998411049983735 +/- 0.4301412013742079
CMS_EXO26004_Background_rpf_2x0_par2: -0.35704497446142675 +/- 0.30519230466196406
CMS_EXO26004_Background_rpf_2x0_par3: 0.0007262602033863976 +/- 0.00034963229291482207
