CMS_AN23122_Background_rpf_1x0_par0: 0.1763445917819109 +/- 0.0046412792738569925
CMS_AN23122_Background_rpf_1x0_par1: 0.09999999956802294 +/- 0.10590018003099831
