CMS_AN23122_Background_rpf_1x0_par0: 0.17424750134627986 +/- 0.00475413906923715
CMS_AN23122_Background_rpf_1x0_par1: 0.1 +/- 0.13551257645002773
