CMS_AN23122_Background_rpf_1x0_par0: 0.180746084840357 +/- 0.004999706673695684
CMS_AN23122_Background_rpf_1x0_par1: 0.08082398088800057 +/- 0.16136322389990104
