CMS_AN23122_Background_rpf_1x0_par0: 0.1762689250570112 +/- 0.004568298452158485
CMS_AN23122_Background_rpf_1x0_par1: 0.1 +/- 0.09719293304205945
