CMS_AN23122_Background_rpf_2x0_par0: 0.07925172420349208 +/- 0.8695638681871002
CMS_AN23122_Background_rpf_2x0_par1: 0.5267610174866104 +/- 0.0
CMS_AN23122_Background_rpf_2x0_par3: 0.015028238835452583 +/- 0.16351074385632716
