CMS_EXO26004_Background_rpf_2x0_par0: 0.0007591995060720577 +/- 0.00021210469125344995
CMS_EXO26004_Background_rpf_2x0_par1: 0.01174393734760415 +/- 0.011152693471338954
CMS_EXO26004_Background_rpf_2x0_par2: -1.5894255359928102e-06 +/- 0.0
