Background_rpf_2x0_par0: 1.0622222379378086 +/- 0.10126084851487693
Background_rpf_2x0_par1: 50.00658916024479 +/- 0.0
Background_rpf_2x0_par2: -49.999999347749814 +/- 107.2147868920346
Background_rpf_2x0_par3: 0.06188267451906621 +/- 0.0
