Background_rpf_2x0_par0: 1.1976290189237653 +/- 1.1041458758185299
Background_rpf_2x0_par1: 55.06708289757226 +/- 57.56132871323108
Background_rpf_2x0_par2: -49.999196096134554 +/- 662.3170950074194
Background_rpf_2x0_par3: 0.05508284850501002 +/- 0.0
