Background_rpf_2x0_par0: 1.1001836779399399 +/- 2.512031151654124
Background_rpf_2x0_par1: 51.18622584485841 +/- 103.92243288215617
Background_rpf_2x0_par2: -49.99972157531594 +/- 0.0
Background_rpf_2x0_par3: 0.059631760535739646 +/- 0.12943517483429193
