Background_rpf_2x0_par0: 1.2471993632254346 +/- 1.384447496283867
Background_rpf_2x0_par1: 57.48536292654535 +/- 76.55038210529905
Background_rpf_2x0_par2: -49.999906422544534 +/- 940.1342261438056
Background_rpf_2x0_par3: 0.053216746199606556 +/- 0.0
