Background_rpf_2x0_par0: 1.070164252707113 +/- 0.08919337733738503
Background_rpf_2x0_par1: 50.000015109248544 +/- 0.0
Background_rpf_2x0_par2: -49.99997014865281 +/- 81.57246631987896
Background_rpf_2x0_par3: 0.061186234541043 +/- 0.0
