CMS_EXO26004_Background_rpf_2x0_par0: 0.08169334541588166 +/- 0.02832133117626214
CMS_EXO26004_Background_rpf_2x0_par1: 0.9999998994285902 +/- 0.0
CMS_EXO26004_Background_rpf_2x0_par2: -1.2470174651723308e-07 +/- 2.8883428643465647
CMS_EXO26004_Background_rpf_2x0_par3: 1.9999999999999998 +/- 0.5429494069563565
