CMS_EXO26004_Background_rpf_2x0_par0: 0.05775402097471603 +/- 0.01046285430743754
CMS_EXO26004_Background_rpf_2x0_par1: 0.9998279293503173 +/- 0.1743331198465307
CMS_EXO26004_Background_rpf_2x0_par2: -0.9071131809152301 +/- 0.2462979331825538
CMS_EXO26004_Background_rpf_2x0_par3: 1.4745928323161765 +/- 0.26137358274934097
