CMS_AN23122_Background_rpf_2x0_par0: 0.5265583235674665 +/- 2.2442876916676986
CMS_AN23122_Background_rpf_2x0_par3: 0.03867088406888467 +/- 0.1629801798461683
