CMS_EXO26004_Background_rpf_2x0_par0: 0.445686963620929 +/- 2.057623657298586
CMS_EXO26004_Background_rpf_2x0_par3: 0.00206221105789501 +/- 0.009414733012078912
