CMS_EXO26004_Background_rpf_2x0_par0: 0.08399999713109642 +/- 0.012643258523528628
CMS_EXO26004_Background_rpf_2x0_par1: 0.5011344757323419 +/- 0.136272809664974
CMS_EXO26004_Background_rpf_2x0_par2: -0.17790035813162888 +/- 0.19537013647749882
CMS_EXO26004_Background_rpf_2x0_par3: 0.0014460539080756027 +/- 0.0
