CMS_EXO26004_Background_rpf_2x0_par0: 0.0007073456320553411 +/- 0.0001556448728676616
CMS_EXO26004_Background_rpf_2x0_par1: 0.015387552533588214 +/- 0.007387089748611228
CMS_EXO26004_Background_rpf_2x0_par2: -2.949029909160572e-17 +/- 2.655062662748678
