CMS_EXO26004_Background_rpf_2x0_par0: 0.0530402910890894 +/- 0.0009183549417236104
CMS_EXO26004_Background_rpf_2x0_par1: 0.9183460691744975 +/- 0.026958141459153036
CMS_EXO26004_Background_rpf_2x0_par2: -0.833259107055545 +/- 0.0
CMS_EXO26004_Background_rpf_2x0_par3: 1.605508143058916 +/- 0.0
