CMS_EXO26004_Background_rpf_2x0_par0: 0.910824399704639 +/- 2.173645997732026
CMS_EXO26004_Background_rpf_2x0_par3: 0.00100239093470512 +/- 0.0023701444049468697
