CMS_AN23122_Background_rpf_2x0_par0: 0.6028042607109417 +/- 1.8910115472947988
CMS_AN23122_Background_rpf_2x0_par3: 0.005143081312597686 +/- 0.01601487766306218
