Background_rpf_2x0_par0: 3.6043120627925482 +/- 0.20126174962254262
Background_rpf_2x0_par1: 50.21089807313675 +/- 7.3786951981374385
Background_rpf_2x0_par2: -44.525172085317045 +/- 14.335005586152299
Background_rpf_2x0_par3: 0.011975704215232901 +/- 0.0
