Background_rpf_2x0_par0: 3.6051630331281475 +/- 0.20098785916029252
Background_rpf_2x0_par1: 50.21645654184651 +/- 7.362087430015535
Background_rpf_2x0_par2: -44.52418265559893 +/- 14.299307757708574
Background_rpf_2x0_par3: 0.011973627478920041 +/- 0.0
