CMS_EXO26004_Background_rpf_2x0_par0: 0.05774387789108676 +/- 0.010498417154080081
CMS_EXO26004_Background_rpf_2x0_par1: 0.999941190719297 +/- 0.17631235743336468
CMS_EXO26004_Background_rpf_2x0_par2: -0.907349642362382 +/- 0.24990720377507702
CMS_EXO26004_Background_rpf_2x0_par3: 1.474659826432905 +/- 0.2627694125747663
