CMS_EXO26004_Background_rpf_2x0_par0: 0.0007069139133706506 +/- 0.00015492460609195773
CMS_EXO26004_Background_rpf_2x0_par1: 0.013689550986109904 +/- 0.01192019648561245
CMS_EXO26004_Background_rpf_2x0_par2: -3.7851203193496087e-07 +/- 5.971806155963734
