CMS_AN23122_Background_rpf_2x0_par0: 0.8221691052378007 +/- 3.1790313168632776
CMS_AN23122_Background_rpf_2x0_par3: 0.024862119293548108 +/- 0.11126871452716595
