CMS_EXO26004_Background_rpf_2x0_par0: 0.057221784662934615 +/- 0.010407546281627654
CMS_EXO26004_Background_rpf_2x0_par1: 0.9999225151761136 +/- 0.1755975354930346
CMS_EXO26004_Background_rpf_2x0_par2: -0.9087381992166103 +/- 0.1658131348692258
CMS_EXO26004_Background_rpf_2x0_par3: 1.480170037008995 +/- 0.26457999753415407
