CMS_EXO26004_Background_rpf_2x0_par0: 0.0009368278118357537 +/- 0.00021128642907288381
CMS_EXO26004_Background_rpf_2x0_par1: 6.650264391228717e-08 +/- 0.009748429156149584
