CMS_EXO26004_Background_rpf_2x0_par0: 0.0007878352905070382 +/- 0.0001804878749704676
CMS_EXO26004_Background_rpf_2x0_par1: 0.008223170621471597 +/- 0.010220927779438652
