CMS_EXO26004_Background_rpf_2x0_par0: 0.08381549561909883 +/- 0.012593375282418688
CMS_EXO26004_Background_rpf_2x0_par1: 0.5002847160810747 +/- 0.13563619523244097
CMS_EXO26004_Background_rpf_2x0_par2: -0.17778306129970103 +/- 0.19455294852082677
CMS_EXO26004_Background_rpf_2x0_par3: 0.0014488814211165346 +/- 0.0
