CMS_AN23122_Background_rpf_2x0_par0: 0.0727276448326628 +/- 0.01934639179177915
CMS_AN23122_Background_rpf_2x0_par1: 0.5016810859067604 +/- 0.6551761996431692
CMS_AN23122_Background_rpf_2x0_par2: -3.7093246239937707e-06 +/- 0.0
CMS_AN23122_Background_rpf_2x0_par3: 0.042691639485196727 +/- 0.0
