CMS_AN23122_Background_rpf_2x0_par0: 0.7653977666807449 +/- 0.8751308811641815
CMS_AN23122_Background_rpf_2x0_par3: 0.026697842497374315 +/- 0.0
