CMS_AN23122_Background_rpf_2x0_par0: 0.06609027823578197 +/- 0.024618916900970737
CMS_AN23122_Background_rpf_2x0_par1: 0.5366234197985843 +/- 2.1621229495847265
CMS_AN23122_Background_rpf_2x0_par2: -3.6913587565217364e-05 +/- 25.02952331094201
CMS_AN23122_Background_rpf_2x0_par3: 0.011748486017060302 +/- 0.0
