CMS_EXO26004_Background_rpf_2x0_par0: 0.0009285657064701345 +/- 0.0001822882961064147
CMS_EXO26004_Background_rpf_2x0_par1: 0.0027736025764100317 +/- 0.006333042607257418
CMS_EXO26004_Background_rpf_2x0_par2: 0.018213402933005614 +/- 0.0
