CMS_EXO26004_Background_rpf_2x0_par0: 0.024418497949998296 +/- 0.01473784174983804
CMS_EXO26004_Background_rpf_2x0_par1: 0.5037253655266029 +/- 0.9076456152020624
CMS_EXO26004_Background_rpf_2x0_par2: -1.519842286322893e-08 +/- 11.07044548442115
CMS_EXO26004_Background_rpf_2x0_par3: 0.029223135076713633 +/- 0.0
