CMS_EXO26004_Background_rpf_2x0_par0: 0.08173465702871345 +/- 0.024604915255926004
CMS_EXO26004_Background_rpf_2x0_par1: 0.9999999039072941 +/- 0.0
CMS_EXO26004_Background_rpf_2x0_par2: -5.6708503790589906e-08 +/- 2.096785292850417
CMS_EXO26004_Background_rpf_2x0_par3: 2.0 +/- 0.4675993168053917
