CMS_EXO26004_Background_rpf_2x0_par0: 0.4972539876337452 +/- 1.2667246345346295
CMS_EXO26004_Background_rpf_2x0_par3: 0.0018510886877038273 +/- 0.004666739626736197
