CMS_EXO26004_Background_rpf_2x0_par0: 0.029384913114346076 +/- 0.011122744300923273
CMS_EXO26004_Background_rpf_2x0_par1: 0.5015083805537326 +/- 0.6602566457689483
CMS_EXO26004_Background_rpf_2x0_par2: -2.007966039404771e-08 +/- 0.0
CMS_EXO26004_Background_rpf_2x0_par3: 0.025377659542633015 +/- 0.0
