CMS_AN23122_Background_rpf_1x0_par0: 0.058678988446089576 +/- 0.0038882308479445157
CMS_AN23122_Background_rpf_1x0_par1: 0.7332911955564988 +/- 0.1407114303826276
