CMS_AN23122_Background_rpf_1x0_par0: 0.058681160024589375 +/- 0.0025847230088275816
CMS_AN23122_Background_rpf_1x0_par1: 0.733162248069634 +/- 0.0672878655778751
