Background_rpf_expo_par0: -0.9999999999907113 +/- 0.4252362683975546
Background_rpf_expo_par1: -4.536634250693758 +/- 0.10932225365627198
