Background_rpf_expo_par0: -0.999992266981966 +/- 0.4043410746075265
Background_rpf_expo_par1: -4.5817904668972265 +/- 0.08132517817600818
