Background_rpf_expo_par0: -0.44358009637423595 +/- 0.715202931436156
Background_rpf_expo_par1: -4.092136597069671 +/- 0.3137428514478389
