Background_rpf_expo_par0: -0.9999999999994283 +/- 0.3789099733923038
Background_rpf_expo_par1: -4.818555516137256 +/- 0.05347170959747066
