Background_rpf_expo_par0: -0.9999999999977657 +/- 0.39056898980721727
Background_rpf_expo_par1: -4.706373719610335 +/- 0.06911203313969295
