Background_rpf_expo_par0: -0.999999903646694 +/- 0.391461687561354
Background_rpf_expo_par1: -4.706465426381044 +/- 0.06914040092198842
