Background_rpf_expo_par0: -0.9999999999996046 +/- 0.37880882426842455
Background_rpf_expo_par1: -4.818527312836527 +/- 0.05346894780710482
