Background_rpf_expo_par0: -0.4440878207908718 +/- 0.7155692011193397
Background_rpf_expo_par1: -4.092993144208122 +/- 0.3138765226464209
