Background_rpf_expo_par0: -0.9999999999958716 +/- 0.4383353319527567
Background_rpf_expo_par1: -5.538952893610194 +/- 0.01870532061375585
