Background_rpf_expo_par0: -0.9999999999997442 +/- 0.3964490508035289
Background_rpf_expo_par1: -4.993316405972088 +/- 0.03889813536051245
