Background_rpf_expo_par0: -1.0 +/- 0.39744712608833543
Background_rpf_expo_par1: -4.634778908831053 +/- 0.07253673064930134
