Background_rpf_expo_par0: -0.9999999999999999 +/- 0.38887273830057256
Background_rpf_expo_par1: -4.641133220273411 +/- 0.07405083416852401
