Background_rpf_expo_par0: -0.9999999999994509 +/- 0.3962401645071557
Background_rpf_expo_par1: -4.8631528034865585 +/- 0.04881991023101729
