Background_rpf_expo_par0: -0.9999995365216883 +/- 0.3973766817067818
Background_rpf_expo_par1: -4.863445975538346 +/- 0.0488442072229723
