Background_rpf_expo_par0: -0.9999999999999998 +/- 0.40204363478063315
Background_rpf_expo_par1: -4.636586104120022 +/- 0.07293885878437052
