Background_rpf_expo_par0: -0.9999999999999999 +/- 0.42618610151423975
Background_rpf_expo_par1: -4.536897765139776 +/- 0.10937831264149239
