Background_rpf_expo_par0: -0.999999999977467 +/- 0.4097021311206934
Background_rpf_expo_par1: -4.562147936381934 +/- 0.08652035704393765
