Background_rpf_expo_par0: -0.9999999997413327 +/- 0.3981601425318671
Background_rpf_expo_par1: -4.634912155284688 +/- 0.07255707723287565
