Background_rpf_expo_par0: -0.9999999959893207 +/- 0.44170908713289997
Background_rpf_expo_par1: -5.538981061202373 +/- 0.018728211964998503
