Background_rpf_expo_par0: -0.9999999999777761 +/- 0.4043430240348482
Background_rpf_expo_par1: -4.581799870002498 +/- 0.08132547645533807
