Background_rpf_expo_par0: -0.9999999999997127 +/- 0.39770093241432947
Background_rpf_expo_par1: -4.993382310043537 +/- 0.03891466067704911
