Background_rpf_expo_par0: -0.9999999999999429 +/- 0.3880316985226068
Background_rpf_expo_par1: -4.640988729416309 +/- 0.07402106801453057
