Background_rpf_expo_par0: -0.9999999999919694 +/- 0.4011596892925506
Background_rpf_expo_par1: -4.636396950844775 +/- 0.07291097781855937
