Background_rpf_expo_par0: -0.999999999837927 +/- 0.41047387456969675
Background_rpf_expo_par1: -4.562291272800741 +/- 0.08655036460749613
