CMS_AN23122_Background_rpf_2x0_par0: 0.19790421946018416 +/- 0.6518771847879679
CMS_AN23122_Background_rpf_2x0_par1: 0.9993346430328612 +/- 2.98218082124507
CMS_AN23122_Background_rpf_2x0_par3: 0.015849205336235715 +/- 0.051041479758785244
