CMS_AN23122_Background_rpf_2x0_par0: 0.07692609163315578 +/- 0.375089776226082
CMS_AN23122_Background_rpf_2x0_par1: 0.5547224918333205 +/- 3.478740833900521
CMS_AN23122_Background_rpf_2x0_par3: 0.015441583753966375 +/- 0.07634249577539746
