CMS_AN23122_Background_rpf_2x0_par0: 0.34799548041094375 +/- 0.8154036944801974
CMS_AN23122_Background_rpf_2x0_par3: 0.0023671556780368104 +/- 0.0054522660800515425
