CMS_EXO26004_Background_rpf_2x0_par0: 0.12095391563697713 +/- 0.025853308376144156
CMS_EXO26004_Background_rpf_2x0_par1: 0.5224870561982141 +/- 0.9440845397260618
CMS_EXO26004_Background_rpf_2x0_par3: 0.007570407154487205 +/- 0.0
