Background_rpf_expo_par0: -0.999999999999232 +/- 0.0
Background_rpf_expo_par1: -4.326829985185108 +/- 0.017495716792265473
