Background_rpf_expo_par0: -0.9999999999971964 +/- 1.2566441815346796
Background_rpf_expo_par1: -3.9347262516798183 +/- 0.03026049812409565
