Background_rpf_expo_par0: -0.9999999999999901 +/- 0.0
Background_rpf_expo_par1: -3.938582190424799 +/- 0.025807277516131356
