CMS_AN23122_Background_rpf_2x0_par0: 0.06832031876761646 +/- 0.009280787027378296
CMS_AN23122_Background_rpf_2x0_par1: 0.5156443290325555 +/- 0.0
CMS_AN23122_Background_rpf_2x0_par3: 0.017369340104626724 +/- 0.0
