CMS_EXO26004_Background_rpf_2x0_par0: 0.02384573641112792 +/- 0.003935665978582872
CMS_EXO26004_Background_rpf_2x0_par1: 0.5042022238420514 +/- 0.0
CMS_EXO26004_Background_rpf_2x0_par2: -1.6813795861484425e-07 +/- 0.0
CMS_EXO26004_Background_rpf_2x0_par3: 0.02991842543648196 +/- 0.0
