CMS_AN23122_Background_rpf_1x0_par0: 0.09241680957164529 +/- 0.0016482439897050382
CMS_AN23122_Background_rpf_1x0_par1: 0.8097006061703977 +/- 0.0373020541312606
