CMS_AN23122_Background_rpf_1x0_par0: 0.09241954610838099 +/- 0.0015759754110850827
CMS_AN23122_Background_rpf_1x0_par1: 0.8096649836055115 +/- 0.03217607515088123
