Background_rpf_2x0_par0: 2.8534136060625537 +/- 9.604751312979806
Background_rpf_2x0_par1: 52.197397748353275 +/- 169.7394119451673
Background_rpf_2x0_par2: -39.736086126092225 +/- 0.0
Background_rpf_2x0_par3: 0.05292300259030486 +/- 0.1768544268234727
