CMS_EXO26004_Background_rpf_2x0_par0: 0.08362784934093043 +/- 0.012597565083160699
CMS_EXO26004_Background_rpf_2x0_par1: 0.5000591826465132 +/- 0.1358667167038192
CMS_EXO26004_Background_rpf_2x0_par2: -0.1801870321317399 +/- 0.19492003654365897
CMS_EXO26004_Background_rpf_2x0_par3: 0.0014511606354393762 +/- 0.0
