CMS_EXO26004_Background_rpf_2x0_par0: 0.057996016518367326 +/- 0.010995762659210845
CMS_EXO26004_Background_rpf_2x0_par1: 0.9999422149570233 +/- 0.18080264741127458
CMS_EXO26004_Background_rpf_2x0_par2: -0.9069780457610406 +/- 0.17058819180717252
CMS_EXO26004_Background_rpf_2x0_par3: 1.46965555273511 +/- 0.27273143076554685
