CMS_EXO26004_Background_rpf_2x0_par0: 0.057747803140150794 +/- 0.010318674198122041
CMS_EXO26004_Background_rpf_2x0_par1: 0.9999762854094985 +/- 0.1724344922083601
CMS_EXO26004_Background_rpf_2x0_par2: -0.9076147606334064 +/- 0.16504156280171622
CMS_EXO26004_Background_rpf_2x0_par3: 1.4746096413616816 +/- 0.25884892082106953
