CMS_EXO26004_Background_rpf_2x0_par0: 0.07252268345210389 +/- 0.01406011012787246
CMS_EXO26004_Background_rpf_2x0_par1: 0.5521694659162423 +/- 0.9595525571949267
CMS_EXO26004_Background_rpf_2x0_par2: -4.632569512979384e-08 +/- 0.0
CMS_EXO26004_Background_rpf_2x0_par3: 0.011016159528867853 +/- 0.0
