CMS_EXO26004_Background_rpf_2x0_par0: 0.0837158687786954 +/- 0.012552461721991414
CMS_EXO26004_Background_rpf_2x0_par1: 0.5000465349653781 +/- 0.13498841213105364
CMS_EXO26004_Background_rpf_2x0_par2: -0.17924412456138833 +/- 0.19362075824804517
CMS_EXO26004_Background_rpf_2x0_par3: 0.0014504842751684672 +/- 0.0
