CMS_EXO26004_Background_rpf_2x0_par0: 0.057753129038055316 +/- 0.010601286167965782
CMS_EXO26004_Background_rpf_2x0_par1: 0.9999944827602393 +/- 0.1775134925144977
CMS_EXO26004_Background_rpf_2x0_par2: -0.9084695101936819 +/- 0.16777633224356134
CMS_EXO26004_Background_rpf_2x0_par3: 1.4744857594605274 +/- 0.2661766618568409
