CMS_EXO26004_Background_rpf_2x0_par0: 0.08360973820610876 +/- 0.012590026378165212
CMS_EXO26004_Background_rpf_2x0_par1: 0.5000481765642094 +/- 0.1356702335190347
CMS_EXO26004_Background_rpf_2x0_par2: -0.17857389420417225 +/- 0.19452432530191743
CMS_EXO26004_Background_rpf_2x0_par3: 0.0014508273323998854 +/- 0.0
