CMS_AN23122_Background_rpf_2x0_par0: 0.06353282323036828 +/- 0.02357670271522932
CMS_AN23122_Background_rpf_2x0_par1: 0.528549439371207 +/- 2.057434453211161
CMS_AN23122_Background_rpf_2x0_par2: -2.168404344971009e-19 +/- 24.091302518335404
CMS_AN23122_Background_rpf_2x0_par3: 0.012223887090298851 +/- 0.0
