CMS_AN23122_Background_rpf_2x0_par0: 8.723510085572647 +/- 15.66065426343513
CMS_AN23122_Background_rpf_2x0_par1: 50.000042767473865 +/- 0.0
CMS_AN23122_Background_rpf_2x0_par3: 0.0001645749799621427 +/- 0.0002708242030654138
