CMS_AN23122_Background_rpf_2x0_par0: 11.91139549948748 +/- 1.9462089226815873
CMS_AN23122_Background_rpf_2x0_par1: 50.10876140105989 +/- 0.0
CMS_AN23122_Background_rpf_2x0_par3: 0.00012322799436573776 +/- 0.0
