CMS_EXO26004_Background_rpf_2x0_par0: 0.9998890014388766 +/- 0.5565144489298246
CMS_EXO26004_Background_rpf_2x0_par3: 0.0008073860678049758 +/- 0.00046383675846858164
