CMS_EXO26004_Background_rpf_2x0_par0: 0.05773560261934441 +/- 0.010834051565496787
CMS_EXO26004_Background_rpf_2x0_par1: 0.999597662399185 +/- 0.1795821509134158
CMS_EXO26004_Background_rpf_2x0_par2: -0.906960241799845 +/- 0.1694076645835747
CMS_EXO26004_Background_rpf_2x0_par3: 1.4749507046895212 +/- 0.2712196579147672
