CMS_EXO26004_Background_rpf_2x0_par0: 0.1769875285260279 +/- 0.053326270701855354
CMS_EXO26004_Background_rpf_2x0_par1: 0.6013914276293589 +/- 4.887387364690803
CMS_EXO26004_Background_rpf_2x0_par3: 0.004702021405321753 +/- 0.0
