CMS_EXO26004_Background_rpf_2x0_par0: 0.08173273713246151 +/- 0.024634885404585912
CMS_EXO26004_Background_rpf_2x0_par1: 0.9999997231894341 +/- 0.0
CMS_EXO26004_Background_rpf_2x0_par2: -4.963447918637917e-07 +/- 2.2640644610923744
CMS_EXO26004_Background_rpf_2x0_par3: 1.9999999999999998 +/- 0.4674876941379708
