CMS_AN23122_Background_rpf_2x0_par0: 0.06398673145101666 +/- 0.016198531205415385
CMS_AN23122_Background_rpf_2x0_par1: 0.5788620147348411 +/- 1.351329728076417
CMS_AN23122_Background_rpf_2x0_par3: 0.07807763749248368 +/- 0.0
