CMS_AN23122_Background_rpf_2x0_par0: 0.6329537648768641 +/- 2.0401600818414236
CMS_AN23122_Background_rpf_2x0_par3: 0.004986249784427095 +/- 0.015864404279870445
