CMS_AN23122_Background_rpf_expo_par0: -2.7262666759536387 +/- 0.0826624830430214
CMS_AN23122_Background_rpf_expo_par1: -4.482325438855228 +/- 0.009364233000560218
