CMS_EXO26004_Background_rpf_2x0_par0: 0.08173817913876688 +/- 0.024075154554162995
CMS_EXO26004_Background_rpf_2x0_par1: 0.9999998075727596 +/- 0.0
CMS_EXO26004_Background_rpf_2x0_par2: -2.38399198153761e-07 +/- 1.8000436420008068
CMS_EXO26004_Background_rpf_2x0_par3: 1.9999999999999998 +/- 0.4598351848791307
