CMS_EXO26004_Background_rpf_2x0_par0: 0.08172972709479903 +/- 0.024617946781551617
CMS_EXO26004_Background_rpf_2x0_par1: 0.9999979615547058 +/- 0.0
CMS_EXO26004_Background_rpf_2x0_par2: -1.9881815820574095e-06 +/- 2.3379699413911883
CMS_EXO26004_Background_rpf_2x0_par3: 2.0 +/- 0.4669159747845645
