CMS_AN23122_Background_rpf_2x0_par0: 11.592621151208048 +/- 2.052588034644145
CMS_AN23122_Background_rpf_2x0_par1: 50.07861382054309 +/- 0.0
CMS_AN23122_Background_rpf_2x0_par3: 0.0001265088396700987 +/- 0.0
