CMS_AN23122_Background_rpf_2x0_par0: 8.724009820095862 +/- 18.805349462803683
CMS_AN23122_Background_rpf_2x0_par1: 50.0000427317341 +/- 0.0
CMS_AN23122_Background_rpf_2x0_par3: 0.00016456618405679495 +/- 0.00033150944118242584
