CMS_EXO26004_Background_rpf_2x0_par0: 0.08894923737391021 +/- 0.01879057451630141
CMS_EXO26004_Background_rpf_2x0_par1: 0.5125681219758718 +/- 0.6497521422510417
CMS_EXO26004_Background_rpf_2x0_par3: 0.010121755547965022 +/- 0.0
