CMS_EXO26004_Background_rpf_2x0_par0: 0.0007875568768879313 +/- 0.00016777959367063667
CMS_EXO26004_Background_rpf_2x0_par1: 0.009292976767443421 +/- 0.008234315494816975
