CMS_EXO26004_Background_rpf_2x0_par0: 0.0008960800038598191 +/- 0.0002972598803126789
CMS_EXO26004_Background_rpf_2x0_par1: 2.059421903708369e-08 +/- 0.018945193517102086
CMS_EXO26004_Background_rpf_2x0_par2: 0.15477707512404731 +/- 0.1571573274751358
