Background_rpf_1x0Prime_par0: 7.742355584741781e-05 +/- 0.0
Background_rpf_1x0Prime_par1: -13.153569285539568 +/- 0.09698372839992889
Background_rpf_1x0Prime_par2: 3.62543408253895e-05 +/- 0.0
