Background_rpf_1x0Prime_par0: 0.01892295171174227 +/- 0.0
Background_rpf_1x0Prime_par1: -12.769306689831385 +/- 0.0
Background_rpf_1x0Prime_par2: 0.0009587230853799972 +/- 5.753018671017539e-06
