CMS_EXO26004_Background_rpf_2x0_par0: 0.1230877410199495 +/- 0.026437037155019265
CMS_EXO26004_Background_rpf_2x0_par1: 0.5223732939984249 +/- 0.9711430957876699
CMS_EXO26004_Background_rpf_2x0_par3: 0.007446485950445139 +/- 0.0
