CMS_EXO26004_Background_rpf_2x0_par0: 0.0959023322159511 +/- 0.06299933766136884
CMS_EXO26004_Background_rpf_2x0_par1: 0.5052682697284763 +/- 4.737087350772359
CMS_EXO26004_Background_rpf_2x0_par2: -1.9921090168087408e-11 +/- 57.21288223016248
CMS_EXO26004_Background_rpf_2x0_par3: 0.009253290665310932 +/- 0.0
