CMS_EXO26004_Background_rpf_2x0_par0: 0.9999987786788936 +/- 0.5178080398481144
CMS_EXO26004_Background_rpf_2x0_par3: 0.0008657537802408835 +/- 0.0004575163466011774
