Background_rpf_2x0_par0: 2.541853674539087 +/- 0.2417965282794443
Background_rpf_2x0_par1: 50.00021415334037 +/- 6.214495835166542
Background_rpf_2x0_par2: -31.972837357000376 +/- 12.923328675224806
Background_rpf_2x0_par3: 0.011130739363342985 +/- 0.0
