Background_rpf_2x0_par0: 2.527923412873334 +/- 0.2417970614216747
Background_rpf_2x0_par1: 50.00056028284512 +/- 6.217827739969213
Background_rpf_2x0_par2: -32.124503307855015 +/- 12.924240412372312
Background_rpf_2x0_par3: 0.011173909536570293 +/- 0.0
