Background_rpf_2x0_par0: 2.5521747642134116 +/- 0.2913176941913219
Background_rpf_2x0_par1: 50.00549037154939 +/- 9.33576000979563
Background_rpf_2x0_par2: -31.862934024493693 +/- 16.568474409169426
Background_rpf_2x0_par3: 0.011099089519451313 +/- 0.0
