Background_rpf_2x0_par0: 2.5376394483592826 +/- 0.2342525859050592
Background_rpf_2x0_par1: 50.007491125527615 +/- 6.087713796147983
Background_rpf_2x0_par2: -34.75632604276892 +/- 12.926378802942196
Background_rpf_2x0_par3: 0.011210080063770774 +/- 0.0
