Background_rpf_2x0_par0: 2.557791768710623 +/- 0.23547925717404852
Background_rpf_2x0_par1: 50.00283662839442 +/- 6.117544399704263
Background_rpf_2x0_par2: -34.53965174420521 +/- 12.994917522010782
Background_rpf_2x0_par3: 0.011150682274979042 +/- 0.0
