CMS_EXO26004_Background_rpf_2x0_par0: 0.0009000572782194899 +/- 0.0001309705457231399
CMS_EXO26004_Background_rpf_2x0_par1: 1.4682521065384653e-08 +/- 0.0
CMS_EXO26004_Background_rpf_2x0_par2: 0.1092423719724424 +/- 0.43526138975833684
