CMS_EXO26004_Background_rpf_2x0_par0: 0.04235613094010673 +/- 0.012091339723290299
CMS_EXO26004_Background_rpf_2x0_par1: 0.5016020107826653 +/- 0.6117399834662457
CMS_EXO26004_Background_rpf_2x0_par2: -1.854557426183255e-06 +/- 0.0
CMS_EXO26004_Background_rpf_2x0_par3: 0.018739071380990242 +/- 0.0
