CMS_AN23122_Background_rpf_2x0_par0: 0.14865026305671603 +/- 0.23740194416397753
CMS_AN23122_Background_rpf_2x0_par3: 0.021029464214912384 +/- 0.029800164685703272
