CMS_AN23122_Background_rpf_2x0_par0: 11.379101813558977 +/- 1.7447815297280544
CMS_AN23122_Background_rpf_2x0_par1: 50.16822540291832 +/- 0.0
CMS_AN23122_Background_rpf_2x0_par3: 0.00012882744483502388 +/- 0.0
