CMS_AN23122_Background_rpf_2x0_par0: 8.723062810898647 +/- 2.0112540231691285
CMS_AN23122_Background_rpf_2x0_par1: 50.00004276002964 +/- 85.46087442140765
CMS_AN23122_Background_rpf_2x0_par3: 0.00016458248425981435 +/- 0.0
