CMS_EXO26004_Background_rpf_2x0_par0: 0.0007571672486851984 +/- 0.0007196181018339137
CMS_EXO26004_Background_rpf_2x0_par1: 0.011844255871971522 +/- 0.048838834355499544
CMS_EXO26004_Background_rpf_2x0_par2: -1.7848399249524604e-06 +/- 0.0
