CMS_AN23122_Background_rpf_2x0_par0: 0.07578828667402598 +/- 0.20409751921274288
CMS_AN23122_Background_rpf_2x0_par1: 0.5529142078156876 +/- 2.175975387877281
CMS_AN23122_Background_rpf_2x0_par3: 0.015688250175773574 +/- 0.04289664894647848
