CMS_EXO26004_Background_rpf_2x0_par0: 0.05773082970039068 +/- 0.010612846080808697
CMS_EXO26004_Background_rpf_2x0_par1: 0.9995473077686783 +/- 0.17865733659984911
CMS_EXO26004_Background_rpf_2x0_par2: -0.9068860073104698 +/- 0.2508374258974305
CMS_EXO26004_Background_rpf_2x0_par3: 1.4750967976473497 +/- 0.2659573081942457
