CMS_EXO26004_Background_rpf_2x0_par0: 0.02277003798695066 +/- 0.012550877661511858
CMS_EXO26004_Background_rpf_2x0_par1: 0.5051617767271049 +/- 0.8316611390155662
CMS_EXO26004_Background_rpf_2x0_par2: -5.513696540353566e-09 +/- 5.698874472539791
CMS_EXO26004_Background_rpf_2x0_par3: 0.030977255531037143 +/- 0.0
