CMS_EXO26004_Background_rpf_2x0_par0: 0.0008960713488402943 +/- 0.00029160643672714265
CMS_EXO26004_Background_rpf_2x0_par1: 1.694407449905847e-08 +/- 0.018502744102027773
CMS_EXO26004_Background_rpf_2x0_par2: 0.15533563697460226 +/- 0.15351714771503996
