CMS_EXO26004_Background_rpf_2x0_par0: 0.027825977521535226 +/- 0.010282088749899916
CMS_EXO26004_Background_rpf_2x0_par1: 0.5022612469016553 +/- 0.6102561282704801
CMS_EXO26004_Background_rpf_2x0_par2: -3.590654104462798e-07 +/- 0.0
CMS_EXO26004_Background_rpf_2x0_par3: 0.026489303528339562 +/- 0.0
