CMS_AN23122_Background_rpf_2x0_par0: 0.06238514745739134 +/- 0.015740470803869797
CMS_AN23122_Background_rpf_2x0_par1: 0.6119237358674082 +/- 1.2882602135557002
CMS_AN23122_Background_rpf_2x0_par3: 0.08002828082522472 +/- 0.0
