CMS_EXO26004_Background_rpf_2x0_par0: 0.023323600155272767 +/- 0.0040267690571550606
CMS_EXO26004_Background_rpf_2x0_par1: 0.504217903454646 +/- 0.0
CMS_EXO26004_Background_rpf_2x0_par2: -2.031906926734336e-06 +/- 0.0
CMS_EXO26004_Background_rpf_2x0_par3: 0.030350682390529002 +/- 0.0
