CMS_EXO26004_Background_rpf_2x0_par0: 0.0837790947065148 +/- 0.012635460830818929
CMS_EXO26004_Background_rpf_2x0_par1: 0.500163659875324 +/- 0.13614639639612244
CMS_EXO26004_Background_rpf_2x0_par2: -0.1777434343953081 +/- 0.19525446572194907
CMS_EXO26004_Background_rpf_2x0_par3: 0.0014487349786728328 +/- 0.0
