CMS_AN23122_Background_rpf_2x0_par0: 0.05515205728031065 +/- 0.021290901036167504
CMS_AN23122_Background_rpf_2x0_par1: 0.5017903720289373 +/- 1.8800423650387625
CMS_AN23122_Background_rpf_2x0_par2: -7.638430527419837e-06 +/- 22.116848429163376
CMS_AN23122_Background_rpf_2x0_par3: 0.01399365609727522 +/- 0.0
