CMS_EXO26004_Background_rpf_2x0_par0: 0.05503878530596364 +/- 0.0010014011012591652
CMS_EXO26004_Background_rpf_2x0_par1: 0.9529238878173597 +/- 0.03331559537176916
CMS_EXO26004_Background_rpf_2x0_par2: -0.8645916559785203 +/- 0.060182768540494064
CMS_EXO26004_Background_rpf_2x0_par3: 1.5472249217153013 +/- 0.0
