CMS_AN23122_Background_rpf_2x0_par0: 0.0748265635042061 +/- 0.027786687917838424
CMS_AN23122_Background_rpf_2x0_par1: 0.5242471191266194 +/- 2.473240405252099
CMS_AN23122_Background_rpf_2x0_par2: -0.00013236722449029765 +/- 25.543461859179274
CMS_AN23122_Background_rpf_2x0_par3: 0.01047744465746279 +/- 0.0
