CMS_AN23122_Background_rpf_2x0_par0: 0.2648761488128909 +/- 0.7427751730721919
CMS_AN23122_Background_rpf_2x0_par3: 0.011826840806374842 +/- 0.030739615665517642
