CMS_EXO26004_Background_rpf_2x0_par0: 0.02477258773727045 +/- 0.014880721044181918
CMS_EXO26004_Background_rpf_2x0_par1: 0.5036310488474415 +/- 0.9662200303810925
CMS_EXO26004_Background_rpf_2x0_par2: -1.951563910473908e-18 +/- 9.572612726206703
CMS_EXO26004_Background_rpf_2x0_par3: 0.028958813674683306 +/- 0.0
