CMS_EXO26004_Background_rpf_2x0_par0: 0.0008945744355824581 +/- 0.0003172665469547233
CMS_EXO26004_Background_rpf_2x0_par1: 1.7441624324834003e-08 +/- 0.020240068578668682
CMS_EXO26004_Background_rpf_2x0_par2: 0.14332612132756478 +/- 0.19307089244461556
