CMS_EXO26004_Background_rpf_2x0_par0: 0.08396733529861848 +/- 0.012638936886866313
CMS_EXO26004_Background_rpf_2x0_par1: 0.5000687927708399 +/- 0.1361545423463615
CMS_EXO26004_Background_rpf_2x0_par2: -0.1773983157535263 +/- 0.19514789592851386
CMS_EXO26004_Background_rpf_2x0_par3: 0.0014469990491540322 +/- 0.0
