CMS_EXO26004_Background_rpf_2x0_par0: 0.0007067375741067754 +/- 0.00015901549011439783
CMS_EXO26004_Background_rpf_2x0_par1: 0.015389028732840994 +/- 0.007802554186934158
CMS_EXO26004_Background_rpf_2x0_par2: -6.167700898618289e-15 +/- 2.815109706279005
