CMS_AN23122_Background_rpf_expo_par0: -2.819858176146751 +/- 0.07389163552479107
CMS_AN23122_Background_rpf_expo_par1: -4.483516025587468 +/- 0.009330946954082868
