CMS_EXO26004_Background_rpf_2x0_par0: 0.05752800508327519 +/- 0.010431764222567376
CMS_EXO26004_Background_rpf_2x0_par1: 0.996089664830572 +/- 0.17422544302047502
CMS_EXO26004_Background_rpf_2x0_par2: -0.9037943043306669 +/- 0.16563081322045886
CMS_EXO26004_Background_rpf_2x0_par3: 1.4802300940600723 +/- 0.26370672960198377
