CMS_AN23122_Background_rpf_2x0_par0: 0.06716181086555842 +/- 0.01849771242961675
CMS_AN23122_Background_rpf_2x0_par1: 0.6056942143167223 +/- 1.5190798086888953
CMS_AN23122_Background_rpf_2x0_par3: 0.06845080999047777 +/- 0.0
