Background_rpf_2x0_par0: 31.664982937590878 +/- 3.599750136929933
Background_rpf_2x0_par1: 50.00315520219089 +/- 173.295395995283
Background_rpf_2x0_par3: 0.011608202157961042 +/- 0.0
