Background_rpf_2x0_par0: 2.9250023073332567 +/- 2.82497110969219
Background_rpf_2x0_par1: 50.52437363988254 +/- 0.0
Background_rpf_2x0_par2: -0.6129473966671738 +/- 811.5394160146375
Background_rpf_2x0_par3: 0.05206537780534076 +/- 0.043320030568026024
