Background_rpf_2x0_par0: 2.9844830535369287 +/- 0.09903523398136303
Background_rpf_2x0_par1: 54.91544803260803 +/- 4.117190185000518
Background_rpf_2x0_par2: -43.59985614889487 +/- 0.0
Background_rpf_2x0_par3: 0.050535461766302074 +/- 0.0
