CMS_EXO26004_Background_rpf_2x0_par0: 0.0007099346816742745 +/- 0.00016929200898972807
CMS_EXO26004_Background_rpf_2x0_par1: 0.015321621472551629 +/- 0.008149187428487897
CMS_EXO26004_Background_rpf_2x0_par2: -3.007591873403336e-07 +/- 3.216237909461128
