CMS_EXO26004_Background_rpf_2x0_par0: 0.05427764570717781 +/- 0.013167455936196447
CMS_EXO26004_Background_rpf_2x0_par1: 0.9999488706489804 +/- 0.23680574918743913
CMS_EXO26004_Background_rpf_2x0_par2: -1.3694513986002308 +/- 0.3484560199738695
CMS_EXO26004_Background_rpf_2x0_par3: 1.5500803626277753 +/- 0.37170110103896165
