Background_rpf_2x1_par0: 8.395790573184625e-14 +/- 0.0
Background_rpf_2x1_par1: 50.0 +/- 0.0
Background_rpf_2x1_par2: -50.0 +/- 0.0
Background_rpf_2x1_par3: 4.5590701353015466e-18 +/- 0.0
