Background_rpf_2x1_par0: 2.4123498337802474e-16 +/- 0.0
Background_rpf_2x1_par1: 50.0 +/- 0.0
Background_rpf_2x1_par2: -49.99999999999999 +/- 0.0
Background_rpf_2x1_par3: 1.7997756063259375e-18 +/- 0.0
