CMS_EXO26004_Background_rpf_2x0_par0: 0.024750482957845578 +/- 0.004047863104412591
CMS_EXO26004_Background_rpf_2x0_par1: 0.5035413992032016 +/- 0.0
CMS_EXO26004_Background_rpf_2x0_par2: -1.1174523647768456e-08 +/- 0.0
CMS_EXO26004_Background_rpf_2x0_par3: 0.02905100098938947 +/- 0.0
