CMS_AN23122_Background_rpf_2x0_par0: 0.21300919679076924 +/- 0.42973544893340065
CMS_AN23122_Background_rpf_2x0_par3: 0.014825228092607848 +/- 0.027310981002516634
