CMS_AN23122_Background_rpf_2x0_par0: 10.738698106703392 +/- 1.5847553550387194
CMS_AN23122_Background_rpf_2x0_par1: 50.000002067115446 +/- 0.0
CMS_AN23122_Background_rpf_2x0_par3: 0.00045626457008556616 +/- 0.0
