Background_rpf_expo_par0: -0.9999999999959217 +/- 0.0
Background_rpf_expo_par1: -4.316948046508427 +/- 0.010923195469861261
