CMS_AN23122_Background_rpf_2x0_par0: 0.764087081796505 +/- 3.335756383131579
CMS_AN23122_Background_rpf_2x0_par3: 0.0041895832988387794 +/- 0.018156878194290543
