CMS_EXO26004_Background_rpf_2x0_par0: 0.0007045855370653551 +/- 0.0001768993133588797
CMS_EXO26004_Background_rpf_2x0_par1: 0.015540571180389663 +/- 0.009882408235815546
CMS_EXO26004_Background_rpf_2x0_par2: -1.6102570665754712e-15 +/- 4.188360214692936
