CMS_AN23122_Background_rpf_1x0_par0: 0.0018246597925879531 +/- 0.0001188918309527363
CMS_AN23122_Background_rpf_1x0_par1: 0.0018894792474511404 +/- 0.0005250867092209254
