CMS_AN23122_Background_rpf_1x0_par0: 0.0018419918045830925 +/- 0.00012131250439550326
CMS_AN23122_Background_rpf_1x0_par1: 0.0016015227876642606 +/- 0.0004975762598269817
