CMS_AN23122_Background_rpf_1x0_par0: 0.0018447271969977918 +/- 0.00012131918315698812
CMS_AN23122_Background_rpf_1x0_par1: 0.0015458932482685186 +/- 0.00049839447663581
