CMS_AN23122_Background_rpf_1x0_par0: 0.02606628757425782 +/- 0.0
CMS_AN23122_Background_rpf_1x0_par1: -8.314181264009594 +/- 0.0
