CMS_AN23122_Background_rpf_1x0_par0: 0.0017468974105709807 +/- 0.00011744309349579273
CMS_AN23122_Background_rpf_1x0_par1: 0.0018442342293218314 +/- 0.0005210100647438032
