CMS_AN23122_Background_rpf_1x0_par0: 0.0018194422387080914 +/- 0.00011869008284966606
CMS_AN23122_Background_rpf_1x0_par1: 0.001973053992342261 +/- 0.0005230227015670516
