CMS_AN23122_Background_rpf_1x0_par0: 0.06882370858126463 +/- 0.0
CMS_AN23122_Background_rpf_1x0_par1: -2.536074453553189 +/- 0.005363669781581529
