CMS_AN23122_Background_rpf_1x0_par0: 0.0017467743309281232 +/- 0.00011744074024099944
CMS_AN23122_Background_rpf_1x0_par1: 0.001844989879046163 +/- 0.0005210510419612792
