CMS_EXO26004_Background_rpf_2x0_par0: 0.0009444660630784519 +/- 0.0001988639731032691
CMS_EXO26004_Background_rpf_2x0_par1: 3.008289491045023e-05 +/- 0.007950335598096114
CMS_EXO26004_Background_rpf_2x0_par2: 0.025041549788178137 +/- 0.0
