CMS_AN23122_Background_rpf_2x0_par0: 0.7130614758425388 +/- 2.7646387528088994
CMS_AN23122_Background_rpf_2x0_par3: 0.02863630641975675 +/- 0.11015423436772187
