CMS_EXO26004_Background_rpf_2x0_par0: 0.051429586163542526 +/- 0.009509009210880038
CMS_EXO26004_Background_rpf_2x0_par1: 0.5111597908076561 +/- 0.37376565715428245
CMS_EXO26004_Background_rpf_2x0_par2: -1.308148809268093e-05 +/- 0.0
CMS_EXO26004_Background_rpf_2x0_par3: 0.015420861291892065 +/- 0.0
