CMS_EXO26004_Background_rpf_2x0_par0: 0.06709596074230771 +/- 0.009169793851761471
CMS_EXO26004_Background_rpf_2x0_par1: 0.5000098591765816 +/- 0.09197067134862892
CMS_EXO26004_Background_rpf_2x0_par2: -0.6299101517045343 +/- 0.0
CMS_EXO26004_Background_rpf_2x0_par3: 0.0016504172877759833 +/- 0.0
