Background_rpf_expo_par0: -0.9999999999979522 +/- 1.203763477221439
Background_rpf_expo_par1: -4.359177955123718 +/- 0.018408368547494846
