Background_rpf_2x0_par0: 2.8510289121715497 +/- 0.14924307756432115
Background_rpf_2x0_par1: 52.15093235441638 +/- 10.755047332440206
Background_rpf_2x0_par2: -39.6821609011752 +/- 118.94291292309514
Background_rpf_2x0_par3: 0.05296766694123631 +/- 0.0
