Background_rpf_2x0_par0: 2.809988973034646 +/- 0.07328627375889903
Background_rpf_2x0_par1: 50.21691548795621 +/- 0.0
Background_rpf_2x0_par2: -49.35943289292232 +/- 114.1539171812473
Background_rpf_2x0_par3: 0.053937892365638 +/- 0.0
