Background_rpf_2x0_par0: 12.54638266027073 +/- 1.210738725613358
Background_rpf_2x0_par1: 50.12626545088997 +/- 64.02948368192035
Background_rpf_2x0_par3: 0.02804197235477428 +/- 0.0
