CMS_AN23122_Background_rpf_2x0_par0: 0.5925390538857049 +/- 1.5559864003686807
CMS_AN23122_Background_rpf_2x0_par3: 0.005245596901097719 +/- 0.013668693435276408
