CMS_EXO26004_Background_rpf_2x0_par0: 0.510136543426003 +/- 1.3898446582111832
CMS_EXO26004_Background_rpf_2x0_par3: 0.0018047913418774244 +/- 0.0048693910312680964
