CMS_EXO26004_Background_rpf_2x0_par0: 0.0009216391264161737 +/- 0.00018039582168271148
CMS_EXO26004_Background_rpf_2x0_par1: 0.003284765216314935 +/- 0.00603274622694846
CMS_EXO26004_Background_rpf_2x0_par2: 0.020841950511322503 +/- 0.0
