CMS_AN23122_Background_rpf_2x0_par0: 0.06968664324633811 +/- 0.2844052415579952
CMS_AN23122_Background_rpf_2x0_par1: 0.5064531654711424 +/- 0.0
CMS_AN23122_Background_rpf_2x0_par3: 0.07272197010351228 +/- 0.2915751502602758
