CMS_AN23122_Background_rpf_2x0_par0: 0.05948741794500254 +/- 0.015041746391461086
CMS_AN23122_Background_rpf_2x0_par1: 0.6753243992957175 +/- 1.2224790039256666
CMS_AN23122_Background_rpf_2x0_par3: 0.08388302833910927 +/- 0.0
