CMS_EXO26004_Background_rpf_2x0_par0: 0.05774977901111639 +/- 0.010594917088209763
CMS_EXO26004_Background_rpf_2x0_par1: 0.9999164694503884 +/- 0.17678679837296365
CMS_EXO26004_Background_rpf_2x0_par2: -0.9072830997283483 +/- 0.1671485297760923
CMS_EXO26004_Background_rpf_2x0_par3: 1.474572811722017 +/- 0.2656705632080337
