CMS_AN23122_Background_rpf_2x0_par0: 0.7394943443194925 +/- 3.094307253806582
CMS_AN23122_Background_rpf_2x0_par3: 0.027623305728981404 +/- 0.11470784502434363
