CMS_AN23122_Background_rpf_2x0_par0: 3.6903389275268697 +/- 10.879970695714034
CMS_AN23122_Background_rpf_2x0_par1: 50.00000000003444 +/- 0.0
CMS_AN23122_Background_rpf_2x0_par3: 0.0008868237410253987 +/- 0.0021551267401407692
