CMS_EXO26004_Background_rpf_2x0_par0: 0.08065668772346153 +/- 0.020559633667874597
CMS_EXO26004_Background_rpf_2x0_par1: 0.501230804513062 +/- 1.9751244994655894
CMS_EXO26004_Background_rpf_2x0_par2: -7.734010893676061e-06 +/- 0.0
CMS_EXO26004_Background_rpf_2x0_par3: 0.010044300862273273 +/- 0.0
