CMS_EXO26004_Background_rpf_2x0_par0: 0.0007819286962142309 +/- 0.00016321899117595237
CMS_EXO26004_Background_rpf_2x0_par1: 0.009949958997272662 +/- 0.007566921443469139
