CMS_EXO26004_Background_rpf_2x0_par0: 0.0007276765131420382 +/- 0.00018128079211316553
CMS_EXO26004_Background_rpf_2x0_par1: 0.011870896728694128 +/- 0.01205103615055367
