CMS_EXO26004_Background_rpf_2x0_par0: 0.08173059229268465 +/- 0.02409787993971936
CMS_EXO26004_Background_rpf_2x0_par1: 0.9999999799436954 +/- 0.0
CMS_EXO26004_Background_rpf_2x0_par2: -6.139423024208819e-07 +/- 1.7624412838051549
CMS_EXO26004_Background_rpf_2x0_par3: 2.0 +/- 0.46003755620438314
