CMS_EXO26004_Background_rpf_2x0_par0: 0.0817905378632117 +/- 0.023310565298778587
CMS_EXO26004_Background_rpf_2x0_par1: 0.9999998951547461 +/- 0.0
CMS_EXO26004_Background_rpf_2x0_par2: -8.69732590038242e-08 +/- 0.8075209738651569
CMS_EXO26004_Background_rpf_2x0_par3: 1.9999999999961395 +/- 0.4450628458734441
