CMS_EXO26004_Background_rpf_2x0_par0: 0.6719879168820418 +/- 7.6952379348386115
CMS_EXO26004_Background_rpf_2x0_par3: 0.0013729819486367287 +/- 0.015608095816712205
