CMS_EXO26004_Background_rpf_2x0_par0: 0.11955417149845232 +/- 0.01631451282032763
CMS_EXO26004_Background_rpf_2x0_par1: 0.7123180348067647 +/- 0.1659025387875265
CMS_EXO26004_Background_rpf_2x0_par2: -0.2521446068142852 +/- 0.24295350345768296
CMS_EXO26004_Background_rpf_2x0_par3: 0.0010161788174021227 +/- 0.0
