CMS_AN23122_Background_rpf_2x0_par0: 0.05363634080763631 +/- 0.020194031269269285
CMS_AN23122_Background_rpf_2x0_par1: 0.5050374027567243 +/- 1.7784342278195193
CMS_AN23122_Background_rpf_2x0_par2: -1.3024131465975627e-07 +/- 21.09906058675032
CMS_AN23122_Background_rpf_2x0_par3: 0.0143839534028742 +/- 0.0
