CMS_AN23122_Background_rpf_2x0_par0: 0.08696842012619313 +/- 0.0166538961388424
CMS_AN23122_Background_rpf_2x0_par1: 0.5636175312908611 +/- 1.3468497008122007
CMS_AN23122_Background_rpf_2x0_par3: 0.01367791180372653 +/- 0.0
