CMS_EXO26004_Background_rpf_2x0_par0: 0.3949868307937101 +/- 0.06836127074518096
CMS_EXO26004_Background_rpf_2x0_par1: 0.5000414899827746 +/- 5.593233831418284
CMS_EXO26004_Background_rpf_2x0_par3: 0.0023248914386205257 +/- 0.0
