CMS_EXO26004_Background_rpf_2x0_par0: 0.9900150756784448 +/- 0.4794003180394819
CMS_EXO26004_Background_rpf_2x0_par3: 0.0009341474577515419 +/- 0.0004607515459157958
