CMS_EXO26004_Background_rpf_2x0_par0: 0.021927224973035193 +/- 0.012461974040223903
CMS_EXO26004_Background_rpf_2x0_par1: 0.5088723900621666 +/- 0.8264680134092247
CMS_EXO26004_Background_rpf_2x0_par2: -2.618552445204838e-07 +/- 5.795797138629493
CMS_EXO26004_Background_rpf_2x0_par3: 0.0317841320133176 +/- 0.0
