CMS_EXO26004_Background_rpf_2x0_par0: 0.023176030835265277 +/- 0.012813132285232419
CMS_EXO26004_Background_rpf_2x0_par1: 0.5045390702571134 +/- 0.8444025850238926
CMS_EXO26004_Background_rpf_2x0_par2: -2.2227150223113994e-06 +/- 6.268262572552056
CMS_EXO26004_Background_rpf_2x0_par3: 0.0305384064129546 +/- 0.0
