CMS_EXO26004_Background_rpf_2x0_par0: 0.12269992240411241 +/- 0.026261761815608072
CMS_EXO26004_Background_rpf_2x0_par1: 0.5219619325233141 +/- 0.9642913548458983
CMS_EXO26004_Background_rpf_2x0_par3: 0.007471847251792349 +/- 0.0
