CMS_EXO26004_Background_rpf_2x0_par0: 0.0009309409641430465 +/- 0.00018356083842701725
CMS_EXO26004_Background_rpf_2x0_par1: 0.002579171969280345 +/- 0.006439483461179164
CMS_EXO26004_Background_rpf_2x0_par2: 0.018961430798732713 +/- 0.0
