CMS_EXO26004_Background_rpf_2x0_par0: 0.0008135084631577952 +/- 0.0002468571765068187
CMS_EXO26004_Background_rpf_2x0_par1: 0.00886222377659066 +/- 0.008925159072682435
CMS_EXO26004_Background_rpf_2x0_par2: -0.00027151765799167664 +/- 7.719042316725588
