CMS_AN23122_Background_rpf_2x0_par0: 0.09144420258940815 +/- 0.03605269402392992
CMS_AN23122_Background_rpf_2x0_par1: 0.5021118408155038 +/- 3.3473076591614794
CMS_AN23122_Background_rpf_2x0_par2: -6.637406491473603e-06 +/- 31.082600858009407
CMS_AN23122_Background_rpf_2x0_par3: 0.008637706894201977 +/- 0.0
