CMS_EXO26004_Background_rpf_2x0_par0: 0.02408553605458631 +/- 0.02738288144821529
CMS_EXO26004_Background_rpf_2x0_par1: 0.5039165615603539 +/- 1.9041706771874054
CMS_EXO26004_Background_rpf_2x0_par2: 0.0 +/- 0.0
CMS_EXO26004_Background_rpf_2x0_par3: 0.0296748600325846 +/- 0.0
