Background_rpf_2x0_par0: 10.036548851293631 +/- 1.873127985163489
Background_rpf_2x0_par1: 50.1341958181414 +/- 155.54240754638192
Background_rpf_2x0_par2: -7.426762632899153e-07 +/- 1443.0513594894394
Background_rpf_2x0_par3: 0.03405201746518769 +/- 0.0
