CMS_AN23122_Background_rpf_2x0_par0: 0.716107064531374 +/- 2.7343252587562032
CMS_AN23122_Background_rpf_2x0_par3: 0.028527431367765855 +/- 0.10811892311389845
