CMS_EXO26004_Background_rpf_2x0_par0: 0.032354723869188265 +/- 0.011856274821241955
CMS_EXO26004_Background_rpf_2x0_par1: 0.5004774959948347 +/- 0.6782174156861422
CMS_EXO26004_Background_rpf_2x0_par2: -1.2746590675322134e-11 +/- 0.0
CMS_EXO26004_Background_rpf_2x0_par3: 0.023457652583826843 +/- 0.0
