Background_rpf_2x0_par0: 3.629469793043103 +/- 0.9046185851017743
Background_rpf_2x0_par1: 50.0000000328016 +/- 27.150360499327387
Background_rpf_2x0_par2: -49.999999999975984 +/- 0.0
Background_rpf_2x0_par3: 0.008206547280476977 +/- 0.0
