Background_rpf_2x0_par0: 3.629579185782217 +/- 7.491927439919881
Background_rpf_2x0_par1: 50.000000033706705 +/- 439.11553353133627
Background_rpf_2x0_par2: -49.999999999980325 +/- 2058.220442590224
Background_rpf_2x0_par3: 0.008205958020863791 +/- 0.0
