CMS_EXO26004_Background_rpf_2x0_par0: 0.10136543384108646 +/- 0.021602639801014772
CMS_EXO26004_Background_rpf_2x0_par1: 0.5139402745921382 +/- 0.7707073952280663
CMS_EXO26004_Background_rpf_2x0_par3: 0.00893084302797891 +/- 0.0
