Background_rpf_1x0_par0: 0.15400535977896618 +/- 0.00525653579660916
Background_rpf_1x0_par1: 2.5304162800758756 +/- 0.2815431112514216
