Background_rpf_1x0_par0: 0.1540113961504768 +/- 0.004428065821665863
Background_rpf_1x0_par1: 2.530277129390961 +/- 0.15310744622900704
