CMS_EXO26004_Background_rpf_2x0_par0: 0.04915246508685473 +/- 0.009125053681601741
CMS_EXO26004_Background_rpf_2x0_par1: 0.5001370759936692 +/- 0.37418697237095844
CMS_EXO26004_Background_rpf_2x0_par2: -8.855809025534386e-07 +/- 0.0
CMS_EXO26004_Background_rpf_2x0_par3: 0.01613320295227323 +/- 0.0
