CMS_AN23122_Background_rpf_2x0_par0: 0.06371678371516816 +/- 0.024090904608145912
CMS_AN23122_Background_rpf_2x0_par1: 0.5028322481222542 +/- 2.1283047270398168
CMS_AN23122_Background_rpf_2x0_par2: -1.223407472950651e-05 +/- 24.50954156468487
CMS_AN23122_Background_rpf_2x0_par3: 0.012176716578501013 +/- 0.0
