CMS_EXO26004_Background_rpf_2x0_par0: 0.0007039021022013853 +/- 0.00015823085403670988
CMS_EXO26004_Background_rpf_2x0_par1: 0.015523548143809572 +/- 0.007873815429786228
CMS_EXO26004_Background_rpf_2x0_par2: -4.548228113576691e-17 +/- 3.259567184563332
