CMS_AN23122_Background_rpf_2x0_par0: 0.7689832794407438 +/- 1.8389002198314472
CMS_AN23122_Background_rpf_2x0_par3: 0.004078511203245707 +/- 0.00969158396883591
