CMS_EXO26004_Background_rpf_2x0_par0: 0.0009339922598278861 +/- 0.0001822487039491959
CMS_EXO26004_Background_rpf_2x0_par1: 0.001642845964384138 +/- 0.006363784094906695
CMS_EXO26004_Background_rpf_2x0_par2: 0.02938633067926771 +/- 0.0
