CMS_EXO26004_Background_rpf_2x0_par0: 0.09328203680421487 +/- 0.02017492475732777
CMS_EXO26004_Background_rpf_2x0_par1: 0.5075701638392782 +/- 0.7356228451529826
CMS_EXO26004_Background_rpf_2x0_par2: -1.9999547512728741 +/- 0.0
CMS_EXO26004_Background_rpf_2x0_par3: 0.009624075940613435 +/- 0.0
