CMS_AN23122_Background_rpf_2x0_par0: 0.10920716259253284 +/- 0.02904254062817525
CMS_AN23122_Background_rpf_2x0_par1: 0.6366177309948023 +/- 1.000359685890367
CMS_AN23122_Background_rpf_2x0_par3: 0.028586117530717978 +/- 0.0
