CMS_EXO26004_Background_rpf_2x0_par0: 0.04751286927535647 +/- 0.008753591877820774
CMS_EXO26004_Background_rpf_2x0_par1: 0.5047179394297948 +/- 0.3039221880056009
CMS_EXO26004_Background_rpf_2x0_par2: -7.468318235972354e-10 +/- 0.0
CMS_EXO26004_Background_rpf_2x0_par3: 0.016656284944999458 +/- 0.0
