CMS_EXO26004_Background_rpf_2x0_par0: 0.022497125681814466 +/- 0.004250644737492746
CMS_EXO26004_Background_rpf_2x0_par1: 0.5052488188359042 +/- 0.0
CMS_EXO26004_Background_rpf_2x0_par2: -2.860721790773346e-07 +/- 0.0
CMS_EXO26004_Background_rpf_2x0_par3: 0.031226798775551914 +/- 0.0
