CMS_AN23122_Background_rpf_2x0_par0: 0.08522629977970961 +/- 0.016361185803504884
CMS_AN23122_Background_rpf_2x0_par1: 0.5514533870691586 +/- 1.3772597059264564
CMS_AN23122_Background_rpf_2x0_par3: 0.013980882395974085 +/- 0.0
