CMS_AN23122_Background_rpf_2x0_par0: 0.06364599653218593 +/- 0.016135316352502097
CMS_AN23122_Background_rpf_2x0_par1: 0.5806365056814513 +/- 1.3407225903680793
CMS_AN23122_Background_rpf_2x0_par3: 0.07832393547522594 +/- 0.0
