CMS_AN23122_Background_rpf_2x0_par0: 0.5833160322054272 +/- 0.0
CMS_AN23122_Background_rpf_2x0_par3: 0.03493451130861832 +/- 0.0057302700697783
