CMS_EXO26004_Background_rpf_2x0_par0: 0.023222642332310396 +/- 0.012166122239876976
CMS_EXO26004_Background_rpf_2x0_par1: 0.5050190224806814 +/- 0.801141945956187
CMS_EXO26004_Background_rpf_2x0_par2: -5.287079697881194e-07 +/- 5.8700679131977775
CMS_EXO26004_Background_rpf_2x0_par3: 0.030491024373168148 +/- 0.0
