CMS_EXO26004_Background_rpf_2x0_par0: 0.0008959869518020268 +/- 0.00029856041802634077
CMS_EXO26004_Background_rpf_2x0_par1: 4.2087204675403476e-08 +/- 0.019018443013061867
CMS_EXO26004_Background_rpf_2x0_par2: 0.1549703854298812 +/- 0.15773286399274997
