CMS_AN23122_Background_rpf_2x0_par0: 0.9785332121602182 +/- 0.4792282647127482
CMS_AN23122_Background_rpf_2x0_par3: 0.0008730796644673374 +/- 0.0004353372366535252
