CMS_AN23122_Background_rpf_2x0_par0: 0.8333039171498656 +/- 0.0
CMS_AN23122_Background_rpf_2x0_par3: 0.024489581644076882 +/- 0.008146060162082048
