CMS_AN23122_Background_rpf_2x0_par0: 0.06258276119566752 +/- 0.02359359410040696
CMS_AN23122_Background_rpf_2x0_par1: 0.5503559637920588 +/- 2.0580367370540715
CMS_AN23122_Background_rpf_2x0_par2: -1.311615087597781e-05 +/- 24.221178740585195
CMS_AN23122_Background_rpf_2x0_par3: 0.01234497950069107 +/- 0.0
