CMS_AN23122_Background_rpf_2x0_par0: 0.06720803499151168 +/- 0.36073623915777775
CMS_AN23122_Background_rpf_2x0_par1: 0.603792889562948 +/- 4.686921097327196
CMS_AN23122_Background_rpf_2x0_par3: 0.06845474680920847 +/- 0.3786580705931069
