CMS_AN23122_Background_rpf_2x0_par0: 0.9952471497022177 +/- 0.6308919348328429
CMS_AN23122_Background_rpf_2x0_par3: 0.003207341842973607 +/- 0.0021139408562652405
