CMS_AN23122_Background_rpf_2x0_par0: 0.05715833650521159 +/- 0.02198898371547082
CMS_AN23122_Background_rpf_2x0_par1: 0.5100737887327259 +/- 1.9484089127670123
CMS_AN23122_Background_rpf_2x0_par2: -9.732283533419542e-06 +/- 22.53679978320187
CMS_AN23122_Background_rpf_2x0_par3: 0.013529847871498659 +/- 0.0
