CMS_EXO26004_Background_rpf_2x0_par0: 0.0008505998395500172 +/- 0.00019518107547040355
CMS_EXO26004_Background_rpf_2x0_par1: 0.005736445560034684 +/- 0.008811400647819408
CMS_EXO26004_Background_rpf_2x0_par2: -3.921309089924258e-05 +/- 6.727499132256105
