CMS_AN23122_Background_rpf_2x0_par0: 0.05550091617278377 +/- 0.02118352704892643
CMS_AN23122_Background_rpf_2x0_par1: 0.5000057159745287 +/- 1.8616593598664846
CMS_AN23122_Background_rpf_2x0_par2: -4.106513593624475e-08 +/- 21.812103077213347
CMS_AN23122_Background_rpf_2x0_par3: 0.013920141218204344 +/- 0.0
