CMS_AN23122_Background_rpf_2x0_par0: 0.05342468298503556 +/- 0.01993031539226701
CMS_AN23122_Background_rpf_2x0_par1: 0.5065785797793004 +/- 1.7476708616223513
CMS_AN23122_Background_rpf_2x0_par2: -0.000273948984656593 +/- 20.67894209207145
CMS_AN23122_Background_rpf_2x0_par3: 0.014421351355216707 +/- 0.0
