Background_rpf_1x0_par0: 0.15400910834426404 +/- 0.005653370197627385
Background_rpf_1x0_par1: 2.5303405237955983 +/- 0.32257575033465935
