CMS_AN23122_Background_rpf_2x0_par0: 0.09747521397805714 +/- 0.018645372219872714
CMS_AN23122_Background_rpf_2x0_par1: 0.5798782821957019 +/- 1.5106222629681931
CMS_AN23122_Background_rpf_2x0_par3: 0.012197165508563495 +/- 0.0
