CMS_AN23122_Background_rpf_2x0_par0: 0.06973833346634975 +/- 1.1875113271506141
CMS_AN23122_Background_rpf_2x0_par1: 0.5180027648134989 +/- 11.084680528183167
CMS_AN23122_Background_rpf_2x0_par3: 0.017041822927123567 +/- 0.2951287836300469
