CMS_AN23122_Background_rpf_2x0_par0: 0.07292083162813572 +/- 0.019410128834211643
CMS_AN23122_Background_rpf_2x0_par1: 0.5033594950553507 +/- 0.6578810451562569
CMS_AN23122_Background_rpf_2x0_par2: -1.7675952747038363e-06 +/- 0.0
CMS_AN23122_Background_rpf_2x0_par3: 0.042574939837295135 +/- 0.0
