CMS_EXO26004_Background_rpf_2x0_par0: 0.0007194872019076752 +/- 0.0001911410298228703
CMS_EXO26004_Background_rpf_2x0_par1: 0.014619386827578507 +/- 0.008983675531362265
CMS_EXO26004_Background_rpf_2x0_par2: -6.666619627979141e-08 +/- 4.218794858014434
