CMS_EXO26004_Background_rpf_2x0_par0: 0.057652689794387736 +/- 0.01053821671448361
CMS_EXO26004_Background_rpf_2x0_par1: 0.9978729720230151 +/- 0.17542121175393685
CMS_EXO26004_Background_rpf_2x0_par2: -0.9052029935981225 +/- 0.2526928815527339
CMS_EXO26004_Background_rpf_2x0_par3: 1.4772631323642562 +/- 0.2641203120850794
