CMS_AN23122_Background_rpf_2x0_par0: 21.503933337057788 +/- 2.590219451141121
CMS_AN23122_Background_rpf_2x0_par1: 50.035008186919725 +/- 26.08157766642372
CMS_AN23122_Background_rpf_2x0_par2: -43.52057355638584 +/- 36.643042606527054
CMS_AN23122_Background_rpf_2x0_par3: 7.729779689457103e-05 +/- 0.0
