CMS_AN23122_Background_rpf_2x0_par0: 0.2414043124008963 +/- 0.026934579921537204
CMS_AN23122_Background_rpf_2x0_par1: 0.5009630873693338 +/- 0.28023810308854097
CMS_AN23122_Background_rpf_2x0_par2: -0.34096842250335446 +/- 0.36943195031518095
CMS_AN23122_Background_rpf_2x0_par3: 0.006764546822740107 +/- 0.0
