CMS_AN23122_Background_rpf_2x0_par0: 21.63476513069279 +/- 2.5592882125981085
CMS_AN23122_Background_rpf_2x0_par1: 50.06733554133652 +/- 25.73540929354112
CMS_AN23122_Background_rpf_2x0_par2: -42.200479907451076 +/- 32.75765730818831
CMS_AN23122_Background_rpf_2x0_par3: 7.695022517445131e-05 +/- 0.0
