CMS_AN23122_Background_rpf_2x0_par0: 24.597258851797747 +/- 2.2057606531461973
CMS_AN23122_Background_rpf_2x0_par1: 53.311774133416556 +/- 20.924406959974537
CMS_AN23122_Background_rpf_2x0_par2: -36.68058702016327 +/- 28.310414819371697
CMS_AN23122_Background_rpf_2x0_par3: 6.885770777942343e-05 +/- 0.0
