CMS_AN23122_Background_rpf_2x0_par0: 22.927436725406817 +/- 2.492893719996045
CMS_AN23122_Background_rpf_2x0_par1: 50.00312292125334 +/- 25.646252096764997
CMS_AN23122_Background_rpf_2x0_par2: -36.47967156370395 +/- 42.79170772467942
CMS_AN23122_Background_rpf_2x0_par3: 7.377042815701397e-05 +/- 0.0
