CMS_AN23122_Background_rpf_2x0_par0: 0.24136296168817928 +/- 0.027046760508587037
CMS_AN23122_Background_rpf_2x0_par1: 0.501091672048471 +/- 0.2817928484640311
CMS_AN23122_Background_rpf_2x0_par2: -0.34080451139325146 +/- 0.37125381132658014
CMS_AN23122_Background_rpf_2x0_par3: 0.006764782572534817 +/- 0.0
