CMS_EXO26004_Background_rpf_2x0_par0: 0.10759521206448747 +/- 0.031488860936343496
CMS_EXO26004_Background_rpf_2x0_par1: 0.5268207361326137 +/- 2.90316778612387
CMS_EXO26004_Background_rpf_2x0_par2: -4.841692801814553e-05 +/- 0.0
CMS_EXO26004_Background_rpf_2x0_par3: 0.007639760774729179 +/- 0.0
