CMS_EXO26004_Background_rpf_2x0_par0: 0.0008870460637305685 +/- 0.0001811626429013344
CMS_EXO26004_Background_rpf_2x0_par1: 0.0047155640902099396 +/- 0.006609040167264021
