CMS_EXO26004_Background_rpf_2x0_par0: 0.10584416364929315 +/- 0.3588617942163186
CMS_EXO26004_Background_rpf_2x0_par1: 0.6333284824611236 +/- 2.227908356692294
CMS_EXO26004_Background_rpf_2x0_par2: -0.2268392684280125 +/- 0.8855804679398467
CMS_EXO26004_Background_rpf_2x0_par3: 0.0011461884952000403 +/- 0.003926171585466203
