CMS_AN23122_Background_rpf_2x0_par0: 0.05334023226286703 +/- 0.019648517873018096
CMS_AN23122_Background_rpf_2x0_par1: 0.5052659874121456 +/- 1.7176638304237377
CMS_AN23122_Background_rpf_2x0_par2: -0.00014223497067666468 +/- 20.329547822573222
CMS_AN23122_Background_rpf_2x0_par3: 0.014445853583294326 +/- 0.0
