Background_rpf_1x1_par0: 2.1350651281670796e-14 +/- 0.0
Background_rpf_1x1_par1: 50.0 +/- 0.0
Background_rpf_1x1_par2: -4.603210614596116 +/- 0.001913300761830735
