Background_rpf_1x1_par0: 1.3194740439148589e-14 +/- 0.0
Background_rpf_1x1_par1: 50.0 +/- 0.0
Background_rpf_1x1_par2: -4.60334246157884 +/- 0.0019134396889619754
