CMS_EXO26004_Background_rpf_2x0_par0: 0.08172323932049741 +/- 0.025283087801144237
CMS_EXO26004_Background_rpf_2x0_par1: 0.9999999235616294 +/- 0.0
CMS_EXO26004_Background_rpf_2x0_par2: -1.6066600705237633e-08 +/- 2.455565254410558
CMS_EXO26004_Background_rpf_2x0_par3: 2.0 +/- 0.47864948520954664
