CMS_AN23122_Background_rpf_2x0_par0: 0.10571131555906181 +/- 0.027977489961894253
CMS_AN23122_Background_rpf_2x0_par1: 0.5027081862180652 +/- 0.9623508913287604
CMS_AN23122_Background_rpf_2x0_par3: 0.0297880096754538 +/- 0.0
