CMS_AN23122_Background_rpf_2x0_par0: 0.14678910089289646 +/- 0.44052133513635844
CMS_AN23122_Background_rpf_2x0_par1: 0.9999963032864321 +/- 2.6314465215871365
CMS_AN23122_Background_rpf_2x0_par3: 0.0211919511289303 +/- 0.061833145103484116
