CMS_AN23122_Background_rpf_2x0_par0: 0.8350380839642212 +/- 0.0
CMS_AN23122_Background_rpf_2x0_par3: 0.024430592958427262 +/- 0.007825209506801914
