CMS_EXO26004_Background_rpf_2x0_par0: 0.0008960294809946972 +/- 0.00029586038415171196
CMS_EXO26004_Background_rpf_2x0_par1: 8.698540082945506e-09 +/- 0.01885031393181749
CMS_EXO26004_Background_rpf_2x0_par2: 0.15530907773825986 +/- 0.1561952719825356
