CMS_EXO26004_Background_rpf_2x0_par0: 0.023081104950505988 +/- 0.012368275727841532
CMS_EXO26004_Background_rpf_2x0_par1: 0.5047848666950078 +/- 0.8233995538602492
CMS_EXO26004_Background_rpf_2x0_par2: -2.5695591487906455e-17 +/- 5.739651692803104
CMS_EXO26004_Background_rpf_2x0_par3: 0.030603576656895202 +/- 0.0
