CMS_EXO26004_Background_rpf_2x0_par0: 0.0007432545964900126 +/- 0.00016101897507576614
CMS_EXO26004_Background_rpf_2x0_par1: 0.013010447220215743 +/- 0.0075319956185821175
CMS_EXO26004_Background_rpf_2x0_par2: -1.7736778984407762e-06 +/- 3.2478734057878755
