Background_rpf_2x0_par0: 0.29465524396921594 +/- 0.6633331513654509
Background_rpf_2x0_par1: 12.797555085907359 +/- 0.0
Background_rpf_2x0_par2: -61.80553154649371 +/- 447.89992982725994
Background_rpf_2x0_par3: 0.2891464992137661 +/- 0.4983670977519085
