CMS_EXO26004_Background_rpf_2x0_par0: 0.05074440379961218 +/- 0.0010180547606925179
CMS_EXO26004_Background_rpf_2x0_par1: 0.8785608590800565 +/- 0.04326437008933057
CMS_EXO26004_Background_rpf_2x0_par2: -0.7971703205723767 +/- 0.2011095378701115
CMS_EXO26004_Background_rpf_2x0_par3: 1.6781795730833269 +/- 0.0
