CMS_EXO26004_Background_rpf_2x0_par0: 0.4880463082848679 +/- 1.9654610434260855
CMS_EXO26004_Background_rpf_2x0_par3: 0.0018858491570133632 +/- 0.007519417265665951
