CMS_AN23122_Background_rpf_2x0_par0: 0.07221087025811299 +/- 0.01920138862566246
CMS_AN23122_Background_rpf_2x0_par1: 0.5010918044676286 +/- 0.6510521050564183
CMS_AN23122_Background_rpf_2x0_par2: -1.5866327860680025e-05 +/- 0.0
CMS_AN23122_Background_rpf_2x0_par3: 0.04292103807724232 +/- 0.0
