CMS_EXO26004_Background_rpf_2x0_par0: 0.0007109428228881462 +/- 0.00015753977963553115
CMS_EXO26004_Background_rpf_2x0_par1: 0.013547756191681325 +/- 0.012004099608971244
CMS_EXO26004_Background_rpf_2x0_par2: -0.001843029927112848 +/- 5.903094573599269
