CMS_EXO26004_Background_rpf_2x0_par0: 0.057738583058525694 +/- 0.01038214998406194
CMS_EXO26004_Background_rpf_2x0_par1: 0.9998626146165605 +/- 0.1732254480405997
CMS_EXO26004_Background_rpf_2x0_par2: -0.9072818360417874 +/- 0.23519368099870622
CMS_EXO26004_Background_rpf_2x0_par3: 1.4747822860556277 +/- 0.2596145239491698
