Background_rpf_expo_par0: -0.9999999999999427 +/- 0.4281277240140357
Background_rpf_expo_par1: -5.617335961739973 +/- 0.02187943099986266
