Background_rpf_expo_par0: -0.9999999997567448 +/- 0.4437744683214298
Background_rpf_expo_par1: -5.621407578558341 +/- 0.02182640261460104
