CMS_AN23122_Background_rpf_2x0_par0: 0.06715282138445855 +/- 0.9501530395288293
CMS_AN23122_Background_rpf_2x0_par1: 0.6081065532017507 +/- 11.959451453770587
CMS_AN23122_Background_rpf_2x0_par3: 0.06844734158645908 +/- 1.000854981663014
