CMS_AN23122_Background_rpf_2x0_par0: 0.7707651639235441 +/- 1.850138786221455
CMS_AN23122_Background_rpf_2x0_par3: 0.003894712272049633 +/- 0.00937272106545796
