CMS_EXO26004_Background_rpf_2x0_par0: 0.02246231545752386 +/- 0.012337418117490447
CMS_EXO26004_Background_rpf_2x0_par1: 0.5053774195254725 +/- 0.8139792512334976
CMS_EXO26004_Background_rpf_2x0_par2: -3.2526065174565133e-18 +/- 5.8119190984527895
CMS_EXO26004_Background_rpf_2x0_par3: 0.031281131442070856 +/- 0.0
