CMS_AN23122_Background_rpf_2x0_par0: 0.07598609929641913 +/- 0.014526442239467006
CMS_AN23122_Background_rpf_2x0_par1: 0.5499847142416151 +/- 1.1696711204650894
CMS_AN23122_Background_rpf_2x0_par3: 0.015649958994453296 +/- 0.0
