CMS_AN23122_Background_rpf_2x0_par0: 3.684039599896147 +/- 0.843517472953599
CMS_AN23122_Background_rpf_2x0_par1: 50.00000000004062 +/- 29.33579935944958
CMS_AN23122_Background_rpf_2x0_par3: 0.0008879564826960697 +/- 0.0
