CMS_EXO26004_Background_rpf_2x0_par0: 0.05676628463350577 +/- 0.0011250175343483042
CMS_EXO26004_Background_rpf_2x0_par1: 0.9829219865318786 +/- 0.04685733449307981
CMS_EXO26004_Background_rpf_2x0_par2: -0.8918747624811226 +/- 0.21229334275657905
CMS_EXO26004_Background_rpf_2x0_par3: 1.5000749011906471 +/- 0.0
