CMS_AN23122_Background_rpf_2x0_par0: 10.814620914864921 +/- 52.49298629923335
CMS_AN23122_Background_rpf_2x0_par1: 50.00003433502688 +/- 0.0
CMS_AN23122_Background_rpf_2x0_par3: 0.0004533047150450463 +/- 0.0020700437000182917
