CMS_EXO26004_Background_rpf_3x0_par0: 0.08220710641886048 +/- 0.0023685072520637403
CMS_EXO26004_Background_rpf_3x0_par1: 1.4583495769978925 +/- 0.12486726508573394
CMS_EXO26004_Background_rpf_3x0_par2: -1.6008161125143527 +/- 0.8820157385228784
CMS_EXO26004_Background_rpf_3x0_par3: 0.3763025684306603 +/- 0.9201331439361615
