CMS_EXO26004_Background_rpf_3x0_par0: 0.08221043321888394 +/- 0.0015675126187747013
CMS_EXO26004_Background_rpf_3x0_par1: 1.4581066727587808 +/- 0.04440950581960103
CMS_EXO26004_Background_rpf_3x0_par2: -1.5990356753657262 +/- 0.0
CMS_EXO26004_Background_rpf_3x0_par3: 0.37436554407306594 +/- 0.10822851415808434
