CMS_EXO26004_Background_rpf_2x0_par0: 0.0007122686050979796 +/- 0.00019268762677794745
CMS_EXO26004_Background_rpf_2x0_par1: 0.015127629384158315 +/- 0.009307361588874942
CMS_EXO26004_Background_rpf_2x0_par2: -1.0211180531986483e-07 +/- 4.2020278120103445
