CMS_EXO26004_Background_rpf_2x0_par0: 2.6429108467701523e-13 +/- 0.0
CMS_EXO26004_Background_rpf_2x0_par1: 0.539717721689542 +/- 0.0
CMS_EXO26004_Background_rpf_2x0_par2: -2.954129996179944e-13 +/- 1.354853015261005
CMS_EXO26004_Background_rpf_2x0_par3: 0.044677071757484595 +/- 0.011500658228198082
