CMS_AN23122_Background_rpf_2x0_par0: 0.13746787142115136 +/- 0.26193262162494596
CMS_AN23122_Background_rpf_2x0_par3: 0.02258270223655046 +/- 0.03883014550369405
