CMS_AN23122_Background_rpf_2x0_par0: 0.07578129324330733 +/- 0.30887987770102876
CMS_AN23122_Background_rpf_2x0_par1: 0.5528637114500783 +/- 3.0087736393144597
CMS_AN23122_Background_rpf_2x0_par3: 0.01568255837500765 +/- 0.06494201751138967
