CMS_EXO26004_Background_rpf_2x0_par0: 0.797756026199234 +/- 0.0
CMS_EXO26004_Background_rpf_2x0_par3: 0.0011579713115522374 +/- 0.0
