CMS_EXO26004_Background_rpf_2x0_par0: 0.9933105859739038 +/- 0.5168671634166613
CMS_EXO26004_Background_rpf_2x0_par3: 0.0008733250697201942 +/- 0.00046366171317643406
