CMS_EXO26004_Background_rpf_2x0_par0: 0.11226881016836257 +/- 0.5318171254334793
CMS_EXO26004_Background_rpf_2x0_par1: 0.6713312407882065 +/- 3.284757453123494
CMS_EXO26004_Background_rpf_2x0_par2: -0.23915928584966498 +/- 1.2767690302598242
CMS_EXO26004_Background_rpf_2x0_par3: 0.0010805386375652422 +/- 0.005165112819915942
