CMS_EXO26004_Background_rpf_2x0_par0: 0.9707368210253832 +/- 0.45355506664834383
CMS_EXO26004_Background_rpf_2x0_par3: 0.00095302310748495 +/- 0.000453445129181117
