CMS_EXO26004_Background_rpf_2x0_par0: 0.08173213360090871 +/- 0.024621902816855046
CMS_EXO26004_Background_rpf_2x0_par1: 0.9999999621227643 +/- 0.0
CMS_EXO26004_Background_rpf_2x0_par2: -1.1036280230127373e-06 +/- 2.6396018385526214
CMS_EXO26004_Background_rpf_2x0_par3: 1.9999999999999998 +/- 0.46619840949645014
