CMS_EXO26004_Background_rpf_2x0_par0: 0.0006979683018565549 +/- 0.00015342701609371412
CMS_EXO26004_Background_rpf_2x0_par1: 0.014560644283571863 +/- 0.011709177876318505
CMS_EXO26004_Background_rpf_2x0_par2: -9.369976167516124e-05 +/- 5.583154703107581
