CMS_EXO26004_Background_rpf_2x0_par0: 0.0006999139211242501 +/- 0.0001534296703700749
CMS_EXO26004_Background_rpf_2x0_par1: 0.014454841245174483 +/- 0.011681749745376661
CMS_EXO26004_Background_rpf_2x0_par2: -0.0002741563892291656 +/- 5.582321610120945
