CMS_AN23122_Background_rpf_2x0_par0: 10.936571486058076 +/- 3.1354452081413644
CMS_AN23122_Background_rpf_2x0_par1: 50.000112893284246 +/- 125.7706228818174
CMS_AN23122_Background_rpf_2x0_par3: 0.0004487658949847007 +/- 0.0
