CMS_EXO26004_Background_rpf_2x0_par0: 0.0481903698201342 +/- 0.00889382169802919
CMS_EXO26004_Background_rpf_2x0_par1: 0.5007446985966406 +/- 0.3309108942654197
CMS_EXO26004_Background_rpf_2x0_par2: -5.785454166815172e-06 +/- 0.0
CMS_EXO26004_Background_rpf_2x0_par3: 0.016389661410713127 +/- 0.0
