CMS_EXO26004_Background_rpf_2x0_par0: 0.08384795384170837 +/- 0.012625666999854323
CMS_EXO26004_Background_rpf_2x0_par1: 0.5009966694711199 +/- 0.13617661836144093
CMS_EXO26004_Background_rpf_2x0_par2: -0.17822209620660792 +/- 0.19532532118125634
CMS_EXO26004_Background_rpf_2x0_par3: 0.0014477923107503253 +/- 0.0
