CMS_EXO26004_Background_rpf_2x0_par0: 0.02326891776878901 +/- 0.013105474370452789
CMS_EXO26004_Background_rpf_2x0_par1: 0.5062785231634671 +/- 0.8787330623485006
CMS_EXO26004_Background_rpf_2x0_par2: -3.7983787668935615e-06 +/- 5.93303215767777
CMS_EXO26004_Background_rpf_2x0_par3: 0.03038307445911899 +/- 0.0
