CMS_EXO26004_Background_rpf_2x0_par0: 0.9649468187678856 +/- 0.5065794801391088
CMS_EXO26004_Background_rpf_2x0_par3: 0.0009681841543748729 +/- 0.0005192056108794135
