CMS_EXO26004_Background_rpf_2x0_par0: 0.0009407965535592031 +/- 0.00026911145930859685
CMS_EXO26004_Background_rpf_2x0_par1: 4.070758325287445e-08 +/- 0.015007802774696832
CMS_EXO26004_Background_rpf_2x0_par2: 2.7782683396709515e-08 +/- 0.0
