CMS_AN23122_Background_rpf_1x0_par0: 0.05471855444972336 +/- 0.0
CMS_AN23122_Background_rpf_1x0_par1: -2.48904959689063 +/- 1.3879740684313437
