CMS_AN23122_Background_rpf_1x0_par0: 0.029114072475268416 +/- 0.0
CMS_AN23122_Background_rpf_1x0_par1: -4.3305556527013485 +/- 0.0
