CMS_AN23122_Background_rpf_1x0_par0: 0.01265890429393344 +/- 0.003653108511395295
CMS_AN23122_Background_rpf_1x0_par1: 1.3262728046879724e-11 +/- 0.0
