CMS_AN23122_Background_rpf_1x0_par0: 0.011203420731546043 +/- 0.005047100914292929
CMS_AN23122_Background_rpf_1x0_par1: 0.12424337762684083 +/- 0.15607998528739883
