CMS_EXO26004_Background_rpf_2x0_par0: 0.9848326886672257 +/- 0.46131313379816263
CMS_EXO26004_Background_rpf_2x0_par3: 0.0009391054396807735 +/- 0.0004477172366746427
