CMS_EXO26004_Background_rpf_2x0_par0: 0.0007043452560868101 +/- 0.00015591809219946552
CMS_EXO26004_Background_rpf_2x0_par1: 0.015704753784782713 +/- 0.0074245615133036735
CMS_EXO26004_Background_rpf_2x0_par2: -2.456802122852153e-16 +/- 2.636004563457075
