CMS_EXO26004_Background_rpf_2x0_par0: 0.0009107999015725701 +/- 0.0001841377002516817
CMS_EXO26004_Background_rpf_2x0_par1: 0.004451612795244456 +/- 0.006537822389665762
