CMS_EXO26004_Background_rpf_2x0_par0: 0.0006982944964790331 +/- 0.00015576307352391385
CMS_EXO26004_Background_rpf_2x0_par1: 0.016200219584013197 +/- 0.0074178883047095025
CMS_EXO26004_Background_rpf_2x0_par2: -2.744559601731869e-07 +/- 2.565819838181714
