CMS_AN23122_Background_rpf_2x0_par0: 0.9998352836550701 +/- 0.5271543952873919
CMS_AN23122_Background_rpf_2x0_par3: 0.0008034822016903696 +/- 0.00043607283932565403
