CMS_AN23122_Background_rpf_2x0_par0: 0.07619078117130669 +/- 0.020263669793910956
CMS_AN23122_Background_rpf_2x0_par1: 0.5195139728270273 +/- 0.6864543181475167
CMS_AN23122_Background_rpf_2x0_par2: -1.7902787238829442e-05 +/- 0.0
CMS_AN23122_Background_rpf_2x0_par3: 0.040735438746320726 +/- 0.0
