CMS_EXO26004_Background_rpf_2x0_par0: 0.024658105065435587 +/- 0.013408134728433021
CMS_EXO26004_Background_rpf_2x0_par1: 0.5038002788689647 +/- 0.8681994468200436
CMS_EXO26004_Background_rpf_2x0_par2: -1.830949325964601e-09 +/- 9.2170767909566
CMS_EXO26004_Background_rpf_2x0_par3: 0.029081361423177896 +/- 0.0
