CMS_EXO26004_Background_rpf_2x0_par0: 0.08171713765472076 +/- 0.02615120098987142
CMS_EXO26004_Background_rpf_2x0_par1: 0.9999986142290368 +/- 0.0
CMS_EXO26004_Background_rpf_2x0_par2: -1.1873610199466178e-06 +/- 2.4676516033601743
CMS_EXO26004_Background_rpf_2x0_par3: 2.0 +/- 0.4950615674874862
