CMS_EXO26004_Background_rpf_2x0_par0: 0.6978939668717585 +/- 3.18630347642563
CMS_EXO26004_Background_rpf_2x0_par3: 0.0013224985098594705 +/- 0.006020373746214199
