CMS_EXO26004_Background_rpf_2x0_par0: 0.024758432524523612 +/- 0.012995269276336435
CMS_EXO26004_Background_rpf_2x0_par1: 0.5037204462677212 +/- 0.8506162599762466
CMS_EXO26004_Background_rpf_2x0_par2: -2.0183271648064292e-08 +/- 7.434502252703987
CMS_EXO26004_Background_rpf_2x0_par3: 0.029040149847276417 +/- 0.0
