CMS_AN23122_Background_rpf_2x0_par0: 12.80138064125086 +/- 2.5198741222699166
CMS_AN23122_Background_rpf_2x0_par1: 58.102141196363895 +/- 77.77675655571495
CMS_AN23122_Background_rpf_2x0_par3: 0.00038344551344950904 +/- 0.0
