CMS_EXO26004_Background_rpf_2x0_par0: 0.02289697930979378 +/- 0.01341745583806681
CMS_EXO26004_Background_rpf_2x0_par1: 0.5052675689085723 +/- 0.8636954130177708
CMS_EXO26004_Background_rpf_2x0_par2: -3.0977088264587654e-06 +/- 6.9170505274142995
CMS_EXO26004_Background_rpf_2x0_par3: 0.03074035482807642 +/- 0.0
