CMS_EXO26004_Background_rpf_2x0_par0: 0.060767410858567815 +/- 0.01234135926991536
CMS_EXO26004_Background_rpf_2x0_par1: 0.9996114213586169 +/- 0.19198379464393003
CMS_EXO26004_Background_rpf_2x0_par2: -0.897911519038142 +/- 0.17951002464101626
CMS_EXO26004_Background_rpf_2x0_par3: 1.4124857391779575 +/- 0.28090603573914624
