CMS_AN23122_Background_rpf_2x0_par0: 0.06325555707367743 +/- 0.016035715206439698
CMS_AN23122_Background_rpf_2x0_par1: 0.5790817998659483 +/- 1.3619931538599421
CMS_AN23122_Background_rpf_2x0_par3: 0.07882183347451036 +/- 0.0
