CMS_EXO26004_Background_rpf_2x0_par0: 0.081724821681211 +/- 0.027441445675168694
CMS_EXO26004_Background_rpf_2x0_par1: 0.9999999344786614 +/- 0.0
CMS_EXO26004_Background_rpf_2x0_par2: -2.7304962110785702e-09 +/- 3.154674787576643
CMS_EXO26004_Background_rpf_2x0_par3: 2.0 +/- 0.5140411126640635
