CMS_EXO26004_Background_rpf_2x0_par0: 0.023012020018513324 +/- 0.01240024731031726
CMS_EXO26004_Background_rpf_2x0_par1: 0.5050645399144561 +/- 0.8098430406021608
CMS_EXO26004_Background_rpf_2x0_par2: -4.958548026132289e-07 +/- 6.123622207108892
CMS_EXO26004_Background_rpf_2x0_par3: 0.030645934743004474 +/- 0.0
