CMS_EXO26004_Background_rpf_2x0_par0: 0.0817004304250352 +/- 0.02656411691451173
CMS_EXO26004_Background_rpf_2x0_par1: 0.999999693718357 +/- 0.0
CMS_EXO26004_Background_rpf_2x0_par2: -1.2684889058689301e-06 +/- 2.5010039498237346
CMS_EXO26004_Background_rpf_2x0_par3: 2.0 +/- 0.5070393457077996
