CMS_EXO26004_Background_rpf_2x0_par0: 0.9989055691423882 +/- 0.5515668364673524
CMS_EXO26004_Background_rpf_2x0_par3: 0.0008050586700837437 +/- 0.00045840841881083843
