CMS_EXO26004_Background_rpf_2x0_par0: 0.08161951223157474 +/- 0.03132813613574414
CMS_EXO26004_Background_rpf_2x0_par1: 0.9999999108709154 +/- 0.0
CMS_EXO26004_Background_rpf_2x0_par2: -7.482608606465199e-08 +/- 3.975107359770858
CMS_EXO26004_Background_rpf_2x0_par3: 1.9999999999999998 +/- 0.6421646538892457
