CMS_EXO26004_Background_rpf_2x0_par0: 0.05752254034063078 +/- 0.010542908055566208
CMS_EXO26004_Background_rpf_2x0_par1: 0.995994102708432 +/- 0.17683728370021728
CMS_EXO26004_Background_rpf_2x0_par2: -0.903776195757203 +/- 0.24526931250625808
CMS_EXO26004_Background_rpf_2x0_par3: 1.4803818727071074 +/- 0.26594528589953514
