CMS_AN23122_Background_rpf_2x0_par0: 0.05912013214112476 +/- 0.015019559738605387
CMS_AN23122_Background_rpf_2x0_par1: 0.6527264649203862 +/- 1.2267960426283004
CMS_AN23122_Background_rpf_2x0_par3: 0.08416235428339514 +/- 0.0
