CMS_EXO26004_Background_rpf_2x0_par0: 0.37585346611691095 +/- 0.06529910446497644
CMS_EXO26004_Background_rpf_2x0_par1: 0.5000074694322625 +/- 5.342880512929889
CMS_EXO26004_Background_rpf_2x0_par3: 0.0024401669700458615 +/- 0.0
