Background_rpf_1x0_par0: 0.031697031908105244 +/- 0.007335567198317085
Background_rpf_1x0_par1: 0.3064627410200339 +/- 0.20571595456923136
