Background_rpf_1x0_par0: 0.03169575756354831 +/- 0.007334121081132914
Background_rpf_1x0_par1: 0.30648208357884604 +/- 0.20561554576122607
