CMS_EXO26004_Background_rpf_2x0_par0: 0.057843187337294454 +/- 0.0137632436498477
CMS_EXO26004_Background_rpf_2x0_par1: 0.5028093912405575 +/- 0.564924469098012
CMS_EXO26004_Background_rpf_2x0_par2: -1.2957859372410003e-05 +/- 0.0
CMS_EXO26004_Background_rpf_2x0_par3: 0.014489567122325195 +/- 0.0
