CMS_EXO26004_Background_rpf_2x0_par0: 0.0009105101981445114 +/- 0.00012643593679919428
CMS_EXO26004_Background_rpf_2x0_par1: 4.733577840408589e-09 +/- 0.0
CMS_EXO26004_Background_rpf_2x0_par2: 0.10355956801313078 +/- 0.11855014824803335
