CMS_EXO26004_Background_rpf_2x0_par0: 0.08172788241420494 +/- 0.02529783062253123
CMS_EXO26004_Background_rpf_2x0_par1: 0.9999998548232314 +/- 0.0
CMS_EXO26004_Background_rpf_2x0_par2: -1.768181035173913e-07 +/- 2.3071365606223955
CMS_EXO26004_Background_rpf_2x0_par3: 2.0 +/- 0.47957565901864707
