CMS_EXO26004_Background_rpf_2x0_par0: 0.000751983242971955 +/- 0.0001914408479816682
CMS_EXO26004_Background_rpf_2x0_par1: 0.009910366143906028 +/- 0.012601327605230167
