CMS_EXO26004_Background_rpf_2x0_par0: 0.9808038726691393 +/- 0.5286653109520449
CMS_EXO26004_Background_rpf_2x0_par3: 0.0008768263397031825 +/- 0.0004833510734697361
