CMS_AN23122_Background_rpf_2x0_par0: 7.338761619831579 +/- 22.34481371957622
CMS_AN23122_Background_rpf_2x0_par1: 50.017808209952314 +/- 0.0
CMS_AN23122_Background_rpf_2x0_par3: 0.0002040764446808891 +/- 0.0005621608925901365
