CMS_EXO26004_Background_rpf_2x0_par0: 0.0007120889590760403 +/- 0.00015980148872442787
CMS_EXO26004_Background_rpf_2x0_par1: 0.013087197745022622 +/- 0.012466924417751823
CMS_EXO26004_Background_rpf_2x0_par2: -2.3652946659720377e-05 +/- 6.338267689763053
