CMS_AN23122_Background_rpf_2x0_par0: 10.90539055178719 +/- 1.504765263275644
CMS_AN23122_Background_rpf_2x0_par1: 50.00000000502021 +/- 0.0
CMS_AN23122_Background_rpf_2x0_par3: 0.0004500527684718393 +/- 0.0
