CMS_AN23122_Background_rpf_2x0_par0: 10.655640319722533 +/- 9.648096962227834
CMS_AN23122_Background_rpf_2x0_par1: 50.00000116727863 +/- 560.9483410997702
CMS_AN23122_Background_rpf_2x0_par3: 0.00045941519774758666 +/- 0.0
