CMS_EXO26004_Background_rpf_2x0_par0: 0.9871497550050314 +/- 0.47252476045540664
CMS_EXO26004_Background_rpf_2x0_par3: 0.0009367867283929996 +/- 0.00047290290229953346
