CMS_AN23122_Background_rpf_2x0_par0: 0.14614458594844135 +/- 0.5261507792443497
CMS_AN23122_Background_rpf_2x0_par1: 0.999993700669253 +/- 3.007655476952116
CMS_AN23122_Background_rpf_2x0_par3: 0.021239813793353622 +/- 0.07411576634263485
