CMS_EXO26004_Background_rpf_2x0_par0: 0.021771782148160963 +/- 0.005523761826134772
CMS_EXO26004_Background_rpf_2x0_par1: 0.5054716673696061 +/- 0.18161710920666616
CMS_EXO26004_Background_rpf_2x0_par2: 0.0 +/- 0.0
CMS_EXO26004_Background_rpf_2x0_par3: 0.032053667718421344 +/- 0.0
