CMS_AN23122_Background_rpf_2x0_par0: 0.07279540756069613 +/- 0.01936694826136395
CMS_AN23122_Background_rpf_2x0_par1: 0.5015196453803141 +/- 0.6563145626741419
CMS_AN23122_Background_rpf_2x0_par2: -8.924848240624873e-06 +/- 0.0
CMS_AN23122_Background_rpf_2x0_par3: 0.04265170590373938 +/- 0.0
