CMS_EXO26004_Background_rpf_2x0_par0: 0.4784509355688974 +/- 0.06026533356891435
CMS_EXO26004_Background_rpf_2x0_par3: 0.0019226249385618204 +/- 0.0
