CMS_AN23122_Background_rpf_2x0_par0: 0.06716669469742913 +/- 0.6638188884577726
CMS_AN23122_Background_rpf_2x0_par1: 0.6051344737197599 +/- 8.140560916739817
CMS_AN23122_Background_rpf_2x0_par3: 0.06845749423256114 +/- 0.6955075766529464
