CMS_EXO26004_Background_rpf_2x0_par0: 0.0008927514395881431 +/- 0.0003030175659499906
CMS_EXO26004_Background_rpf_2x0_par1: 1.789036162865975e-08 +/- 0.019124454140142022
CMS_EXO26004_Background_rpf_2x0_par2: 0.14429160685928977 +/- 0.1732075394623659
