CMS_EXO26004_Background_rpf_2x0_par0: 0.0006932792647670028 +/- 0.00013961771074032613
CMS_EXO26004_Background_rpf_2x0_par1: 0.015350943191690869 +/- 0.0063724072708048725
