CMS_EXO26004_Background_rpf_2x0_par0: 0.0816672165722041 +/- 0.031529409160224946
CMS_EXO26004_Background_rpf_2x0_par1: 0.9999999093070114 +/- 0.0
CMS_EXO26004_Background_rpf_2x0_par2: -2.5478703972688956e-08 +/- 3.150243775742317
CMS_EXO26004_Background_rpf_2x0_par3: 2.0 +/- 0.6145643796626381
