CMS_EXO26004_Background_rpf_2x0_par0: 0.0008970720422412851 +/- 0.00018101017860571307
CMS_EXO26004_Background_rpf_2x0_par1: 0.003013905671726518 +/- 0.00685055245347483
