CMS_AN23122_Background_rpf_2x0_par0: 0.08422084857423463 +/- 0.016068834567764364
CMS_AN23122_Background_rpf_2x0_par1: 0.563322847513983 +/- 1.2961818262177685
CMS_AN23122_Background_rpf_2x0_par3: 0.014136368352484168 +/- 0.0
