CMS_AN23122_Background_rpf_2x0_par0: 0.6500577568362311 +/- 0.10792113507131491
CMS_AN23122_Background_rpf_2x0_par3: 0.031380851470023875 +/- 0.0
