CMS_AN23122_Background_rpf_2x0_par0: 0.07746376978709642 +/- 0.02723772024704939
CMS_AN23122_Background_rpf_2x0_par1: 0.6265281213055685 +/- 2.3581979151703143
CMS_AN23122_Background_rpf_2x0_par2: -0.00020019405405451705 +/- 27.2147532481805
CMS_AN23122_Background_rpf_2x0_par3: 0.010049016164173414 +/- 0.0
