CMS_EXO26004_Background_rpf_2x0_par0: 0.0009149405457208231 +/- 0.0001861493565261393
CMS_EXO26004_Background_rpf_2x0_par1: 0.004769894959204846 +/- 0.006667854914086064
