CMS_EXO26004_Background_rpf_2x0_par0: 0.0008953071980127202 +/- 0.00011995313592288176
CMS_EXO26004_Background_rpf_2x0_par1: 1.1531508307103828e-08 +/- 0.0
CMS_EXO26004_Background_rpf_2x0_par2: 0.10401752829944065 +/- 0.27632411634673665
