CMS_AN23122_Background_rpf_2x0_par0: 3.999270455576243 +/- 0.31400974129532666
CMS_AN23122_Background_rpf_2x0_par1: 50.027585109973515 +/- 15.031216706292765
CMS_AN23122_Background_rpf_2x0_par2: -49.69076246986277 +/- 0.0
CMS_AN23122_Background_rpf_2x0_par3: 0.012728435317569755 +/- 0.0
