CMS_AN23122_Background_rpf_2x0_par0: 0.19690995797068434 +/- 0.4127003851489223
CMS_AN23122_Background_rpf_2x0_par3: 0.015993120072782255 +/- 0.030819800696135855
