CMS_EXO26004_Background_rpf_2x0_par0: 0.0007109362160651772 +/- 0.0007562323779571679
CMS_EXO26004_Background_rpf_2x0_par1: 0.015150328753254233 +/- 0.04164877473865058
CMS_EXO26004_Background_rpf_2x0_par2: -6.470201684948538e-07 +/- 22.10737116384139
