Background_rpf_expo_par0: -0.9999999999979584 +/- 1.2168383513915675
Background_rpf_expo_par1: -4.369035135027632 +/- 0.02944327372643019
