Background_rpf_expo_par0: -0.9999999999901572 +/- 0.6854268939258734
Background_rpf_expo_par1: -4.324609914675534 +/- 0.019873142943115266
