CMS_AN23122_Background_rpf_2x0_par0: 3.079068415022234 +/- 0.061810865788678386
CMS_AN23122_Background_rpf_2x0_par1: 50.000879668604895 +/- 1.9967204969730334
CMS_AN23122_Background_rpf_2x0_par2: -48.11935082204241 +/- 3.261906166585591
CMS_AN23122_Background_rpf_2x0_par3: 0.02530841510812729 +/- 0.0
