CMS_AN23122_Background_rpf_2x0_par0: 3.079378631811264 +/- 0.05973481273766894
CMS_AN23122_Background_rpf_2x0_par1: 50.00026484190831 +/- 1.8576665246825879
CMS_AN23122_Background_rpf_2x0_par2: -48.115333280082275 +/- 3.199005011606889
CMS_AN23122_Background_rpf_2x0_par3: 0.025306735493875687 +/- 0.0
