CMS_EXO26004_Background_rpf_2x0_par0: 0.9505636357928305 +/- 0.2116915403236945
CMS_EXO26004_Background_rpf_2x0_par3: 0.0009725617227294451 +/- 0.0
