CMS_AN23122_Background_rpf_2x0_par0: 0.8040790384277218 +/- 4.633618067857108
CMS_AN23122_Background_rpf_2x0_par3: 0.025417871021062445 +/- 0.14787788412157568
