CMS_AN23122_Background_rpf_2x0_par0: 7.290145986225908 +/- 3.470204108219843
CMS_AN23122_Background_rpf_2x0_par1: 50.00320331924014 +/- 141.8512165648587
CMS_AN23122_Background_rpf_2x0_par3: 0.00020537160572727003 +/- 0.0
