CMS_AN23122_Background_rpf_2x0_par0: 0.08966758219234927 +/- 0.017143892201508464
CMS_AN23122_Background_rpf_2x0_par1: 0.5622736126687689 +/- 1.4109574079735185
CMS_AN23122_Background_rpf_2x0_par3: 0.01328210161159713 +/- 0.0
