CMS_AN23122_Background_rpf_2x0_par0: 3.5538562952702017 +/- 0.07389509928016376
CMS_AN23122_Background_rpf_2x0_par1: 50.00061923413574 +/- 2.1492004117569934
CMS_AN23122_Background_rpf_2x0_par2: -47.56847464767398 +/- 3.685124825878885
CMS_AN23122_Background_rpf_2x0_par3: 0.023699989860439623 +/- 0.0
