Background_rpf_1x0_par0: 0.3446229137466333 +/- 0.026740374933187202
Background_rpf_1x0_par1: 2.079707567742917 +/- 0.6859306590750169
