Background_rpf_1x0_par0: 0.353907948211346 +/- 0.032934630039476165
Background_rpf_1x0_par1: 2.3399694929099804 +/- 0.0
