Background_rpf_1x0_par0: 0.35400357110388603 +/- 0.03004969541800633
Background_rpf_1x0_par1: 2.3411566994866955 +/- 0.6875348268311338
