Background_rpf_1x0_par0: 0.3423430431293202 +/- 0.02759644215109391
Background_rpf_1x0_par1: 1.7861819852939966 +/- 1.1221319318745744
