Background_rpf_1x0_par0: 0.28615351452708687 +/- 0.021628628197992286
Background_rpf_1x0_par1: 2.763411792817167 +/- 2.0385846408965422
