Background_rpf_1x0_par0: 0.3038070707248228 +/- 0.02272506652124811
Background_rpf_1x0_par1: 1.797525014640192 +/- 1.878683367732127
