Background_rpf_1x0_par0: 0.2862513139258263 +/- 0.0202290379469406
Background_rpf_1x0_par1: 2.7612605003347177 +/- 0.47691794291458034
