Background_rpf_1x0_par0: 0.10106838661970134 +/- 0.0021536513172342214
Background_rpf_1x0_par1: 3.0358505586116684 +/- 0.13820503371473275
