Background_rpf_1x0_par0: 0.15400806294203553 +/- 0.005651209158233737
Background_rpf_1x0_par1: 2.530359948034212 +/- 0.32233010590429756
