Background_rpf_1x0_par0: 0.10106963217614393 +/- 0.002569826330665546
Background_rpf_1x0_par1: 3.0358405065356635 +/- 0.3099925636852548
