CMS_AN23122_Background_rpf_2x0_par0: 0.0874516874421897 +/- 0.016737843684033672
CMS_AN23122_Background_rpf_2x0_par1: 0.5634328711114283 +/- 1.3534082624647503
CMS_AN23122_Background_rpf_2x0_par3: 0.013595848120530187 +/- 0.0
