CMS_AN23122_Background_rpf_2x0_par0: 0.06335909459053778 +/- 0.02534251035617883
CMS_AN23122_Background_rpf_2x0_par1: 0.5005370608925551 +/- 2.256626049697696
CMS_AN23122_Background_rpf_2x0_par2: -1.662345483164989e-05 +/- 25.517348500576503
CMS_AN23122_Background_rpf_2x0_par3: 0.012279731328811114 +/- 0.0
