CMS_AN23122_Background_rpf_2x0_par0: 10.79344863655635 +/- 31.434580698692177
CMS_AN23122_Background_rpf_2x0_par1: 50.000010531010965 +/- 0.0
CMS_AN23122_Background_rpf_2x0_par3: 0.00045425277983796963 +/- 0.0012443049057373145
