CMS_EXO26004_Background_rpf_2x0_par0: 0.08389116901297303 +/- 0.012679589402115889
CMS_EXO26004_Background_rpf_2x0_par1: 0.5005068273312616 +/- 0.13691400606809048
CMS_EXO26004_Background_rpf_2x0_par2: -0.1772992502727875 +/- 0.19630384742643178
CMS_EXO26004_Background_rpf_2x0_par3: 0.0014475143850799879 +/- 0.0
