CMS_EXO26004_Background_rpf_2x0_par0: 0.0007078056924403669 +/- 0.0001551701019671219
CMS_EXO26004_Background_rpf_2x0_par1: 0.013689133524652116 +/- 0.011946331265624114
CMS_EXO26004_Background_rpf_2x0_par2: -3.1910122337484934e-05 +/- 5.920947047549944
