CMS_AN23122_Background_rpf_2x0_par0: 0.06721014837100413 +/- 0.01852162071005241
CMS_AN23122_Background_rpf_2x0_par1: 0.6030673704087613 +/- 1.5241502563368299
CMS_AN23122_Background_rpf_2x0_par3: 0.06845498791585221 +/- 0.0
