Background_rpf_1x0_par0: 0.054848075351267976 +/- 0.0006681104677913202
Background_rpf_1x0_par1: 0.19019267712692697 +/- 0.026294028907005683
