Background_rpf_1x0_par0: 0.05446634184183761 +/- 0.0006785158239518833
Background_rpf_1x0_par1: 0.2523577797202978 +/- 0.026831433704629357
