CMS_AN23122_Background_rpf_2x0_par0: 0.07672575163677248 +/- 0.6733482199745414
CMS_AN23122_Background_rpf_2x0_par1: 0.553179521667616 +/- 6.143813789571204
CMS_AN23122_Background_rpf_2x0_par3: 0.015499687225760755 +/- 0.13840304812893123
