CMS_EXO26004_Background_rpf_2x0_par0: 0.057433657804837036 +/- 0.013701126423167056
CMS_EXO26004_Background_rpf_2x0_par1: 0.5017656273259185 +/- 0.5631785520318183
CMS_EXO26004_Background_rpf_2x0_par2: -1.6939303705261564e-07 +/- 0.0
CMS_EXO26004_Background_rpf_2x0_par3: 0.014578696962183167 +/- 0.0
