Background_rpf_1x0_par0: 0.13498385468774726 +/- 0.001224634022949387
Background_rpf_1x0_par1: 0.5027940637949649 +/- 0.06222118638287869
