Background_rpf_1x0_par0: 0.13987078947152207 +/- 0.0013410996904892865
Background_rpf_1x0_par1: 0.029329273769436313 +/- 0.07834686029827667
