CMS_EXO26004_Background_rpf_2x0_par0: 0.0007039318187542325 +/- 0.00015356503329561102
CMS_EXO26004_Background_rpf_2x0_par1: 0.014072244831921188 +/- 0.011740191373549189
CMS_EXO26004_Background_rpf_2x0_par2: -2.467213438854944e-06 +/- 5.772881791243603
