CMS_EXO26004_Background_rpf_2x0_par0: 0.08381524448318414 +/- 0.012620063785989524
CMS_EXO26004_Background_rpf_2x0_par1: 0.5000095136438041 +/- 0.13597021956945768
CMS_EXO26004_Background_rpf_2x0_par2: -0.18082482361905966 +/- 0.19500607940966697
CMS_EXO26004_Background_rpf_2x0_par3: 0.0014491540156704023 +/- 0.0
