CMS_AN23122_Background_rpf_2x0_par0: 0.07438548800907072 +/- 0.014197240700691251
CMS_AN23122_Background_rpf_2x0_par1: 0.5496069945231884 +/- 1.142734269561482
CMS_AN23122_Background_rpf_2x0_par3: 0.015977035322169646 +/- 0.0
