CMS_EXO26004_Background_rpf_2x0_par0: 0.05405844989462636 +/- 0.014318580365941668
CMS_EXO26004_Background_rpf_2x0_par1: 0.5007590021613062 +/- 0.6815949642578538
CMS_EXO26004_Background_rpf_2x0_par2: -4.642396827761637e-07 +/- 0.0
CMS_EXO26004_Background_rpf_2x0_par3: 0.015227941415349186 +/- 0.0
