Background_rpf_2x0_par0: 1.9486923434362988 +/- 0.08609761475941427
Background_rpf_2x0_par1: 62.559557335724904 +/- 9.56943992081172
Background_rpf_2x0_par2: -49.99999727779575 +/- 163.06009044720656
Background_rpf_2x0_par3: 0.046803241329883456 +/- 0.0
