CMS_EXO26004_Background_rpf_2x0_par0: 0.08172613490656834 +/- 0.025277039446300883
CMS_EXO26004_Background_rpf_2x0_par1: 0.9999997658291007 +/- 0.0
CMS_EXO26004_Background_rpf_2x0_par2: -7.068358306673225e-07 +/- 2.330946689625056
CMS_EXO26004_Background_rpf_2x0_par3: 2.0 +/- 0.4790523547131859
