CMS_AN23122_Background_rpf_2x0_par0: 17.660119679037717 +/- 3.186817792580016
CMS_AN23122_Background_rpf_2x0_par1: 50.216233767248625 +/- 121.70249869320993
CMS_AN23122_Background_rpf_2x0_par3: 8.267566683376585e-05 +/- 0.0
