CMS_AN23122_Background_rpf_2x0_par0: 8.72357346884691 +/- 18.990958534204577
CMS_AN23122_Background_rpf_2x0_par1: 50.00004274919836 +/- 0.0
CMS_AN23122_Background_rpf_2x0_par3: 0.00016457344209667443 +/- 0.0003373165873130073
