CMS_EXO26004_Background_rpf_2x0_par0: 0.0008354273506896582 +/- 0.00018658991671308424
CMS_EXO26004_Background_rpf_2x0_par1: 0.007384084621330484 +/- 0.008804171636063245
CMS_EXO26004_Background_rpf_2x0_par2: -2.4318400131743338e-05 +/- 6.300489644558385
