CMS_EXO26004_Background_rpf_2x0_par0: 0.0009009054700308595 +/- 0.00012263606522606337
CMS_EXO26004_Background_rpf_2x0_par1: 1.6692138838682313e-08 +/- 0.0
CMS_EXO26004_Background_rpf_2x0_par2: 0.10619693688561506 +/- 0.2105885097819358
