CMS_EXO26004_Background_rpf_2x0_par0: 0.043249796015550554 +/- 0.012078719153696037
CMS_EXO26004_Background_rpf_2x0_par1: 0.5007225183791028 +/- 0.6119760565394937
CMS_EXO26004_Background_rpf_2x0_par2: -2.4231800870781577e-07 +/- 0.0
CMS_EXO26004_Background_rpf_2x0_par3: 0.018393214581170388 +/- 0.0
