CMS_EXO26004_Background_rpf_2x0_par0: 0.0006981625105750101 +/- 0.00015856843779267306
CMS_EXO26004_Background_rpf_2x0_par1: 0.0145782021653995 +/- 0.016221315770182463
CMS_EXO26004_Background_rpf_2x0_par2: -0.00012796037373917143 +/- 6.223726698312685
