CMS_AN23122_Background_rpf_2x0_par0: 0.06715569594294139 +/- 1.2423536511273783
CMS_AN23122_Background_rpf_2x0_par1: 0.6074838702646094 +/- 14.758569996901754
CMS_AN23122_Background_rpf_2x0_par3: 0.06844782698767139 +/- 1.298303046155417
