CMS_EXO26004_Background_rpf_2x0_par0: 0.08387982407625554 +/- 0.012589017151062986
CMS_EXO26004_Background_rpf_2x0_par1: 0.5004861279503394 +/- 0.13550079001134294
CMS_EXO26004_Background_rpf_2x0_par2: -0.17777417932957612 +/- 0.19437123169028173
CMS_EXO26004_Background_rpf_2x0_par3: 0.0014479652088267658 +/- 0.0
