CMS_EXO26004_Background_rpf_2x0_par0: 0.0008966994446412717 +/- 0.00031228006096269253
CMS_EXO26004_Background_rpf_2x0_par1: 5.736752017166096e-09 +/- 0.02010144600918073
CMS_EXO26004_Background_rpf_2x0_par2: 0.1433506419823803 +/- 0.19437835687659774
