CMS_AN23122_Background_rpf_2x0_par0: 0.06723221014395865 +/- 0.01865462955295914
CMS_AN23122_Background_rpf_2x0_par1: 0.5889990431891219 +/- 1.610034868306913
CMS_AN23122_Background_rpf_2x0_par3: 0.06845689436374802 +/- 0.0
