CMS_EXO26004_Background_rpf_2x0_par0: 0.9704049658262809 +/- 0.5070009801385503
CMS_EXO26004_Background_rpf_2x0_par3: 0.0009628275619642851 +/- 0.0005140309050788472
