CMS_EXO26004_Background_rpf_2x0_par0: 0.057624374001686414 +/- 0.01036665339694317
CMS_EXO26004_Background_rpf_2x0_par1: 0.997586527337144 +/- 0.17335697589366322
CMS_EXO26004_Background_rpf_2x0_par2: -0.9073194973355314 +/- 0.16655348247760915
CMS_EXO26004_Background_rpf_2x0_par3: 1.4778500552847633 +/- 0.2613061696556683
