CMS_EXO26004_Background_rpf_2x0_par0: 0.0008043468565921175 +/- 0.00019140156037597463
CMS_EXO26004_Background_rpf_2x0_par1: 0.005737792764580151 +/- 0.012522474116587365
