CMS_AN23122_Background_rpf_2x0_par0: 6.04812927694506 +/- 0.9250182145964472
CMS_AN23122_Background_rpf_2x0_par1: 50.00002645526957 +/- 26.780875378807796
CMS_AN23122_Background_rpf_2x0_par3: 0.00020882074650647333 +/- 0.0
