CMS_AN23122_Background_rpf_2x0_par0: 3.631655127682636 +/- 6.788869608197196
CMS_AN23122_Background_rpf_2x0_par1: 50.00002939236733 +/- 0.0
CMS_AN23122_Background_rpf_2x0_par3: 0.00027083474876734827 +/- 0.0004167459683152149
