CMS_AN23122_Background_rpf_2x0_par0: 6.047949122816449 +/- 15.534364790799952
CMS_AN23122_Background_rpf_2x0_par1: 50.00002909796797 +/- 0.0
CMS_AN23122_Background_rpf_2x0_par3: 0.0002088230141669057 +/- 0.0004834327602911482
