CMS_AN23122_Background_rpf_2x0_par0: 0.39681735142431235 +/- 1.0110565049103715
CMS_AN23122_Background_rpf_2x0_par3: 0.0020751471993304196 +/- 0.005185005919651708
