CMS_AN23122_Background_rpf_2x0_par0: 0.05299091520385925 +/- 0.01418107099894399
CMS_AN23122_Background_rpf_2x0_par1: 0.5023171662592923 +/- 0.32465530980131485
CMS_AN23122_Background_rpf_2x0_par2: -8.263628266967638e-06 +/- 0.0
CMS_AN23122_Background_rpf_2x0_par3: 0.014540665831330126 +/- 0.0
