CMS_EXO26004_Background_rpf_2x0_par0: 0.34611800108277896 +/- 0.06007011299498528
CMS_EXO26004_Background_rpf_2x0_par1: 0.5000049481638934 +/- 4.919360186971582
CMS_EXO26004_Background_rpf_2x0_par3: 0.002646949546600653 +/- 0.0
