CMS_AN23122_Background_rpf_2x0_par0: 0.07652233435976587 +/- 1.223464736851796
CMS_AN23122_Background_rpf_2x0_par1: 0.5271198770523287 +/- 0.0
CMS_AN23122_Background_rpf_2x0_par3: 0.015556114154140802 +/- 0.24490081146231907
