CMS_EXO26004_Background_rpf_2x0_par0: 0.057765493763706606 +/- 0.010549326792530346
CMS_EXO26004_Background_rpf_2x0_par1: 0.9988299231036795 +/- 0.1759474603044635
CMS_EXO26004_Background_rpf_2x0_par2: -0.9080312173641982 +/- 0.16704347729288277
CMS_EXO26004_Background_rpf_2x0_par3: 1.474694253132621 +/- 0.2645812749516198
