CMS_EXO26004_Background_rpf_2x0_par0: 0.0009011735085918972 +/- 0.00018275883939900025
CMS_EXO26004_Background_rpf_2x0_par1: 0.005873940635053121 +/- 0.006194198191545566
