CMS_EXO26004_Background_rpf_2x0_par0: 0.03920057267064267 +/- 0.0129697473219184
CMS_EXO26004_Background_rpf_2x0_par1: 0.5011927426859548 +/- 0.7416868147177059
CMS_EXO26004_Background_rpf_2x0_par2: -4.349270943393435e-11 +/- 0.0
CMS_EXO26004_Background_rpf_2x0_par3: 0.019917974597378457 +/- 0.0
