CMS_EXO26004_Background_rpf_2x0_par0: 0.08336763293236978 +/- 0.012501877746796604
CMS_EXO26004_Background_rpf_2x0_par1: 0.5000646081910809 +/- 0.13436297650595844
CMS_EXO26004_Background_rpf_2x0_par2: -0.18143495391341535 +/- 0.19271743670879898
CMS_EXO26004_Background_rpf_2x0_par3: 0.0014542641235990995 +/- 0.0
