CMS_EXO26004_Background_rpf_2x0_par0: 0.08377790581265285 +/- 0.012644094655279747
CMS_EXO26004_Background_rpf_2x0_par1: 0.500813801170446 +/- 0.13644722113802465
CMS_EXO26004_Background_rpf_2x0_par2: -0.1783002982322497 +/- 0.19566327447085477
CMS_EXO26004_Background_rpf_2x0_par3: 0.0014486513652942792 +/- 0.0
