CMS_EXO26004_Background_rpf_2x0_par0: 0.06727457890535171 +/- 0.013254294614855467
CMS_EXO26004_Background_rpf_2x0_par1: 0.516423740360389 +/- 0.7966056530527457
CMS_EXO26004_Background_rpf_2x0_par2: -3.262839460145897e-06 +/- 0.0
CMS_EXO26004_Background_rpf_2x0_par3: 0.011936130808838494 +/- 0.0
