CMS_AN23122_Background_rpf_2x0_par0: 8.724046121335402 +/- 15.949191291206965
CMS_AN23122_Background_rpf_2x0_par1: 50.00004271691974 +/- 0.0
CMS_AN23122_Background_rpf_2x0_par3: 0.0001645658009870689 +/- 0.0002785834265418601
