CMS_AN23122_Background_rpf_2x0_par0: 17.898515730128764 +/- 39.32383109465964
CMS_AN23122_Background_rpf_2x0_par1: 50.10204534995002 +/- 184.57711790534145
CMS_AN23122_Background_rpf_2x0_par3: 8.152771979846102e-05 +/- 0.00018099789467023329
