CMS_AN23122_Background_rpf_2x0_par0: 0.06168570789483213 +/- 0.022952353966439243
CMS_AN23122_Background_rpf_2x0_par1: 0.5476180754997368 +/- 2.0241227690596393
CMS_AN23122_Background_rpf_2x0_par2: -1.8201773431840082e-07 +/- 23.75106154902823
CMS_AN23122_Background_rpf_2x0_par3: 0.012528673489415774 +/- 0.0
