CMS_AN23122_Background_rpf_2x0_par0: 13.141896760606208 +/- 2.360583376696952
CMS_AN23122_Background_rpf_2x0_par1: 50.13105257347749 +/- 91.16627575430951
CMS_AN23122_Background_rpf_2x0_par3: 0.00011160183728230724 +/- 0.0
