CMS_AN23122_Background_rpf_2x0_par0: 8.723395907829785 +/- 19.832825569018155
CMS_AN23122_Background_rpf_2x0_par1: 50.00004276642164 +/- 0.0
CMS_AN23122_Background_rpf_2x0_par3: 0.00016457649084694823 +/- 0.00035247047901987175
