CMS_EXO26004_Background_rpf_2x0_par0: 0.0007137491362180595 +/- 0.0003156763366956084
CMS_EXO26004_Background_rpf_2x0_par1: 0.014726445438106828 +/- 0.01914517167282454
CMS_EXO26004_Background_rpf_2x0_par2: -2.3921999144549313e-08 +/- 11.1315089376347
