CMS_EXO26004_Background_rpf_2x0_par0: 0.0231734806211522 +/- 0.012191580943850273
CMS_EXO26004_Background_rpf_2x0_par1: 0.5049065013984243 +/- 0.8011193297290611
CMS_EXO26004_Background_rpf_2x0_par2: -4.9873299934333204e-18 +/- 5.668585793172065
CMS_EXO26004_Background_rpf_2x0_par3: 0.03055854840877601 +/- 0.0
