CMS_EXO26004_Background_rpf_2x0_par0: 0.052783645774690385 +/- 0.009914135882465324
CMS_EXO26004_Background_rpf_2x0_par1: 0.530032729744053 +/- 0.4268884799588363
CMS_EXO26004_Background_rpf_2x0_par2: -1.2273736699661923e-06 +/- 0.0
CMS_EXO26004_Background_rpf_2x0_par3: 0.015049877252125681 +/- 0.0
