CMS_EXO26004_Background_rpf_2x0_par0: 0.02733524678750997 +/- 0.008589886449255577
CMS_EXO26004_Background_rpf_2x0_par1: 0.5022477589540899 +/- 0.49495244666911864
CMS_EXO26004_Background_rpf_2x0_par2: -2.354827956729203e-08 +/- 0.0
CMS_EXO26004_Background_rpf_2x0_par3: 0.026796861019795767 +/- 0.0
