CMS_AN23122_Background_rpf_2x0_par0: 0.07680554072246841 +/- 0.012068539844570954
CMS_AN23122_Background_rpf_2x0_par1: 0.9554614775570085 +/- 0.1375370765732736
CMS_AN23122_Background_rpf_2x0_par2: -0.4999999983506055 +/- 0.1543786190381315
CMS_AN23122_Background_rpf_2x0_par3: 0.9999999892988084 +/- 0.15139803552092862
