CMS_AN23122_Background_rpf_2x0_par0: 0.07680442205750355 +/- 0.01294801746037849
CMS_AN23122_Background_rpf_2x0_par1: 0.9554818267835052 +/- 0.1419704488750105
CMS_AN23122_Background_rpf_2x0_par2: -0.49999999999999917 +/- 0.2190375680479205
CMS_AN23122_Background_rpf_2x0_par3: 0.9999999997953246 +/- 0.16212307487536734
