CMS_AN23122_Background_rpf_2x0_par0: 0.08955754863344033 +/- 0.4441880109466248
CMS_AN23122_Background_rpf_2x0_par1: 0.5660343064190723 +/- 3.7449594857803525
CMS_AN23122_Background_rpf_2x0_par3: 0.013263640222303932 +/- 0.06681287977872485
