CMS_AN23122_Background_rpf_2x0_par0: 0.061375466543879084 +/- 0.015558634150438472
CMS_AN23122_Background_rpf_2x0_par1: 0.6407248890136128 +/- 1.2686401848128148
CMS_AN23122_Background_rpf_2x0_par3: 0.08114857054022458 +/- 0.0
