CMS_EXO26004_Background_rpf_2x0_par0: 0.0009130202584668295 +/- 0.00018507871682475182
CMS_EXO26004_Background_rpf_2x0_par1: 0.004920268236886027 +/- 0.0065794758131123825
