CMS_AN23122_Background_rpf_2x0_par0: 0.060383908287436644 +/- 0.02152648527195032
CMS_AN23122_Background_rpf_2x0_par1: 0.5240560390760781 +/- 1.8629410399220605
CMS_AN23122_Background_rpf_2x0_par2: -0.00018550128292865655 +/- 22.077614856287028
CMS_AN23122_Background_rpf_2x0_par3: 0.012824007256984472 +/- 0.0
