CMS_AN23122_Background_rpf_1x0_par0: 0.005528855012240936 +/- 0.0
CMS_AN23122_Background_rpf_1x0_par1: -1.8732600622911504 +/- 0.0
