CMS_AN23122_Background_rpf_1x0_par0: 0.06769099641282618 +/- 0.0
CMS_AN23122_Background_rpf_1x0_par1: -8.946685768644357 +/- 0.0
