CMS_AN23122_Background_rpf_1x0_par0: 0.0735775041234019 +/- 0.0
CMS_AN23122_Background_rpf_1x0_par1: -7.203416482962668 +/- 0.03775534246000381
