CMS_AN23122_Background_rpf_1x0_par0: 0.0014663101901862346 +/- 0.00025102708401797917
CMS_AN23122_Background_rpf_1x0_par1: 0.005592242560663195 +/- 0.009231634475167786
