CMS_AN23122_Background_rpf_1x0_par0: 0.001467744045194737 +/- 0.0002514909579128521
CMS_AN23122_Background_rpf_1x0_par1: 0.006300798681046517 +/- 0.008754861294449107
