CMS_AN23122_Background_rpf_1x0_par0: 0.0729893464142554 +/- 0.0
CMS_AN23122_Background_rpf_1x0_par1: -9.393139864847965 +/- 0.0
