CMS_AN23122_Background_rpf_1x0_par0: 0.0657346808381103 +/- 0.00018248082359216707
CMS_AN23122_Background_rpf_1x0_par1: -5.777754740246534 +/- 0.0
