CMS_AN23122_Background_rpf_1x0_par0: 0.01819278258473542 +/- 0.0
CMS_AN23122_Background_rpf_1x0_par1: -1.498984955550727 +/- 0.016415493987994256
