CMS_EXO26004_Background_rpf_2x0_par0: 0.0009390159894348904 +/- 0.00019751435747594488
CMS_EXO26004_Background_rpf_2x0_par1: 0.0010938880363183987 +/- 0.007500024618237414
CMS_EXO26004_Background_rpf_2x0_par2: 0.02331774508562225 +/- 0.0
