CMS_AN23122_Background_rpf_2x0_par0: 0.05317515019793768 +/- 0.019370357715673858
CMS_AN23122_Background_rpf_2x0_par1: 0.5014352849307371 +/- 1.6900765665654984
CMS_AN23122_Background_rpf_2x0_par2: -7.771382255379665e-05 +/- 20.0016917574926
CMS_AN23122_Background_rpf_2x0_par3: 0.014505756063637014 +/- 0.0
