CMS_AN23122_Background_rpf_2x0_par0: 0.07609871805186573 +/- 0.3027773142961442
CMS_AN23122_Background_rpf_2x0_par1: 0.5534861354775956 +/- 2.9269094027168445
CMS_AN23122_Background_rpf_2x0_par3: 0.01561933666627929 +/- 0.06304031140696459
