CMS_EXO26004_Background_rpf_2x0_par0: 0.1137428892832697 +/- 0.024606772376210763
CMS_EXO26004_Background_rpf_2x0_par1: 0.5093064426524236 +/- 0.9158674152746761
CMS_EXO26004_Background_rpf_2x0_par3: 0.007971219233394142 +/- 0.0
