CMS_EXO26004_Background_rpf_2x0_par0: 0.0008941916150346986 +/- 0.0001192450975736197
CMS_EXO26004_Background_rpf_2x0_par1: 6.312277032994272e-09 +/- 0.0
CMS_EXO26004_Background_rpf_2x0_par2: 0.12865412628561912 +/- 0.15616967719186112
